5413555452617,0.011657238,-0.048618317,-0.027488708,0.011657238,-0.048618317,-0.027488708
5413563356670,0.013150215,-0.060987473,-0.034767628,0.013150215,-0.060987473,-0.034767628
5413571230205,0.00999248,-0.053637505,-0.030439377,0.00999248,-0.053637505,-0.030439377
5413579134258,0.006109357,-0.027454376,-0.015627384,0.006109357,-0.027454376,-0.015627384
5413586977276,0.021040916,-0.08414841,-0.047636032,0.021040916,-0.08414841,-0.047636032
5413594881328,0.040715694,-0.15314293,-0.0864687,0.040715694,-0.15314293,-0.0864687
5413602785381,0.036628485,-0.12517262,-0.0632453,0.036628485,-0.12517262,-0.0632453
5413610689434,0.027008772,-0.109015465,-0.061854362,0.027008772,-0.109015465,-0.061854362
5413618593487,0.025424719,-0.106404305,-0.060708046,0.025424719,-0.106404305,-0.060708046
5413626467022,0.03304863,-0.13398361,-0.07660437,0.03304863,-0.13398361,-0.07660437
5413634371074,0.035616636,-0.117593765,-0.06695652,0.035616636,-0.117593765,-0.06695652
5413642275127,0.036180973,-0.15847492,-0.088823795,0.036180973,-0.15847492,-0.088823795
5413650179180,0.025819898,-0.11685181,-0.06611395,0.025819898,-0.11685181,-0.06611395
5413658052715,0.018839836,-0.08462429,-0.04825163,0.018839836,-0.08462429,-0.04825163
5413665956768,0.016063213,-0.07431221,-0.04233694,0.016063213,-0.07431221,-0.04233694
5413673891338,0.022328854,-0.09936714,-0.05698347,0.022328854,-0.09936714,-0.05698347
5413681764873,0.020047784,-0.084812164,-0.048772335,0.020047784,-0.084812164,-0.048772335
5413689638408,0.012041092,-0.049293518,-0.028178215,0.012041092,-0.049293518,-0.028178215
5413697542461,0.012359977,-0.052259445,-0.029818058,0.012359977,-0.052259445,-0.029818058
5413705446514,0.01528573,-0.06462097,-0.036837578,0.01528573,-0.06462097,-0.036837578
5413713320049,0.011983514,-0.052511215,-0.029808521,0.011983514,-0.052511215,-0.029808521
5413721224102,0.015090227,-0.06802273,-0.03852749,0.015090227,-0.06802273,-0.03852749
5413729097637,0.018215775,-0.07969189,-0.045381546,0.018215775,-0.07969189,-0.045381546
5413737001690,-0.0028514862,0.011369705,0.00686121,-0.0028514862,0.011369705,0.00686121
5413744875225,0.010030508,-0.0419178,-0.024272442,0.010030508,-0.0419178,-0.024272442
5413752779278,0.014468908,-0.06143284,-0.03501892,0.014468908,-0.06143284,-0.03501892
5413760652813,0.021857023,-0.0924921,-0.056595802,0.021857023,-0.0924921,-0.056595802
5413768556865,0.029528141,-0.1250143,-0.071045876,0.029528141,-0.1250143,-0.071045876
5413776430401,0.030291677,-0.12726307,-0.07157469,0.030291677,-0.12726307,-0.07157469
5413784303936,0.022131443,-0.09152222,-0.051370144,0.022131443,-0.09152222,-0.051370144
5413792207989,0.021681428,-0.09007263,-0.050557613,0.021681428,-0.09007263,-0.050557613
5413800081524,0.019250393,-0.081085205,-0.04548025,0.019250393,-0.081085205,-0.04548025
5413807985576,0.02115035,-0.08991909,-0.050836086,0.02115035,-0.08991909,-0.050836086
5413815859112,0.0264889,-0.11262703,-0.06371784,0.0264889,-0.11262703,-0.06371784
5413823793682,0.027304769,-0.11616516,-0.0654397,0.027304769,-0.11616516,-0.0654397
5413831667217,0.027023673,-0.11632824,-0.065591335,0.027023673,-0.11632824,-0.065591335
5413839571270,0.026847124,-0.1165638,-0.065919876,0.026847124,-0.1165638,-0.065919876
5413847444805,0.019437313,-0.10454464,-0.05173397,0.019437313,-0.10454464,-0.05173397
5413855379375,0.02432251,-0.10533333,-0.059886932,0.02432251,-0.10533333,-0.059886932
5413863252910,0.020048976,-0.08526039,-0.048745632,0.020048976,-0.08526039,-0.048745632
5413871156963,0.019346833,-0.08111763,-0.046449184,0.019346833,-0.08111763,-0.046449184
5413879061016,0.019911766,-0.083753586,-0.047944546,0.019911766,-0.083753586,-0.047944546
5413886934551,0.015272737,-0.08601189,-0.052909374,0.015272737,-0.08601189,-0.052909374
5413894838604,0.017434001,-0.07280254,-0.041804314,0.017434001,-0.07280254,-0.041804314
5413902712139,0.019560695,-0.08292389,-0.047577858,0.019560695,-0.08292389,-0.047577858
5413910616192,0.01603353,-0.067905426,-0.038968086,0.01603353,-0.067905426,-0.038968086
5413918489727,0.01425612,-0.05906105,-0.03386545,0.01425612,-0.05906105,-0.03386545
5413926363262,0.019463181,-0.058986664,-0.0290308,0.019463181,-0.058986664,-0.0290308
5413934267315,0.011340499,-0.04722786,-0.027477741,0.011340499,-0.04722786,-0.027477741
5413942171367,0.011060476,-0.04605007,-0.02564001,0.011060476,-0.04605007,-0.02564001
5413950075420,0.015394211,-0.06411934,-0.036706448,0.015394211,-0.06411934,-0.036706448
5413957979473,0.020648003,-0.064079285,-0.041368484,0.020648003,-0.064079285,-0.041368484
5413965853008,0.021213412,-0.087776184,-0.050381184,0.021213412,-0.087776184,-0.050381184
5413973726543,0.016750097,-0.06503868,-0.03700161,0.016750097,-0.06503868,-0.03700161
5413981600078,0.024056911,-0.101462364,-0.057741642,0.024056911,-0.101462364,-0.057741642
5413989504131,0.026181817,-0.13176537,-0.074531555,0.026181817,-0.13176537,-0.074531555
5413997438701,0.017166495,-0.07164478,-0.040979862,0.017166495,-0.07164478,-0.040979862
5414005312237,0.021457195,-0.095357895,-0.05391264,0.021457195,-0.095357895,-0.05391264
5414013185772,0.029350042,-0.12680435,-0.0717721,0.029350042,-0.12680435,-0.0717721
5414021120342,0.032935023,-0.13913536,-0.079059124,0.032935023,-0.13913536,-0.079059124
5414029024395,0.027826548,-0.118597984,-0.06705046,0.027826548,-0.118597984,-0.06705046
5414036897930,0.021409273,-0.09291935,-0.052597523,0.021409273,-0.09291935,-0.052597523
5414044863018,0.016430974,-0.0711689,-0.03988409,0.016430974,-0.0711689,-0.03988409
5414052767071,0.011967659,-0.05205536,-0.029342651,0.011967659,-0.05205536,-0.029342651
5414060671123,0.011933923,-0.05359745,-0.0299263,0.011933923,-0.05359745,-0.0299263
5414068575176,0.00679636,-0.02973938,-0.01653099,0.00679636,-0.02973938,-0.01653099
5414076479229,-0.0033525229,0.014105797,0.007753372,-0.0033525229,0.014105797,0.007753372
5414084383281,-0.003818512,0.016404152,0.008877754,-0.003818512,0.016404152,0.008877754
5414092256817,0.0063165426,-0.028802872,-0.015188694,0.0063165426,-0.028802872,-0.015188694
5414100130352,-8.2039833E-4,0.003950119,0.0020246506,-8.2039833E-4,0.003950119,0.0020246506
5414108034405,-0.0075024366,0.03763199,0.018717766,-0.0075024366,0.03763199,0.018717766
5414115938457,-0.010255218,0.053585052,0.025782585,-0.010255218,0.053585052,0.025782585
5414123811992,-0.037885904,0.18160343,0.0846138,-0.037885904,0.18160343,0.0846138
5414131716045,-0.03858924,0.16440105,0.07686615,-0.03858924,0.16440105,0.07686615
5414139620098,0.00489974,-0.029096603,-0.014144897,0.00489974,-0.029096603,-0.014144897
5414147524151,-0.013452053,0.094786644,0.04618883,-0.013452053,0.094786644,0.04618883
5414155397686,-0.059809566,0.4084711,0.19739723,-0.059809566,0.4084711,0.19739723
5414163301739,-0.06517184,0.4766121,0.22227621,-0.06517184,0.4766121,0.22227621
5414171175274,-0.07175338,0.555109,0.27568674,-0.07175338,0.555109,0.27568674
5414179109844,-0.1299721,0.7959156,0.36398315,-0.1299721,0.7959156,0.36398315
5414187013897,-0.20860434,1.1442356,0.528111,-0.20860434,1.1442356,0.528111
5414194917949,-0.16459858,0.9978409,0.5350642,-0.16459858,0.9978409,0.5350642
5414202791485,-0.08806324,0.8578901,0.49791813,-0.08806324,0.8578901,0.49791813
5414210695537,-0.121855974,0.9357996,0.558691,-0.121855974,0.9357996,0.558691
5414218569072,-0.14796162,0.7874479,0.47060394,-0.14796162,0.7874479,0.47060394
5414226442608,-0.18963635,0.8127632,0.49183702,-0.18963635,0.8127632,0.49183702
5414234346660,-0.08572662,0.3727312,0.20158815,-0.08572662,0.3727312,0.20158815
5414242220196,-0.13895607,0.46620178,0.28783035,-0.13895607,0.46620178,0.28783035
5414250093731,-0.18833733,0.69658184,0.42642546,-0.18833733,0.69658184,0.42642546
5414257997783,-0.15004027,0.73280907,0.40034533,-0.15004027,0.73280907,0.40034533
5414265901836,-0.09281272,1.0194407,0.46405697,-0.09281272,1.0194407,0.46405697
5414273836406,0.007716857,1.434514,0.5081935,0.007716857,1.434514,0.5081935
5414281709942,0.04215294,1.6937304,0.45677114,0.04215294,1.6937304,0.45677114
5414289613994,-0.0764049,1.5362539,0.17958522,-0.0764049,1.5362539,0.17958522
5414297487530,-0.2148161,1.4705601,0.07538757,-0.2148161,1.4705601,0.07538757
5414305391582,-0.15224099,1.1851377,-0.050484627,-0.15224099,1.1851377,-0.050484627
5414313295635,0.053807974,0.8847914,-0.14134264,0.053807974,0.8847914,-0.14134264
5414321199688,0.26851535,1.0052767,-0.28346157,0.26851535,1.0052767,-0.28346157
5414329073223,0.40305662,1.0874529,-0.38316607,0.40305662,1.0874529,-0.38316607
5414336977276,0.4610734,1.0506716,-0.47155595,0.4610734,1.0506716,-0.47155595
5414344850811,0.21143293,0.3702073,-0.21913147,0.21143293,0.3702073,-0.21913147
5414352754864,-0.053518772,-0.06786299,0.05886078,-0.053518772,-0.06786299,0.05886078
5414360628399,-0.27502346,-0.2845049,0.34534216,-0.27502346,-0.2845049,0.34534216
5414368532451,-0.41698742,-0.35508156,0.6223836,-0.41698742,-0.35508156,0.6223836
5414376405987,-0.23621845,-0.16250825,0.37385225,-0.23621845,-0.16250825,0.37385225
5414384340557,0.05823183,0.048172712,-0.09477043,0.05823183,0.048172712,-0.09477043
5414392244610,0.23494601,0.30294752,-0.48842335,0.23494601,0.30294752,-0.48842335
5414400118145,-0.017981768,-0.04053068,0.05336237,-0.017981768,-0.04053068,0.05336237
5414408052715,-0.004080355,-0.039738655,0.045880795,-0.004080355,-0.039738655,0.045880795
5414415926250,0.06708151,-0.49864197,0.62027645,0.06708151,-0.49864197,0.62027645
5414423830303,0.43185508,-1.007844,1.4538941,0.43185508,-1.007844,1.4538941
5414431703838,0.50138736,-1.141469,1.5649133,0.50138736,-1.141469,1.5649133
5414439607891,0.35193682,-1.1545682,1.1941805,0.35193682,-1.1545682,1.1941805
5414447481426,0.27185488,-0.8545804,0.6891656,0.27185488,-0.8545804,0.6891656
5414455354961,0.13716769,-0.28888035,0.21769094,0.13716769,-0.28888035,0.21769094
5414463259014,-0.18778753,0.29297543,-0.21739483,-0.18778753,0.29297543,-0.21739483
5414471132549,-0.08759165,0.14620829,-0.11115503,-0.08759165,0.14620829,-0.11115503
5414479036602,-0.22702742,0.60212946,-0.40595818,-0.22702742,0.60212946,-0.40595818
5414486940655,-0.3057115,1.3297539,-0.72549677,-0.3057115,1.3297539,-0.72549677
5414494844707,-0.079551935,1.3642321,-0.5397024,-0.079551935,1.3642321,-0.5397024
5414502748760,0.30526912,2.646367,-0.8010001,0.30526912,2.646367,-0.8010001
5414510652813,1.0017152,4.2936115,-1.1873016,1.0017152,4.2936115,-1.1873016
5414518526348,0.90266824,3.791895,-0.7152462,0.90266824,3.791895,-0.7152462
5414526430401,0.51721156,3.2545853,-0.52085626,0.51721156,3.2545853,-0.52085626
5414534334453,0.5746552,3.2812214,-0.42259872,0.5746552,3.2812214,-0.42259872
5414542238506,1.5656488,4.1821012,-0.60530317,1.5656488,4.1821012,-0.60530317
5414550173076,0.37872815,2.0023956,-0.3404013,0.37872815,2.0023956,-0.3404013
5414558046612,1.0478604,2.9007301,-0.53435683,1.0478604,2.9007301,-0.53435683
5414565950664,4.223968,3.206048,-0.67920196,4.223968,3.206048,-0.67920196
5414573824199,6.1497245,3.3054981,-0.6756978,6.1497245,3.3054981,-0.6756978
5414581697735,7.407584,3.536603,0.25472438,7.407584,3.536603,0.25472438
5414589571270,8.973942,3.7134943,0.49254858,8.973942,3.7134943,0.49254858
5414597475322,10.850106,4.471553,0.93114036,10.850106,4.471553,0.93114036
5414605348858,11.661442,5.0249386,1.2702432,11.661442,5.0249386,1.2702432
5414613222393,10.147407,4.620145,1.517448,10.147407,4.620145,1.517448
5414621126446,8.559735,4.5361347,1.1243799,8.559735,4.5361347,1.1243799
5414628999981,7.663846,4.908066,0.32184064,7.663846,4.908066,0.32184064
5414636904033,6.9148436,4.582323,0.28483814,6.9148436,4.582323,0.28483814
5414644808086,5.9925675,3.1212053,-3.1194763,5.9925675,3.1212053,-3.1194763
5414652712139,7.5345864,2.6386595,0.054583907,7.5345864,2.6386595,0.054583907
5414660616192,6.939471,4.085287,-5.2100086,6.939471,4.085287,-5.2100086
5414668489727,6.7684383,2.1349087,-4.9451723,6.7684383,2.1349087,-4.9451723
5414676424297,7.4731174,5.4726524,-5.263979,7.4731174,5.4726524,-5.263979
5414684297832,4.9523854,6.329319,-3.5363896,4.9523854,6.329319,-3.5363896
5414692201885,6.393185,7.588624,-2.7828522,6.393185,7.588624,-2.7828522
5414700105938,7.74389,7.713064,-2.301192,7.74389,7.713064,-2.301192
5414707979473,7.9729605,5.4269342,-3.5185874,7.9729605,5.4269342,-3.5185874
5414715883526,7.945018,4.986122,-4.600867,7.945018,4.986122,-4.600867
5414723818096,5.9871244,5.3664637,-5.2445054,5.9871244,5.3664637,-5.2445054
5414731691631,3.1856968,5.172262,-5.610234,3.1856968,5.172262,-5.610234
5414739626201,2.1046653,4.6705265,-5.8181763,2.1046653,4.6705265,-5.8181763
5414747530254,2.5718248,4.76943,-6.274117,2.5718248,4.76943,-6.274117
5414755403789,2.8080752,4.7947845,-6.3547654,2.8080752,4.7947845,-6.3547654
5414763307842,2.0752134,4.8152456,-7.2538276,2.0752134,4.8152456,-7.2538276
5414771211895,0.9150334,4.2180586,-7.4565763,0.9150334,4.2180586,-7.4565763
5414779115947,0.6851475,2.273384,-7.0409503,0.6851475,2.273384,-7.0409503
5414787020000,0.7219399,2.8814363,-7.828384,0.7219399,2.8814363,-7.828384
5414794893535,-0.34407878,2.198,-8.666686,-0.34407878,2.198,-8.666686
5414802828106,-1.1209228,0.74062634,-9.219077,-1.1209228,0.74062634,-9.219077
5414810671123,-1.1672509,0.10703659,-9.840659,-1.1672509,0.10703659,-9.840659
5414818605694,-0.93574035,-0.11791897,-10.103309,-0.93574035,-0.11791897,-10.103309
5414826479229,-0.5690539,-0.53320694,-11.059135,-0.5690539,-0.53320694,-11.059135
5414834383281,-0.31550324,-0.9080229,-11.210365,-0.31550324,-0.9080229,-11.210365
5414842256817,0.01645708,-1.2527261,-11.906129,0.01645708,-1.2527261,-11.906129
5414850160869,1.0537515,-1.2508273,-12.813001,1.0537515,-1.2508273,-12.813001
5414858064922,2.601928,-2.0582995,-12.590588,2.601928,-2.0582995,-12.590588
5414865968975,4.4671626,-2.12885,-12.013037,4.4671626,-2.12885,-12.013037
5414873842510,5.882225,-1.2044806,-11.782351,5.882225,-1.2044806,-11.782351
5414881777080,6.1277275,-0.722949,-11.358682,6.1277275,-0.722949,-11.358682
5414889650615,5.9813323,-0.6891308,-11.591384,5.9813323,-0.6891308,-11.591384
5414897524151,6.21309,-0.96441793,-11.954422,6.21309,-0.96441793,-11.954422
5414905428203,6.3673396,-1.5237112,-12.079367,6.3673396,-1.5237112,-12.079367
5414913362774,6.939083,-2.1230245,-12.4623575,6.939083,-2.1230245,-12.4623575
5414921236309,6.861236,-2.7549777,-11.594814,6.861236,-2.7549777,-11.594814
5414929140362,5.6694303,-2.705658,-10.9006195,5.6694303,-2.705658,-10.9006195
5414937044414,3.3962054,-3.0202725,-9.937111,3.3962054,-3.0202725,-9.937111
5414944978985,1.4338651,-4.3418927,-8.847028,1.4338651,-4.3418927,-8.847028
5414952852520,0.16500187,-4.0517716,-6.8301764,0.16500187,-4.0517716,-6.8301764
5414960756572,0.18188477,-1.383893,-8.3697195,0.18188477,-1.383893,-8.3697195
5414968660625,0.11093092,1.2366881,-10.49669,0.11093092,1.2366881,-10.49669
5414976534160,-4.6926103,1.5209522,-11.0703335,-4.6926103,1.5209522,-11.0703335
5414984407696,-7.670344,-0.086536884,-7.832478,-7.670344,-0.086536884,-7.832478
5414992311748,-6.944074,-2.3116488,-3.762211,-6.944074,-2.3116488,-3.762211
5415000215801,-1.9357438,-2.7442818,-0.4621377,-1.9357438,-2.7442818,-0.4621377
5415008089336,6.8228483,-1.836648,0.77531433,6.8228483,-1.836648,0.77531433
5415015962871,15.572672,-0.122080326,-0.93895125,15.572672,-0.122080326,-0.93895125
5415023866924,21.499231,1.9603972,-3.638349,21.499231,1.9603972,-3.638349
5415031740459,18.451088,2.297423,-7.587846,18.451088,2.297423,-7.587846
5415039644512,8.924418,0.26867056,-8.987402,8.924418,0.26867056,-8.987402
5415047548565,-0.7859869,-2.7030969,-8.206409,-0.7859869,-2.7030969,-8.206409
5415055452617,-5.0554185,-3.7384026,-6.8606195,-5.0554185,-3.7384026,-6.8606195
5415063387188,-0.9501176,-1.2418962,-6.1136684,-0.9501176,-1.2418962,-6.1136684
5415071260723,4.307669,0.9777026,-5.0631123,4.307669,0.9777026,-5.0631123
5415079164776,7.581967,1.869164,-4.204855,7.581967,1.869164,-4.204855
5415087038311,8.607401,1.5063782,-3.053834,8.607401,1.5063782,-3.053834
5415094942364,8.005687,1.0581765,-5.9600725,8.005687,1.0581765,-5.9600725
5415102876934,7.303586,2.1745658,-2.3087423,7.303586,2.1745658,-2.3087423
5415110750469,5.1969824,4.7977996,-0.1756711,5.1969824,4.7977996,-0.1756711
5415118654522,0.17434168,7.620505,0.42963183,0.17434168,7.620505,0.42963183
5415126558574,-3.2582006,7.9264565,0.5215461,-3.2582006,7.9264565,0.5215461
5415134462627,-2.2970595,5.0624733,3.6761727,-2.2970595,5.0624733,3.6761727
5415142366680,-0.6761422,3.6985655,5.0665517,-0.6761422,3.6985655,5.0665517
5415150240215,-0.43492794,3.8087397,5.857665,-0.43492794,3.8087397,5.857665
5415158144268,1.0552459,3.8798208,5.0630627,1.0552459,3.8798208,5.0630627
5415166017803,3.2238317,4.2390423,4.4290943,3.2238317,4.2390423,4.4290943
5415173921856,3.7850769,4.552457,4.9749727,3.7850769,4.552457,4.9749727
5415181795391,3.7117078,4.308935,4.409815,3.7117078,4.308935,4.409815
5415189699444,3.2492547,3.8246746,4.390412,3.2492547,3.8246746,4.390412
5415197572979,2.4076777,3.9510708,4.1856146,2.4076777,3.9510708,4.1856146
5415205446514,1.8947339,3.7279768,3.1807618,1.8947339,3.7279768,3.1807618
5415213350567,1.113188,2.9840899,3.1335206,1.113188,2.9840899,3.1335206
5415221285137,0.20298052,2.2602777,2.846896,0.20298052,2.2602777,2.846896
5415229158672,-0.059043884,1.8364859,2.2589452,-0.059043884,1.8364859,2.2589452
5415237062725,-0.5396013,0.92723465,2.5038543,-0.5396013,0.92723465,2.5038543
5415244936260,-0.9342327,0.7122116,2.2976878,-0.9342327,0.7122116,2.2976878
5415252840313,-0.69438934,0.7155571,2.6196976,-0.69438934,0.7155571,2.6196976
5415260713848,0.370399,0.36373806,2.0959516,0.370399,0.36373806,2.0959516
5415268617901,1.9778306,0.24882126,2.9145107,1.9778306,0.24882126,2.9145107
5415276491436,3.1556501,0.50392723,2.0389924,3.1556501,0.50392723,2.0389924
5415284395489,3.6531086,0.62403774,1.5683072,3.6531086,0.62403774,1.5683072
5415292299541,3.4699612,0.33691216,1.2850847,3.4699612,0.33691216,1.2850847
5415300203594,2.2478418,-0.4094286,0.9363389,2.2478418,-0.4094286,0.9363389
5415308138164,1.1629333,-0.97401094,0.94667506,1.1629333,-0.97401094,0.94667506
5415316042217,0.60685873,-1.2191558,1.6393185,0.60685873,-1.2191558,1.6393185
5415323915752,1.5743561,-1.0190773,1.0777125,1.5743561,-1.0190773,1.0777125
5415331819805,2.1754782,-0.78652287,0.96971273,2.1754782,-0.78652287,0.96971273
5415339754375,3.103067,-0.8249974,0.86053205,3.103067,-0.8249974,0.86053205
5415347627910,4.160674,-0.96312904,0.4315753,4.160674,-0.96312904,0.4315753
5415355531963,4.201722,-0.8818202,0.052970648,4.201722,-0.8818202,0.052970648
5415363436016,3.276731,-0.46875143,-0.3326943,3.276731,-0.46875143,-0.3326943
5415371340069,2.7190838,-0.459857,-0.11471605,2.7190838,-0.459857,-0.11471605
5415379274639,2.3282242,-0.26904964,-0.043865442,2.3282242,-0.26904964,-0.043865442
5415387178692,1.9534914,-0.11184597,0.04530883,1.9534914,-0.11184597,0.04530883
5415395082744,2.0323043,-0.5203166,0.37595177,2.0323043,-0.5203166,0.37595177
5415402956280,1.9565699,-0.85553837,0.84363294,1.9565699,-0.85553837,0.84363294
5415410860332,1.4416513,-1.0407782,0.9199865,1.4416513,-1.0407782,0.9199865
5415418794903,0.96522045,-0.82610464,0.7964773,0.96522045,-0.82610464,0.7964773
5415426668438,0.8224299,-0.8396802,0.36305594,0.8224299,-0.8396802,0.36305594
5415434603008,0.82845044,-0.8629823,0.65398407,0.82845044,-0.8629823,0.65398407
5415442446026,0.82157826,-0.94399405,0.5976784,0.82157826,-0.94399405,0.5976784
5415450380596,0.9645932,-0.8646903,0.4283545,0.9645932,-0.8646903,0.4283545
5415458254131,1.3650386,-0.24286556,0.43493104,1.3650386,-0.24286556,0.43493104
5415466127666,1.7901402,0.15636063,0.56432915,1.7901402,0.15636063,0.56432915
5415474001201,1.868312,0.23112202,0.8805716,1.868312,0.23112202,0.8805716
5415481905254,1.5324357,0.0022230148,1.3052785,1.5324357,0.0022230148,1.3052785
5415489809307,1.4626555,-0.1854248,1.5077775,1.4626555,-0.1854248,1.5077775
5415497713360,1.2856622,-0.14272499,1.9911649,1.2856622,-0.14272499,1.9911649
5415505586895,0.8949194,0.13533688,2.5981607,0.8949194,0.13533688,2.5981607
5415513490947,0.5644386,0.47969627,2.4501238,0.5644386,0.47969627,2.4501238
5415521364483,0.39467096,0.5451946,2.4744794,0.39467096,0.5451946,2.4744794
5415529268535,0.23101497,0.12779808,2.7357118,0.23101497,0.12779808,2.7357118
5415537172588,0.13638759,0.11450577,2.4858325,0.13638759,0.11450577,2.4858325
5415545168194,0.050211906,0.39758682,2.4398985,0.050211906,0.39758682,2.4398985
5415553072246,0.54842377,0.19876957,2.2069514,0.54842377,0.19876957,2.2069514
5415560945781,0.64339685,-0.048351288,1.983958,0.64339685,-0.048351288,1.983958
5415568849834,0.7740998,-0.11457443,0.8276901,0.7740998,-0.11457443,0.8276901
5415576723369,0.95121884,-0.34896564,0.085920095,0.95121884,-0.34896564,0.085920095
5415584657940,0.7263074,-0.928525,0.14883804,0.7263074,-0.928525,0.14883804
5415592531475,0.1521976,-1.5718088,0.6637478,0.1521976,-1.5718088,0.6637478
5415600435528,0.53667235,-1.3413644,1.2652931,0.53667235,-1.3413644,1.2652931
5415608339580,1.2256885,-0.2763338,2.0797083,1.2256885,-0.2763338,2.0797083
5415616213115,1.1382179,0.60480404,1.7623363,1.1382179,0.60480404,1.7623363
5415624086651,0.87950325,0.93535805,1.5990114,0.87950325,0.93535805,1.5990114
5415631990703,1.0736902,0.83153534,1.5725701,1.0736902,0.83153534,1.5725701
5415639864239,0.6608622,0.67636585,1.0899143,0.6608622,0.67636585,1.0899143
5415647737774,-0.22916174,0.46800995,0.98332524,-0.22916174,0.46800995,0.98332524
5415655611309,-0.20984864,0.11917782,1.0070379,-0.20984864,0.11917782,1.0070379
5415663545879,0.49162507,-0.24345398,0.9130008,0.49162507,-0.24345398,0.9130008
5415671419414,0.8974409,-0.14474106,1.3870463,0.8974409,-0.14474106,1.3870463
5415679323467,0.6525502,0.14683533,0.9902053,0.6525502,0.14683533,0.9902053
5415687227520,0.29396605,0.430192,0.25934768,0.29396605,0.430192,0.25934768
5415695131572,0.3008654,0.55276394,0.021619797,0.3008654,0.55276394,0.021619797
5415703096660,0.44555354,0.43372726,-0.2798152,0.44555354,0.43372726,-0.2798152
5415711000713,0.15248656,0.43627453,-0.24056602,0.15248656,0.43627453,-0.24056602
5415718874248,0.20979238,0.37166977,-0.035968542,0.20979238,0.37166977,-0.035968542
5415726778301,0.5501013,0.18420506,0.10296202,0.5501013,0.18420506,0.10296202
5415734712871,0.7441397,0.03461933,0.1818242,0.7441397,0.03461933,0.1818242
5415742586406,0.3310938,-4.386902E-4,0.29510784,0.3310938,-4.386902E-4,0.29510784
5415750490459,-0.12753415,0.030075073,0.38207054,-0.12753415,0.030075073,0.38207054
5415758394512,-0.23681498,0.040992737,0.41967988,-0.23681498,0.040992737,0.41967988
5415766268047,-0.14493823,0.28984928,0.51370406,-0.14493823,0.28984928,0.51370406
5415774141582,-0.020753145,0.38579273,0.48238993,-0.020753145,0.38579273,0.48238993
5415782045635,-0.16490865,0.16371918,0.37428975,-0.16490865,0.16371918,0.37428975
5415789949688,-0.07983041,-0.18998814,0.42687607,-0.07983041,-0.18998814,0.42687607
5415797792705,0.31513977,-0.42432404,0.49191117,0.31513977,-0.42432404,0.49191117
5415805696758,0.8173995,-0.43788147,-0.1615243,0.8173995,-0.43788147,-0.1615243
5415813600811,1.1367781,-0.26431656,-0.38971424,1.1367781,-0.26431656,-0.38971424
5415821474346,1.6456213,-0.22869968,-0.4415207,1.6456213,-0.22869968,-0.4415207
5415829378399,1.9112703,0.04483509,-0.26331735,1.9112703,0.04483509,-0.26331735
5415837282451,1.4220389,0.49008846,-0.18941903,1.4220389,0.49008846,-0.18941903
5415845186504,0.9820349,0.730072,0.020813942,0.9820349,0.730072,0.020813942
5415853060039,0.7706988,0.7742357,0.049113274,0.7706988,0.7742357,0.049113274
5415860994610,0.63006306,0.6633396,-0.018449783,0.63006306,0.6633396,-0.018449783
5415868898662,0.36100435,0.68336105,0.092704296,0.36100435,0.68336105,0.092704296
5415876772197,0.044388533,0.77434635,0.020755291,0.044388533,0.77434635,0.020755291
5415884676250,0.09591913,0.652421,-0.40400577,0.09591913,0.652421,-0.40400577
5415892580303,0.48643827,0.3670559,-0.54767346,0.48643827,0.3670559,-0.54767346
5415900453838,0.71040606,0.13379383,-0.3891275,0.71040606,0.13379383,-0.3891275
5415908357891,0.9120581,-0.05433178,-0.10547376,0.9120581,-0.05433178,-0.10547376
5415916261944,1.0322614,-0.21229744,-0.37936163,1.0322614,-0.21229744,-0.37936163
5415924135479,1.2837545,-0.21051216,-0.06250763,1.2837545,-0.21051216,-0.06250763
5415932039531,1.7007588,0.021777153,0.24569964,1.7007588,0.021777153,0.24569964
5415939913067,1.7226223,0.00821209,0.16860509,1.7226223,0.00821209,0.16860509
5415947817119,1.5882109,-0.11387539,0.019039154,1.5882109,-0.11387539,0.019039154
5415955690655,1.4649961,-0.14985561,-0.035210133,1.4649961,-0.14985561,-0.035210133
5415963594707,1.1469371,-0.2496481,-0.23877311,1.1469371,-0.2496481,-0.23877311
5415971529278,0.21824408,-0.35966015,-0.2533207,0.21824408,-0.35966015,-0.2533207
5415979402813,-0.6599672,-0.40705585,-0.038116932,-0.6599672,-0.40705585,-0.038116932
5415987306865,-0.6921251,-0.17753792,-0.46088266,-0.6921251,-0.17753792,-0.46088266
5415995149883,-0.37303305,-0.4858637,-0.3158219,-0.37303305,-0.4858637,-0.3158219
5416003053936,-0.4366734,-0.99625444,-0.04399395,-0.4366734,-0.99625444,-0.04399395
5416010988506,-0.066066265,-0.92483616,0.22729373,-0.066066265,-0.92483616,0.22729373
5416018862041,0.5847931,-0.61691475,0.35934734,0.5847931,-0.61691475,0.35934734
5416026766094,0.9495939,-0.4507637,0.22790408,0.9495939,-0.4507637,0.22790408
5416034670147,0.7090962,-0.47084522,0.22439003,0.7090962,-0.47084522,0.22439003
5416042574199,0.7279484,-0.35409927,0.5361295,0.7279484,-0.35409927,0.5361295
5416050478252,0.4588573,-0.36868382,0.2587912,0.4588573,-0.36868382,0.2587912
5416058351787,0.5485213,-0.31343365,0.38363194,0.5485213,-0.31343365,0.38363194
5416066255840,0.53485036,-0.08522892,0.5271685,0.53485036,-0.08522892,0.5271685
5416074129375,-0.16442943,0.017043114,0.4487393,-0.16442943,0.017043114,0.4487393
5416082033428,-0.7572253,-0.11228752,0.47508025,-0.7572253,-0.11228752,0.47508025
5416089937481,-0.89437604,-0.28931332,0.6171284,-0.89437604,-0.28931332,0.6171284
5416097811016,-1.0348103,-0.31328297,0.7811258,-1.0348103,-0.31328297,0.7811258
5416105715069,-1.037077,-0.25874424,0.5992439,-1.037077,-0.25874424,0.5992439
5416113619121,-0.5586424,-0.18290424,0.8707082,-0.5586424,-0.18290424,0.8707082
5416121523174,-0.057208776,-0.011209488,1.0024614,-0.057208776,-0.011209488,1.0024614
5416129427227,-0.22454572,-0.08771038,1.284482,-0.22454572,-0.08771038,1.284482
5416137300762,-0.24879456,-0.3052225,1.0836844,-0.24879456,-0.3052225,1.0836844
5416145235332,-0.068973064,-0.35192013,1.0595212,-0.068973064,-0.35192013,1.0595212
5416153108867,0.3408184,-0.11208534,0.9009514,0.3408184,-0.11208534,0.9009514
5416161012920,-0.15629888,0.060168266,0.5758686,-0.15629888,0.060168266,0.5758686
5416168916973,-0.6577823,0.14605904,0.5718069,-0.6577823,0.14605904,0.5718069
5416176790508,-0.63261104,0.20754528,0.61915755,-0.63261104,0.20754528,0.61915755
5416184694561,-0.4450488,0.18941784,0.72583485,-0.4450488,0.18941784,0.72583485
5416192598614,-0.15099382,0.12086582,1.0506735,-0.15099382,0.12086582,1.0506735
5416200502666,0.22300434,0.02444458,0.83268404,0.22300434,0.02444458,0.83268404
5416208406719,0.3346703,0.0012311935,0.8194928,0.3346703,0.0012311935,0.8194928
5416216341289,0.46173573,-0.012004852,0.5318661,0.46173573,-0.012004852,0.5318661
5416224214824,0.44245362,-0.15348434,0.37138748,0.44245362,-0.15348434,0.37138748
5416232088360,0.08673096,-0.29106903,0.20641804,0.08673096,-0.29106903,0.20641804
5416239992412,0.026016712,-0.3295393,-0.053370476,0.026016712,-0.3295393,-0.053370476
5416247865947,0.043996572,-0.3694687,-0.23136902,0.043996572,-0.3694687,-0.23136902
5416255739483,0.28562093,-0.35304356,-0.18542004,0.28562093,-0.35304356,-0.18542004
5416263613018,0.34401345,-0.31604004,-0.33230782,0.34401345,-0.31604004,-0.33230782
5416271517071,0.4661734,-0.287035,-0.5236232,0.4661734,-0.287035,-0.5236232
5416279421123,0.6286001,-0.17948914,-0.59457684,0.6286001,-0.17948914,-0.59457684
5416287294658,0.36017728,-0.02616024,-0.44339252,0.36017728,-0.02616024,-0.44339252
5416295168194,0.23820186,0.021481514,-0.55623984,0.23820186,0.021481514,-0.55623984
5416303102764,0.25315,-0.12508965,-0.60040617,0.25315,-0.12508965,-0.60040617
5416310976299,0.6261914,-0.14288616,-0.17420626,0.6261914,-0.14288616,-0.17420626
5416318849834,1.0336763,-0.23142624,-0.25311708,1.0336763,-0.23142624,-0.25311708
5416326753887,1.2020704,-0.07970047,-0.358963,1.2020704,-0.07970047,-0.358963
5416334627422,1.2859781,0.34220982,0.47644377,1.2859781,0.34220982,0.47644377
5416342561992,1.3524871,-0.07077694,-0.7240205,1.3524871,-0.07077694,-0.7240205
5416350466045,1.1830705,-0.14894867,-0.5390332,1.1830705,-0.14894867,-0.5390332
5416358339580,0.45863652,0.049717903,-0.47805905,0.45863652,0.049717903,-0.47805905
5416366243633,0.08773208,0.25910378,-0.62982607,0.08773208,0.25910378,-0.62982607
5416374117168,-0.32519865,0.30264664,-0.5673826,-0.32519865,0.30264664,-0.5673826
5416382051739,-0.4111557,0.24525166,-0.33336926,-0.4111557,0.24525166,-0.33336926
5416389955791,0.09706378,0.090530396,-0.04490328,0.09706378,0.090530396,-0.04490328
5416397859844,0.3051455,-0.03733921,-0.11956358,0.3051455,-0.03733921,-0.11956358
5416405733379,0.16188788,-0.054101944,-0.07609272,0.16188788,-0.054101944,-0.07609272
5416413637432,0.1362803,-0.12759781,-0.048246384,0.1362803,-0.12759781,-0.048246384
5416421510967,0.009996176,-0.29601955,0.20527554,0.009996176,-0.29601955,0.20527554
5416429384502,0.10108161,-0.29678917,0.42965412,0.10108161,-0.29678917,0.42965412
5416437288555,0.28307104,-0.20498848,0.43058062,0.28307104,-0.20498848,0.43058062
5416445192608,0.6944454,-0.20312977,0.43399668,0.6944454,-0.20312977,0.43399668
5416453066143,0.3258524,-0.3002472,0.26376677,0.3258524,-0.3002472,0.26376677
5416461000713,-0.13428211,-0.07959747,-0.019740582,-0.13428211,-0.07959747,-0.019740582
5416468874248,-0.38891125,0.104332924,-0.36497378,-0.38891125,0.104332924,-0.36497378
5416476747783,-0.26803875,0.043911934,-0.2935629,-0.26803875,0.043911934,-0.2935629
5416484651836,-0.20762348,0.015104294,-0.355201,-0.20762348,0.015104294,-0.355201
5416492525371,-0.19771147,-0.008018494,-0.32304096,-0.19771147,-0.008018494,-0.32304096
5416500429424,-0.24233174,-0.09451866,-0.2188983,-0.24233174,-0.09451866,-0.2188983
5416508333477,-0.3111143,-0.19427872,-0.17462063,-0.3111143,-0.19427872,-0.17462063
5416516268047,-0.48050213,-0.26438236,-0.1945157,-0.48050213,-0.26438236,-0.1945157
5416524202617,-0.5929694,-0.2569208,-0.015571117,-0.5929694,-0.2569208,-0.015571117
5416532076153,-0.32666588,-0.19912434,-0.022314072,-0.32666588,-0.19912434,-0.022314072
5416539980205,-0.13394976,-0.31846142,0.09186602,-0.13394976,-0.31846142,0.09186602
5416547884258,0.24269581,-0.19668293,-0.02502203,0.24269581,-0.19668293,-0.02502203
5416555757793,0.34744406,-0.12125015,-0.05243683,0.34744406,-0.12125015,-0.05243683
5416563631328,0.17580843,-0.017518044,-0.082900524,0.17580843,-0.017518044,-0.082900524
5416571535381,0.11784577,0.04242325,-0.14475918,0.11784577,0.04242325,-0.14475918
5416579408916,0.015674353,0.018201828,-0.0949316,0.015674353,0.018201828,-0.0949316
5416587282451,-0.29648232,0.05804348,-0.2254467,-0.29648232,0.05804348,-0.2254467
5416595186504,-0.37392688,0.042663574,-0.1113925,-0.37392688,0.042663574,-0.1113925
5416603060039,-0.24842763,0.039196968,-0.009544373,-0.24842763,0.039196968,-0.009544373
5416610933574,-0.07759762,0.21040916,-0.024913788,-0.07759762,0.21040916,-0.024913788
5416618837627,0.098176956,0.23822117,0.09577513,0.098176956,0.23822117,0.09577513
5416626711162,0.15255499,0.09653282,0.12973595,0.15255499,0.09653282,0.12973595
5416634615215,-0.100847006,-0.0253191,0.13425112,-0.100847006,-0.0253191,0.13425112
5416642488750,-0.12166238,0.015872002,0.16963482,-0.12166238,0.015872002,0.16963482
5416650362285,-0.04176569,0.02376461,0.16636372,-0.04176569,0.02376461,0.16636372
5416658266338,0.059479237,-0.028212547,0.15820599,0.059479237,-0.028212547,0.15820599
5416666170391,-0.08805561,-0.07056427,0.19558096,-0.08805561,-0.07056427,0.19558096
5416674074444,-0.31161976,-0.12013912,0.17594242,-0.31161976,-0.12013912,0.17594242
5416681947979,-0.23397946,-0.13649368,0.22844267,-0.23397946,-0.13649368,0.22844267
5416689852031,-0.07166481,-0.07958412,-0.019751549,-0.07166481,-0.07958412,-0.019751549
5416697725567,-0.024014473,-0.085193634,-0.0709095,-0.024014473,-0.085193634,-0.0709095
5416705629619,-0.11696911,-0.14841175,-0.21233892,-0.11696911,-0.14841175,-0.21233892
5416713503155,-0.3814273,-0.24963379,-0.29396772,-0.3814273,-0.24963379,-0.29396772
5416721376690,-0.45425248,-0.27119827,-0.14461422,-0.45425248,-0.27119827,-0.14461422
5416729280742,-0.50397444,-0.18214321,-0.049444675,-0.50397444,-0.18214321,-0.049444675
5416737154278,-0.344409,-0.11697483,-0.14441633,-0.344409,-0.11697483,-0.14441633
5416745027813,-0.10157752,-0.20464611,-0.027424335,-0.10157752,-0.20464611,-0.027424335
5416752931865,0.020035505,-0.3493681,-0.0854764,0.020035505,-0.3493681,-0.0854764
5416760835918,-0.12196326,-0.3923807,0.013510227,-0.12196326,-0.3923807,0.013510227
5416768770489,-0.26422858,-0.48206806,0.05155039,-0.26422858,-0.48206806,0.05155039
5416776674541,-0.4237001,-0.5468526,0.10565615,-0.4237001,-0.5468526,0.10565615
5416784548076,-0.38837504,-0.5611167,-0.14661503,-0.38837504,-0.5611167,-0.14661503
5416792452129,0.12770295,-0.34027767,0.08112717,0.12770295,-0.34027767,0.08112717
5416800356182,-0.92849374,-0.54825354,0.39907026,-0.92849374,-0.54825354,0.39907026
5416808229717,-0.22786593,-0.39204597,0.15204763,-0.22786593,-0.39204597,0.15204763
5416816133770,-0.05468011,-0.30796242,0.2739005,-0.05468011,-0.30796242,0.2739005
5416824037822,-0.5116787,-0.36971664,0.26248837,-0.5116787,-0.36971664,0.26248837
5416831941875,-0.43573713,-0.2718506,0.22572613,-0.43573713,-0.2718506,0.22572613
5416839845928,-0.090705395,-0.29442978,0.26612997,-0.090705395,-0.29442978,0.26612997
5416847749981,0.18818331,-0.24540424,0.47123098,0.18818331,-0.24540424,0.47123098
5416855654033,-0.082683325,-0.16751766,0.42049122,-0.082683325,-0.16751766,0.42049122
5416863558086,-0.087946415,-0.05935669,-0.006934166,-0.087946415,-0.05935669,-0.006934166
5416871462139,-0.0884459,-0.046653748,0.12766123,-0.0884459,-0.046653748,0.12766123
5416879366192,-0.22396326,-0.06930065,0.16957617,-0.22396326,-0.06930065,0.16957617
5416887239727,-0.8262317,0.02895832,0.29541302,-0.8262317,0.02895832,0.29541302
5416895113262,0.07774663,-0.074261665,0.44781733,0.07774663,-0.074261665,0.44781733
5416903017315,0.92139304,-0.14456654,0.68423414,0.92139304,-0.14456654,0.68423414
5416910890850,0.2959175,0.013680458,0.78025436,0.2959175,0.013680458,0.78025436
5416918794903,0.5915344,0.12614727,0.73279047,0.5915344,0.12614727,0.73279047
