46723161130220,-0.002542019,0.03463173,0.0027204156
46723169125825,1.193881E-4,-0.0015649796,-1.1014938E-4
46723176999361,0.008415222,-0.11574936,-0.008120716
46723184872896,0.011837065,-0.18501663,-0.011882603
46723192807466,0.013254762,-0.21069336,-0.014728904
46723200681001,0.003736943,-0.076437,-0.0059209466
46723208615572,-0.0012619793,0.037878036,0.002578795
46723216519624,5.553663E-4,-0.014143944,-9.383559E-4
46723224484712,0.0040973425,-0.10798454,-0.0074600577
46723232358247,0.002112925,-0.06804657,-0.005136788
46723240262300,-0.0021367967,0.0650816,0.00519222
46723248227388,-9.100139E-4,0.022679329,0.001879394
46723256100923,0.0036461651,-0.07894516,-0.006877184
46723264004976,0.0052378774,-0.103321075,-0.009024501
46723271878511,0.0041089356,-0.085178375,-0.0069396496
46723279721529,0.0012969673,-0.030807495,-0.0024973154
46723287625581,0.001455307,-0.028647423,-0.002360642
46723295499116,0.0024091601,-0.056627274,-0.0046174526
46723303372652,5.326271E-4,-0.018043518,-0.0014262795
46723311337740,-7.3727965E-4,0.024237633,0.0021256208
46723319211275,-6.006658E-4,0.05811405,0.0049989223
46723327145845,0.0018421113,0.13836288,0.01350826
46723334988863,0.0037567914,0.16070747,0.016726851
46723342953950,0.0030994564,0.1670599,0.01530087
46723350796968,0.0020180643,0.231184,0.022002459
46723358701021,0.0033583343,0.18737316,0.020665288
46723366635591,5.631E-4,0.049254417,0.005605221
46723374509126,0.0013565868,-0.078505516,-0.007709682
46723382413179,-0.0016317368,0.028761864,0.002338171
46723390286714,-0.012040317,0.16945457,0.010963261
46723398190767,-0.010216296,0.15330315,0.008337438
46723406064302,-0.0047985315,0.07603359,0.0013231039
46723413998872,-0.008966923,0.15376091,0.0020323694
46723421963960,-0.011685491,0.33919334,0.0036839172
46723429929048,-0.03344962,0.36713982,0.19471386
46723437833101,-0.0095075965,0.33840942,-0.00639908
46723445828706,-0.014290333,0.3819809,-0.010965526
46723453702241,-0.023306966,0.44624043,-0.019338638
46723461606294,-0.032461107,0.57626915,-0.025896907
46723469449312,0.06346965,0.73568344,-0.095920116
46723477383882,-0.06342304,0.7189245,-0.033670872
46723485257417,-0.049520373,0.6127672,-0.037632525
46723493161470,-0.050404668,0.8069849,-0.044192433
46723501096040,-0.057752967,0.9973326,-0.057195187
46723509061128,-0.03177321,0.9578438,-0.0465059
46723516934663,-0.034778982,0.89822197,-0.044895172
46723524930269,-0.03461343,0.46350288,-0.023535848
46723532803804,0.024867654,-0.21361923,0.016742468
46723540768892,0.11214781,-0.7597847,0.10269773
46723548642427,0.1716857,-0.9638195,0.34393907
46723556546480,0.16964847,-1.8742967,0.7681241
46723564420015,0.03313735,-0.8630581,0.427351
46723572324068,0.038167477,-0.30992794,0.1451602
46723580258638,0.07240301,-0.6583309,0.32461596
46723588223726,0.0190323,-0.37099552,0.18948746
46723596127779,1.2523378E-4,-0.45572853,0.1818366
46723604062349,-0.0024574026,-0.25809956,0.08555746
46723611966402,1.6760826E-4,0.0042266846,-0.0010871887
46723619900972,-0.016599953,-0.29857826,0.06002438
46723627774507,-0.038230926,-0.7636757,0.14940643
46723635648042,-0.05002126,-1.0400114,0.18014014
46723643521577,-0.052423,-0.8956013,0.1294862
46723651395113,-0.019398957,-0.503747,0.041141033
46723659238130,-9.690821E-4,-0.033486366,0.0015342832
46723667203218,0.004500158,0.5562649,-0.018257141
46723675137788,-0.043936625,1.7347927,-0.04319775
46723683072359,-0.11581066,3.2774925,-0.044402733
46723690945894,-0.16501647,4.5303783,0.07191399
46723698910982,-0.21203491,5.500846,0.35597897
46723706784517,-0.11717415,6.3396654,0.8249388
46723714688570,0.044292875,6.806038,0.6857251
46723722623140,0.4416384,7.1360636,0.77387714
46723730496675,0.55471456,6.832609,0.78312504
46723738370210,0.38800126,6.2803125,0.71774626
46723746335298,0.20245865,5.65823,0.9521737
46723754208833,-0.13507879,5.106393,0.92399323
46723762204439,-0.35804498,4.7130957,1.0077457
46723770077974,-0.58622587,4.3784266,1.1800671
46723778043062,-0.67973614,4.2289743,1.3707659
46723785886079,-0.7274579,4.0690117,1.5463123
46723793790132,-0.5729995,3.941018,1.6038203
46723801724702,-0.40446442,4.0132847,1.8573904
46723809598238,-0.41904134,4.0044775,1.9415336
46723817471773,-0.5221555,3.906951,1.8973455
46723825345308,-0.6023463,3.7665997,1.8590779
46723833218843,-0.7033069,3.4426746,1.6234283
46723841122896,-0.7165227,3.1415825,1.489655
46723849026949,-0.6187947,2.8223248,1.3136973
46723856961519,-0.46064353,2.5760574,1.0561092
46723864865572,-0.28035486,2.4764967,0.87205195
46723872708589,-0.1582501,2.5462027,0.6634333
46723880734712,0.023961157,2.9422026,0.43854582
46723888608247,0.1826739,3.665865,0.14222524
46723896573335,0.39507824,4.8992815,-0.19034356
46723904446870,0.20005643,5.8150616,-0.43494582
46723912289888,0.39590645,7.1303844,-1.0547357
46723920193941,-0.1412243,8.893978,-1.5948471
46723928067476,0.0723774,10.479952,-2.0353384
46723935941011,-0.3614999,9.1837845,-1.8285635
46723943845064,1.054311,5.5608463,-5.573704
46723951779634,4.2333126,10.357757,-18.161745
46723959714204,0.07447247,14.093497,-9.588684
46723967587740,-1.9790243,10.86159,-2.2516823
46723975552827,-1.8860579,6.5570855,-4.8596315
46723983517915,-2.4917817,4.6214666,-4.63543
46723991391450,-0.7549076,1.218853,-0.17021275
46723999326021,-1.1451623,1.9481688,-2.4326363
46724007199556,-0.22262514,1.5459695,-1.1996179
46724015103609,0.15926671,3.6216145,-2.4823117
46724022977144,0.55810314,4.601345,-3.0281081
46724030850679,0.3629315,2.9494762,-1.2079961
46724038724214,-0.041278645,1.5725737,-0.7607579
46724046597749,-0.01735419,0.23536873,-0.13020086
46724054532320,0.11540544,-0.75392294,0.59325075
46724062466890,0.25962287,-1.8792782,1.5378757
46724070340425,0.47571278,-2.8771853,2.4718614
46724078274995,0.740116,-2.7367053,2.9639063
46724086179048,0.6623235,-2.093669,2.6649117
46724094113618,0.17875075,-1.0663009,1.7049665
46724102017671,0.021250278,-0.38626814,0.5931058
46724109891206,-0.0069231987,0.084124565,-0.11912823
46724117734224,-0.013074279,0.09865618,-0.12293482
46724125638277,0.0023394823,-0.011546135,0.01306057
46724133511812,0.014841795,-0.05843973,0.06145382
46724141446382,0.05737257,-0.2552762,0.2503276
46724149319917,0.042938232,-0.26510572,0.24255276
46724157254488,0.01049,-0.10404396,0.08600712
46724165158540,0.10535228,0.5966587,0.4594741
46724173093111,-0.06620699,1.2199636,0.84094715
46724180997163,-0.080316305,1.7587814,1.1797209
46724188870699,0.012595594,2.1423626,1.4423237
46724196835786,-0.06996769,2.3873825,1.7079492
46724204739839,-0.07991791,2.582756,1.9049916
46724212613374,-0.040328383,2.7846103,2.1830096
46724220486909,0.079512775,3.051206,2.4255342
46724228360445,0.35278672,3.367909,2.7308407
46724236233980,0.60096306,3.6784902,3.0547996
46724244107515,0.79971313,4.0844536,3.259848
46724252042085,0.8907746,4.471858,3.620438
46724259946138,0.92574114,4.89933,3.8308244
46724267819673,0.93522894,5.295424,4.089424
46724275784761,1.0135634,5.4950676,4.2398014
46724283658296,1.2160617,5.6305504,4.48483
46724291623384,1.3160198,5.835315,4.663235
46724299466402,1.3746744,6.175763,4.790852
46724307370454,1.3965607,6.5074587,4.984908
46724315305025,1.7593373,6.693093,5.540537
46724323148042,2.0029416,6.6081066,5.4401884
46724331052095,2.8893719,6.503864,5.94239
46724338956148,3.0883024,6.4014072,6.287359
46724346799165,2.5145533,6.1569524,6.667482
46724354794771,1.6982268,5.6674485,6.7012644
46724362698824,1.1372566,5.145286,6.5949006
46724370633394,0.7864009,4.806434,6.584133
46724378598482,0.2922508,4.7735977,6.6149697
46724386502534,-0.23718378,4.7157288,6.2678137
46724394467622,0.32280004,4.899678,7.871717
46724402341157,-0.7514735,5.83644,8.400789
46724410214693,-0.9561643,6.604613,9.511
46724418118745,-1.7882029,7.79842,9.601989
46724425992281,-2.5550804,8.102025,10.563055
46724434018404,-3.3144598,8.386099,11.842867
46724441891939,-4.4516373,8.826363,13.373167
46724449826509,-5.425214,8.7341385,15.085493
46724457791597,-3.7770753,8.304033,16.13634
46724465665132,-1.9819645,6.970175,14.535261
46724473599702,1.922459,4.6191797,12.641594
46724481473238,5.9461074,5.72136,11.338026
46724489346773,6.788483,7.7473,8.468347
46724497220308,5.4662557,7.264914,8.548009
46724505124361,2.815814,5.529513,8.214189
46724512967378,-0.34703565,3.5828156,7.825986
46724520871431,-3.6671658,1.082294,7.2142653
46724528806001,-5.179016,-0.9321103,6.350726
46724536801607,-4.781537,-1.544455,5.4623785
46724544705659,-3.3888345,-0.8747039,5.22201
46724552640230,-1.6765958,0.5756874,5.2980766
46724560513765,-0.16007072,1.7850637,5.644488
46724568509370,1.0045253,2.32866,6.0636477
46724576413423,1.9382651,2.2515955,6.638692
46724584286958,2.5419433,1.9451342,7.0520477
46724592160493,2.6922784,1.7084026,6.8460464
46724600125581,1.9463149,1.3646793,6.748817
46724608060152,1.2055724,0.7775135,6.554056
46724616055757,0.5122655,0.1334095,6.17288
46724623959810,-0.17951497,-0.21329784,5.969801
46724631894380,-0.38458034,-0.1011982,5.9139986
46724639767915,0.019825548,0.395113,5.8810196
46724647763521,0.51328886,0.8945799,5.7534523
46724655637056,0.62452626,1.0503645,5.484997
46724663510591,0.48417148,0.83573437,5.2093835
46724671384126,0.2674768,0.5399227,4.90183
46724679257661,-0.004256338,0.36874008,4.4497337
46724687222749,-0.15722278,0.38419914,4.017831
46724695157320,-0.19361627,0.45689774,3.6612062
46724703030855,-0.19989055,0.51742077,3.2196476
46724711026460,-0.08088875,0.58446026,3.0177147
46724718899995,0.20452027,0.5479326,2.9936051
46724726865083,0.40354645,0.489007,2.8402638
46724734738618,0.23529592,0.36889935,2.9154625
46724742642671,0.44820204,0.21872997,3.0853298
46724750485689,0.6260091,0.19648552,3.2972221
46724758389741,0.5529833,0.24001026,3.4104447
46724766263277,0.55606985,0.21989822,3.5349126
46724774228365,0.58025753,0.116882324,3.6847267
46724782101900,0.43893123,0.005166054,3.6708033
46724790036470,0.3160295,-0.04107666,3.6439462
46724797910005,0.17410992,0.0021305084,3.5804577
46724805905611,-0.019512221,0.058189392,3.399126
46724813809663,-0.23556101,0.06494713,3.0695038
46724821683199,-0.34448463,0.051060677,2.7662504
46724829617769,-0.38208327,0.088315964,2.5061712
46724837521822,-0.30012292,0.09529972,2.3995721
46724845395357,-0.19756225,0.08625698,2.362343
46724853329927,0.012967765,0.0585804,2.470142
46724861203462,0.18224633,0.03373146,2.5742483
46724869138032,0.21689634,0.0069150925,2.4640129
46724877042085,0.18125015,-0.033943176,2.562689
46724884976656,0.17403235,-0.0840168,2.619136
46724892941743,0.19751301,-0.069117546,2.5734072
46724900815279,0.1465018,0.001162529,2.478094
46724908749849,0.13072848,0.004670143,2.3497295
46724916653902,0.040700406,0.012099266,2.1645572
46724924527437,0.01206848,-0.0014820099,1.9422631
46724932462007,0.035209402,-0.008281708,1.7658584
46724940335542,-0.021360628,-0.018763542,1.7505254
46724948270113,0.1182121,-0.08141613,1.6760952
46724956174165,0.31825215,-0.20867252,1.6697612
46724964108736,0.45807493,-0.23836899,1.5327717
46724972012788,0.59013677,-0.096754074,1.4897767
46724979886324,0.35843715,-0.04986477,1.4224005
46724987851411,0.09770897,-0.08835888,1.3799121
46724995755464,-0.15461467,-0.10709953,1.1791766
46725003659517,-0.38324645,-0.13262749,1.0233166
46725011563570,-0.49102762,-0.16031837,0.89756966
46725019437105,-0.42191786,-0.1711464,0.76267976
46725027280122,-0.18788783,-0.13646221,0.6677693
46725035184175,0.05951266,-0.05156803,0.5099225
46725043118745,0.06674217,-0.03621006,0.33392227
46725050961763,0.028004736,-0.0113687515,0.32735717
46725058896333,0.0014547259,0.046881676,0.26739538
46725066830904,-0.1869716,0.002105713,0.29408374
46725074673921,-0.23603505,-0.07623291,0.33443755
46725082669527,-0.19614977,-0.08516979,0.36647734
46725090512544,-0.19897212,-0.079764366,0.38513708
46725098416597,-0.16096038,-0.052814484,0.43058136
46725106381685,-0.12801833,-0.054634094,0.31193677
46725114255220,-0.20810397,-0.020524025,0.33194897
46725122159273,-0.023494855,0.023177147,0.41161066
46725130063325,0.1056573,0.042920113,0.34811503
46725137936861,-0.13080549,-0.042695045,0.39058506
46725145932466,-0.26376432,-0.12592411,0.4000188
46725153806001,-0.2696686,-0.10621166,0.44336045
46725161801607,-0.11047639,-0.09605217,0.5151851
46725169675142,0.0075521693,-0.124204636,0.5440488
46725177609712,0.093980014,-0.14514256,0.58683544
46725185574800,0.10112141,-0.13733101,0.5743257
46725193448335,0.03172142,-0.11992931,0.5379041
46725201321870,-0.011355519,-0.10733318,0.48988086
46725209225923,-0.044715777,-0.06603336,0.45930183
46725217099458,-0.047118455,-0.051109314,0.4366277
46725225095064,-0.018333077,-0.06736469,0.39337867
46725232968599,0.007643789,-0.13152409,0.41269654
46725240933687,0.07862798,-0.17416763,0.38218027
46725248868257,0.15640506,-0.123454094,0.4045611
46725256741792,0.13831994,-0.07754707,0.35066575
46725264676363,0.08196897,-0.02927494,0.3355525
46725272580415,0.01861088,-0.033703804,0.28744298
46725280453950,-0.051836282,-0.050157547,0.23059934
46725293332368,-0.14717035,-0.0644331,0.17008543
46725301297456,-0.18553878,-0.05944729,0.15577674
46725309170991,-0.17825492,-0.06886101,0.14202565
46725317075044,-0.15637407,-0.097447395,0.13580751
46725325040132,-0.06999926,-0.080581665,0.10856664
46725332944185,-0.010004684,-0.046979904,0.10319716
46725340878755,0.049543932,-0.02298069,0.100495994
46725348752290,0.041820794,-0.015746117,0.09062481
46725356717378,0.010304391,-0.025298119,0.06922054
46725364621431,-0.009504914,-0.025274277,0.14354336
46725372494966,-0.13171981,-0.06351185,0.16467607
46725380429536,-0.18460166,-0.070617676,0.12822968
46725388303072,-0.17060849,-0.07054138,0.15163785
46725396176607,-0.101656094,-0.06805897,0.18914896
46725404019624,-0.12138532,-0.058386803,0.20024782
46725411923677,-0.095765874,-0.053505898,0.14671546
46725419797212,-0.07511677,-0.058213234,0.15553284
46725427701265,-0.028220564,-0.06050682,0.12097925
46725435635835,-0.04350084,-0.06040287,0.05287409
46725443539888,-0.049302667,-0.060318947,0.0065558553
46725451413423,-0.07437721,-0.04826641,0.00814718
46725459409029,-0.061169177,-0.0074911118,0.021794498
46725467282564,-0.036004215,-0.014602661,0.064246535
46725475217134,-0.008570552,-0.03127575,0.09207147
46725483090669,-0.021691605,-0.040751457,0.13408083
46725490964204,-0.0037686974,-0.052607536,0.18068153
46725498898775,0.025899008,-0.054885864,0.18409145
46725506772310,0.029243484,-0.06913185,0.17788875
46725514645845,-0.0486518,-0.07857323,0.1811015
46725522549898,-0.047657818,-0.09520817,0.13172919
46725530484468,-0.09678909,-0.07831192,0.09186345
46725538449556,-0.15067208,-0.06859684,0.061541975
46725546323091,-0.12811054,-0.058904648,0.029117823
46725554288179,0.0067659914,0.027461052,-0.5620713
46725562222749,-0.092069075,-0.21173954,0.44577754
46725570096284,-0.016958296,0.027843475,-0.09972352
46725578030855,-0.14760202,-0.019796371,0.21566182
46725585904390,-0.1731766,-0.06265926,0.19353509
46725593808443,-0.13903569,-0.048048973,0.17601752
46725601712495,-0.1574667,-0.054989815,0.26870614
46725609586031,-0.18566959,-0.030820847,0.2897215
46725617581636,-0.103900954,-0.025815964,0.3611222
46725625485689,-0.053369343,-0.056768417,0.41155326
46725633420259,-0.015010089,-0.07814312,0.3613817
46725641354829,0.0063369423,-0.12106991,0.41891795
46725649228365,0.046530277,-0.14966011,0.4001273
46725657162935,0.23220512,-0.16154385,0.21910244
46725665036470,0.27639937,-0.1638422,0.07858586
46725672910005,0.6743047,0.07325077,-0.09282994
46725680814058,-0.31007788,-0.032042503,0.26549917
46725688718111,-0.06459011,-0.012851715,0.1641398
46725696591646,0.025049388,-0.07989979,0.10406554
46725704465181,0.06733897,-0.055986404,0.06828934
46725712399751,-0.00754866,0.0038366318,0.06851697
