53428776177386,0.01917476,0.049534798,-0.0015978967
53428784111956,0.01917476,0.049534798,-0.0015978967
53428791985492,0.01917476,0.049534798,-0.0015978967
53428799889544,0.01917476,0.049534798,-0.0015978967
53428807824115,0.01917476,0.049534798,-0.0015978967
53428815728167,0.01917476,0.049534798,-0.0015978967
53428823601703,0.01917476,0.049534798,-0.0015978967
53428831536273,0.01917476,0.049534798,-0.0015978967
53428839440326,0.03089267,0.21145499,0.013848438
53428847344378,0.05539375,0.20559604,0.01438107
53428855278949,0.077231675,0.19014971,0.019707393
53428863183001,0.12037488,0.1454086,0.03568636
53428871117572,0.16990969,0.12250541,0.0479369
53428879052142,0.2146508,0.118776985,0.05539375
53428886956195,0.24767399,0.14434333,0.07350325
53428894829730,0.28815404,0.1933455,0.07350325
53428902764300,0.32810146,0.22264028,0.054328486
53428910637835,0.35579833,0.23595607,0.050600063
53428918541888,0.38775626,0.2428803,0.050600063
53428926476458,0.4000068,0.25353295,0.053263225
53428934380511,0.41918156,0.24394555,0.046871636
53428942284564,0.4362258,0.21784659,0.047404267
53428950188617,0.45699844,0.1965413,0.050600063
53428958123187,0.47990164,0.16458336,0.04261058
53428966057757,0.50600064,0.1454086,0.039947417
53428973931292,0.5294364,0.17736652,0.036751624
53428981865863,0.55553544,0.2231729,0.017576864
53428989769915,0.5858955,0.22530343,-0.016511599
53428997704486,0.6061355,0.1933455,-0.046339005
53429005639056,0.6306366,0.12996227,-0.06391586
53429013482074,0.660464,0.058589544,-0.0793622
53429021416644,0.690824,0.00958738,-0.092145376
53429029351214,0.7126619,-0.0314253,-0.11345066
53429037285785,0.7590009,-0.11132014,-0.13369069
53429045189837,0.809601,-0.17470337,-0.13901702
53429053124408,0.85540736,-0.20719394,-0.12996227
53429061028460,0.8974853,-0.21252026,-0.14008227
53429068932513,0.96779275,-0.19760656,-0.1603223
53429076836566,1.0343717,-0.18375812,-0.16245283
53429084771136,1.1147993,-0.1736381,-0.14594123
53429092644671,1.2175972,-0.17789917,-0.12996227
53429100548724,1.3225259,-0.15020229,-0.10173275
53429108513812,1.4546186,-0.12783173,-0.080960095
53429116356830,1.6005598,-0.08628642,-0.049002163
53429124291400,1.7848506,-0.0974717,0.014913702
53429132164935,1.9489013,-0.120907515,0.06924219
53429140099505,2.1816616,-0.15499598,0.14221281
53429148003558,2.4080303,-0.13528858,0.23648871
53429155938128,2.62854,-0.18162759,0.34301516
53429163872699,2.8698225,-0.23009712,0.4016047
53429171746234,3.1143007,-0.23169503,0.5070659
53429179680804,3.3401368,-0.16884442,0.6034723
53429187584857,3.5579834,-0.11558119,0.680704
53429195519427,3.7321541,-0.101200126,0.8692558
53429203453997,3.7992656,-0.046339005,1.128115
53429211327533,3.7976677,0.11345066,1.2921658
53429219262103,3.7950046,0.29454562,1.4301175
53429227166156,3.6618466,0.42077947,1.4839134
53429235070208,3.5920718,0.82398206,1.5169365
53429243004779,3.43388,1.015197,1.4658039
53429250908831,3.2336102,1.1307782,1.2916331
53429258812884,3.0391996,1.1872373,1.0530139
53429266716937,2.8916605,1.0807108,0.79735047
53429274651507,2.438923,1.0711234,0.40586576
53429282555560,1.8833876,0.67058396,0.10439592
53429290490130,1.29909,-0.054328486,-0.011717909
53429298394183,0.763262,-0.958738,-0.08948222
53429306328753,0.32597092,-1.9451729,-0.14114754
53429314232806,-0.035153728,-2.8362665,-0.1257012
53429322167376,-0.35260254,-3.5244274,-0.077231675
53429330071429,-0.69348717,-3.9798281,0.0053263223
53429338005999,-1.0551444,-4.230165,0.09374327
53429345940570,-1.3960291,-4.270645,0.14753912
53429353844622,-1.7172064,-4.0954094,0.20293288
53429361748675,-2.0240026,-3.784352,0.26525086
53429369652728,-2.3148196,-3.4008567,0.3222425
53429377587298,-2.599778,-2.9555762,0.37337518
53429385491351,-2.8671594,-2.4431841,0.40373522
53429393395404,-3.0700922,-1.8801918,0.40213734
53429401329974,-3.2117724,-1.3198626,0.42983422
53429409203509,-3.3300166,-0.82398206,0.5203817
53429417138080,-3.4067156,-0.34408042,0.57790595
53429425072650,-3.4349453,0.05912218,0.5305017
53429432946185,-3.4083135,0.35473305,0.44581318
53429440880755,-3.3459957,0.5022722,0.40959418
53429448754290,-3.2346754,0.49481535,0.40746364
53429456688861,-3.0967238,0.33289513,0.4293016
53429464592914,-2.9720879,0.19547603,0.4495416
53429472496966,-2.7888622,0.025566347,0.49215218
53429480431537,-2.5539715,-0.1107875,0.47723848
53429488305072,-2.2471755,-0.09853696,0.4101268
53429496178607,-0.19760656,0.48363006,-1.613343
53429504052142,-0.74089146,-2.5507758,-0.90707266
53429511986712,-0.48469532,-0.42077947,0.06018744
53429519921283,-0.54275227,3.03121,0.80107886
53429527794818,-0.04527374,2.4261398,-0.027164243
53429535729388,0.3121225,3.170227,-0.7765778
53429543633441,0.5683186,4.9231195,-0.42024684
53429551568011,0.8266452,6.0602894,-0.33768883
53429559502581,1.1030813,5.947904,-0.39574575
53429567376117,1.3688648,5.8797274,-0.30200246
53429575280169,1.5723304,5.785984,-0.08522116
53429583184222,1.6831179,5.3987603,0.041545313
53429591088275,1.6660736,5.0392337,0.0958738
53429599022845,1.4668691,4.916728,0.07190535
53429606896380,1.1899004,4.840562,-0.032490566
53429614830951,0.95660746,4.798484,-0.23861924
53429622735003,0.79202414,4.8192563,-0.52464277
53429630639056,0.6530071,4.5976815,-0.48363006
53429638573626,0.89588743,3.9318912,-0.29188246
53429646477679,1.6969663,3.3651705,-0.7105314
53429654412249,3.2549155,1.3752564,-1.8828549
53429662346820,3.0450585,-0.18429075,-2.2540996
53429670281390,3.2581112,0.9736517,0.036751624
53429678185443,3.0131006,2.359028,0.14168017
53429686120013,2.7084348,2.1283984,-0.043675844
53429693993548,2.5337315,0.9443569,0.2396845
53429701867083,2.2983081,1.5723304,0.22903186
53429709771136,2.1225395,1.9499665,0.0063915867
53429717705706,2.1523669,1.3784522,-0.0628506
53429725579242,2.0815268,0.7914915,0.4607269
53429733513812,2.137453,-0.06870956,0.5901565
53429741448382,2.1683457,-0.82078624,0.3797668
53429749382953,2.0996363,-0.99548966,0.15499598
53429757287005,1.9259981,-0.96299905,-0.03568636
53429765221576,1.8136127,-0.72970617,-0.5182512
53429773156146,1.7592843,-0.48469532,-1.0221212
53429781029681,1.6527578,-0.32011196,-1.2287825
53429788933734,1.5520903,-0.03781689,-1.5084145
53429796898822,1.5275892,0.17204021,-1.7939054
53429804772357,1.4860439,0.24820662,-2.001632
53429812706927,1.4514228,0.386691,-2.1513016
53429820610980,1.4807175,0.5411543,-2.2503712
53429828515033,1.6468989,0.61412495,-2.214152
53429836419085,1.9132149,0.60933125,-2.098571
53429844353656,2.21575,0.64821345,-2.0133498
53429852257708,2.3643544,0.6993461,-1.7081516
53429860161761,2.485262,0.6924219,-1.154214
53429868065814,2.572081,0.5752428,-0.48149952
53429876000384,2.5790052,0.23382555,0.03781689
53429883873919,2.0271983,0.26684874,0.49215218
53429891808490,2.2471755,0.118776985,1.2948289
53429899712542,2.9055088,-0.20293288,1.9771309
53429907616595,3.290602,0.13315806,2.1209416
53429915551165,3.2288165,-0.60773337,2.2929816
53429923424701,2.2104237,-0.14594123,1.7385116
53429931298236,0.9214538,0.6562029,2.680738
53429939232806,-0.19813919,1.2090752,3.4866107
53429947136859,-1.0120013,0.9683254,3.597398
53429955071429,-1.4812502,-0.47670585,3.0839405
53429962944964,-1.8961707,-2.1150825,2.5790052
53429970818499,-2.2301311,-3.5968654,2.3734093
53429978753070,-2.5811357,-4.7074037,2.5395904
53429986657122,-2.8043087,-5.498895,2.6802053
53429994591693,-2.9917953,-5.882923,2.7478497
53430002434710,-3.2261534,-6.2429824,2.871953
53430010338763,-3.4466631,-6.59665,3.0258837
53430018242816,-3.6645098,-6.620086,3.1728902
53430026146869,-3.8136468,-6.320214,3.178749
53430034081439,-4.024569,-5.6677394,3.0972564
53430041954974,-4.2504053,-4.742025,2.983273
53430049889544,-4.4879594,-3.4296188,2.8746161
53430057824115,-4.6743803,-1.9185413,2.7292075
53430065758685,-4.795288,-0.56672066,2.5204158
53430073662738,-4.915663,0.53529537,2.2088258
53430081566790,-4.958806,1.212271,1.8594191
53430089470843,-4.8655953,1.6106799,1.4759239
53430097374896,-4.6781087,1.4301175,1.2926984
53430105309466,-4.354801,0.8836369,1.257012
53430113244037,-3.8685079,0.1304949,1.3374395
53430121117572,-2.3446472,-1.4269217,0.72970617
53430129021624,-2.2482407,-3.7566552,-0.046339005
53430136925677,-1.6836505,-5.7492323,0.09853696
53430144860247,-0.80107886,-5.560148,0.74728304
53430152825335,-0.61891866,-5.477057,0.73290193
53430160698871,-0.43036684,-4.6930227,0.73609775
53430168572406,-0.33449304,-2.829875,1.0636666
53430176476458,-0.35952675,-0.2082592,1.135572
53430184380511,-0.36751625,2.530003,0.65673554
53430192345599,-0.37603834,4.573713,-0.14434333
53430200219134,-0.4958806,6.399576,-0.6530071
53430208123187,-0.64768076,7.7460704,-0.86020106
53430216027240,-0.6514092,8.604141,-0.9006811
53430223931292,-0.46179214,8.67072,-0.85594
53430231865863,-0.23542345,7.90586,-0.67218184
53430239739398,0.0053263223,6.9306107,-0.41918156
53430247643451,0.26312032,5.8376493,-0.22210763
53430255547503,0.61199445,4.7308393,-0.024501082
53430263451556,1.0482203,4.0442767,0.21252026
53430271386126,1.4210628,3.9207058,0.3834952
53430279259662,1.6634104,3.9446743,0.61678815
53430287163714,1.9126823,4.1816955,0.8271778
53430295037249,2.0367856,4.705273,0.8447547
53430302941302,2.2173479,5.090899,0.6892261
53430310906390,2.5571673,4.985438,0.34141725
53430318779925,2.8309402,4.746286,-0.118776985
53430326714496,3.4248252,3.820571,-0.36591834
53430334618548,4.6829023,1.8924423,-0.80800307
53430342553119,4.650412,0.08894958,-1.2660668
53430350518206,4.5566688,0.58269966,-0.25566345
53430358391742,3.9388154,1.9627497,0.18695392
53430366295794,3.9356196,1.4823155,-0.56885123
53430374199847,4.0251017,0.4362258,-1.0562097
53430382103900,4.252003,0.6492787,-2.518818
53430390038470,4.910869,0.57364494,-2.7931235
53430397912005,4.5103297,1.1062771,-0.20772657
53430405846576,3.4035199,0.85594,0.93636745
53430413750628,2.5438516,-0.28708878,1.158475
53430421685199,2.3584955,-1.8492991,1.0530139
53430429619769,1.9275961,-1.8546255,0.43249738
53430437493304,1.433846,-1.6804547,-0.1933455
53430445427874,1.2873721,-1.8034927,-0.8181231
53430453331927,1.1291803,-1.7326527,-1.3725933
53430461266497,1.0189254,-1.3198626,-1.6181368
53430469170550,1.3070794,-1.2575446,-1.6740631
53430477044085,2.0634172,-1.675661,-1.7550232
53430484948138,2.2684808,-1.0615361,-1.7736653
53430492821673,2.1901836,-0.19600865,-1.8466359
53430500756244,2.16515,0.48363006,-1.1004182
53430508690814,2.1704764,0.8266452,-0.26045716
53430516594867,2.3270702,0.47137952,0.5123922
53430524468402,2.7670245,-0.7041398,1.3923006
53430532372455,2.7803402,-1.2548815,2.1124194
53430540276507,3.6011264,-1.7491642,2.8703551
53430548211078,3.7491982,-0.99069595,3.1089742
53430556084613,3.7960699,-0.30786142,2.6051042
53430563988665,3.186206,1.2128036,1.7411747
53430571892718,2.1177456,2.6652918,1.9499665
53430579796771,1.3022858,3.6384108,1.4897723
53430587731341,0.8319715,3.5356128,1.1020161
53430595604876,0.49694586,2.7020433,0.5230448
53430603539447,0.05006743,1.5451661,-0.030360037
53430611412982,-0.31957933,0.2657835,-0.29880667
53430619317035,-0.7824367,-0.65673554,-0.5091964
53430627221087,-1.226652,-1.6415725,-0.7174556
53430635094622,-1.6623452,-2.9838057,-0.7952199
53430643029193,-2.183792,-4.5295043,-0.5816344
53430650933246,-2.7728834,-6.0847907,-0.06977482
53430658867816,-3.3428,-7.3886743,0.4990764
53430666771869,-3.7199035,-8.114652,0.9353022
53430674645404,-4.156662,-8.679242,1.4567492
53430682549456,-4.389955,-8.798552,1.9185413
53430690514544,-4.5135255,-8.411328,2.3228092
53430698388080,-4.8032775,-7.055779,2.6008432
53430706322650,-5.268798,-4.8714542,2.641856
53430714196185,-5.721535,-2.0857878,2.6003106
53430722069720,-6.115683,0.8644621,2.3339944
53430729973773,-6.4496436,3.1345406,1.8040254
53430737877826,-6.587063,4.4783716,1.1941614
53430745812396,-6.483732,4.8107343,0.59761333
53430753685931,-6.3207464,4.293016,-0.050600063
53430761589984,-6.0544305,3.2501218,-0.47670585
53430769524554,-5.4142065,1.4040185,-0.64182186
53430777428607,-4.664793,-0.58483016,-0.7419567
53430785363177,-3.9835565,-2.2855248,-0.69029135
53430793236712,-3.5766253,-3.629356,-0.5747102
53430801171283,-3.222425,-4.3473444,-0.34621096
53430809075335,-2.363289,-4.3814325,-0.1587244
53430817009906,-1.707619,-4.663195,-0.015446335
53430824913958,-1.510545,-4.417119,-0.3153183
53430832818011,-2.1321268,-3.5617118,-0.22903186
53430840722064,-1.834918,-0.8926916,1.2197278
53430848656634,-1.5025555,-0.01438107,1.613343
53430856591205,-1.3550164,1.7518274,0.9347696
53430864556292,-1.045557,3.2176313,0.18801917
53430872460345,-0.81226414,4.141216,-0.084155895
53430880394915,-0.4708469,4.404336,-0.024501082
53430888298968,-0.087884314,3.9382827,0.14487597
53430896233539,0.28549087,3.3811493,0.08042747
53430904168109,0.8809737,2.4655545,0.16138756
53430912041644,1.3102753,1.6772588,0.33981937
53430919945697,1.6431705,1.2490226,0.53476274
53430927849749,1.830657,1.5483619,0.69668293
53430935753802,1.8343854,2.1459754,0.71798825
53430943688372,2.1406488,2.218946,0.79415464
53430951561908,3.0221553,2.880475,0.6263755
53430959465960,4.523113,3.4344127,-0.4111921
53430967370013,6.148174,2.7414582,-2.5806031
53430975274066,6.119944,2.159291,-4.3952813
53430983208636,3.9340217,3.4360106,-6.078399
53430991082171,1.645301,3.459979,-6.806507
53430998986224,1.2873721,9.218266,-4.7409596
53431006890277,1.9835224,5.806224,-0.16884442
53431014794330,3.4168358,1.5723304,1.320928
53431022728900,3.209109,-0.41864893,1.2511531
53431030632953,3.0477216,-1.9851203,1.1126688
53431038537005,2.5885925,-2.5379925,0.6940198
53431046441058,2.0064256,-1.567004,-0.34940675
53431054345111,1.3933659,-0.30679616,-1.0221212
53431062279681,1.5744609,0.042077947,-1.0956244
53431070153216,1.8844528,0.4511395,-1.6634104
53431078087787,2.4900556,0.6791061,-2.538525
53431085961322,2.7276096,0.5640575,-3.0194921
53431093865374,2.7425234,1.0221212,-2.9507825
53431101799945,2.860235,1.6271914,-2.1459754
53431109673480,3.097789,1.6170714,-1.2618058
53431117547015,3.3214946,1.2090752,-0.60507023
53431125451068,3.3156357,0.78776306,-0.056459017
53431133385638,3.2043154,0.5091964,0.50600064
53431141320208,3.4796863,0.47510794,1.0386329
53431149193744,4.0171123,0.9576728,1.2293152
53431157097796,4.543353,0.56618804,0.9267801
53431165001849,3.93775,0.87564737,-0.024501082
53431172905902,3.3710294,0.9518138,0.79415464
53431180840472,2.0964406,2.0815268,1.5121429
53431188714007,1.5030881,1.7896442,1.448227
53431196587542,1.27885,0.3920173,1.2181299
53431204491595,0.98750013,-0.7355651,1.1142666
53431212395648,0.4958806,-1.2942963,1.128115
53431220330218,-0.24234766,-1.5643408,1.2479573
53431228203753,-1.1387677,-1.6255935,1.3331785
53431236138324,-2.0309267,-1.768339,1.3619406
53431244072894,-2.8549087,-2.13479,1.3954965
53431252007464,-3.409379,-2.6652918,1.5190672
53431259880999,-4.0575924,-3.7774277,1.875398
53431267754535,-4.630172,-5.0062103,2.3542345
53431275689105,-5.022189,-6.1646852,2.8751488
53431283562640,-5.283712,-7.166567,3.3507893
53431291466693,-5.452556,-7.773235,3.7619815
53431299431781,-5.53831,-7.8371506,4.0687776
53431307335833,-5.6608152,-7.1745563,4.347877
53431315239886,-5.9926453,-5.724731,4.4352283
53431323143939,-6.451774,-3.9398806,4.334561
53431331047992,-6.8395305,-2.1124194,4.149738
53431338982562,-6.902381,-0.47670585,3.8812912
53431346856097,-6.868293,0.6578008,3.701794
53431354729632,-6.7420588,1.1845741,3.645335
53431362633685,-6.5337996,1.417867,3.4115095
53431370537738,-6.1401844,1.0434265,3.0365362
53431378502826,-5.762548,0.47191215,2.5811357
53431386376361,-5.313539,-0.46232477,2.1241374
53431394249896,-4.615791,-1.3608754,1.5195998
53431402184466,-2.5150893,-1.6570189,-0.3685815
53431410119037,-2.6088326,-4.388357,-3.3348105
53431418023089,-2.4985778,-5.015265,-1.540905
53431425896624,-1.7209347,-0.12357068,0.14594123
53431433831195,-2.475142,1.4008228,1.1190603
53431441735247,-2.684999,4.6876965,2.14491
53431449639300,-2.670618,8.979647,2.549178
53431457543353,-2.3212113,11.767977,2.2983081
53431465447406,-1.9201392,12.977584,1.639442
53431473320941,-1.470065,13.420734,0.2743056
53431481255511,-1.1163971,13.06973,-0.38935417
53431489159564,-0.89109373,12.512596,-0.55553544
53431497094134,-0.4250405,11.132546,-0.22104238
53431504967669,-0.2231729,9.052617,0.5225122
53431512841205,-0.072970614,7.1868067,1.3438311
53431520745257,0.113983296,5.2288504,1.7869811
53431528649310,0.42344263,3.8605185,1.824798
53431536583880,0.7339672,3.2043154,1.820537
53431544457415,0.9369001,3.6037896,1.7379789
53431552391986,1.284709,3.4983284,2.1124194
53431560296039,2.437325,2.6429212,3.603257
53431568230609,5.352954,3.2197618,4.6173887
53431576165179,11.02602,5.0648,5.58891
53431584069232,16.005066,5.934056,5.9590893
53431592003802,5.882923,3.496198,-0.664725
53431599907855,3.5276232,-0.91985583,-6.4922543
53431607811908,1.5861788,1.5068166,-5.148423
53431615746478,-0.7440872,8.393751,-1.2958943
53431623650531,1.8727349,15.040469,2.8868666
53431631524066,2.988067,5.1926317,5.3790526
53431639428119,2.412824,2.9843383,5.15588
53431647332171,2.4975126,-1.5968314,3.1425302
53431655266742,3.0999196,-5.0301785,1.7305222
53431663140277,2.9278793,-4.078365,1.6138756
53431671013812,2.5944517,-2.906574,1.5398397
53431678948382,2.3515713,-1.7848506,1.1920309
53431686882953,2.12467,-1.0199907,0.7866978
53431694817523,2.0655477,-0.5944176,0.20932446
53431702691058,2.0112193,-0.22050974,-0.048469532
53431710625628,1.9600866,0.03888215,-0.075101145
53431718560199,2.0325246,0.041012682,0.043675844
53431726494769,2.1150825,0.050600063,0.12250541
53431734429339,2.1230721,0.123038046,0.03195793
53431742363910,2.0490363,0.20026971,0.025033714
53431750237445,2.0335898,0.22690132,0.28016454
53431758141497,2.0431771,0.35633096,0.5086638
53431766045550,2.2892532,0.4575311,0.7041398
53431773980121,2.5539715,0.8202536,0.90174633
53431781853656,2.7979171,1.23837,1.0769824
53431789757708,3.0423954,1.635181,1.1893678
53431797661761,3.2250881,1.995773,1.2410331
53431805565814,3.4466631,2.0746026,1.3779196
53431813500384,3.764112,1.8141453,1.5462314
53431821373919,3.9952743,1.3347764,1.7054884
53431829247455,4.19874,0.8857674,2.1230721
53431837182025,4.3814325,0.3637878,2.4980452
53431845116595,4.4831653,0.03195793,2.718555
53431853081683,4.5566688,-0.32969934,2.8810077
53431860985736,4.5673213,-0.5368933,2.9427931
53431868859271,4.52258,-0.61412495,2.979012
53431876732806,4.453338,-0.6221144,2.9742184
53431884667376,4.3398876,-0.598146,2.958772
53431892601947,4.167847,-0.70840085,2.9129655
53431900475482,3.8988678,-0.88203895,2.8032434
53431908349017,3.6229644,-1.0130665,2.5656893
53431916253070,3.289004,-1.0088054,2.1683457
53431924157122,2.8320055,-0.7126619,1.75236
53431932122210,2.326005,-0.11504856,1.3273195
53431939995746,1.8935076,0.6199839,0.8111989
53431947869281,1.4663365,1.1787151,0.28229508
53431955773333,0.8990832,1.593103,-0.18588865
53431963677386,0.29987195,1.8375812,-0.65247446
53431971611956,-0.36432046,1.8727349,-1.1222562
53431979516009,-1.0807108,1.9313245,-1.6431705
53431987450580,-1.7917749,1.9627497,-2.2024343
53431995354632,-2.4431841,1.8700718,-2.663161
53432003258685,-3.0115025,1.5899072,-2.9667616
53432011193255,-3.5036547,1.0695255,-3.184608
53432019097308,-3.956925,0.37390783,-3.3641052
53432027001361,-4.354801,-0.28815404,-3.510579
53432034905414,-4.72285,-0.773382,-3.6320193
53432042839984,-5.064267,-1.1579424,-3.755057
53432050774554,-5.38651,-1.5030881,-3.8780951
53432058648089,-5.668272,-1.8338528,-3.9505332
53432066521624,-5.943643,-2.1747375,-3.9446743
53432074456195,-6.208894,-2.6594326,-3.8839543
53432082360247,-6.367618,-3.1691618,-3.7502635
53432090294818,-6.5583005,-3.4887412,-3.4914043
53432098168353,-6.703709,-3.564375,-3.158509
53432106102923,-6.773484,-3.2453282,-2.9699574
53432114006976,-6.824617,-2.556102,-2.9262815
53432121941546,-6.8746843,-1.7230653,-2.906574
53432129906634,-6.954579,-0.8005462,-2.9364014
53432137780169,-7.057377,0.10066749,-3.1031153
53432145684222,-7.085074,0.82611257,-3.3326797
53432153588275,-7.055779,1.6122777,-3.538276
53432161492328,-6.8182254,2.1518342,-3.6053874
53432169426898,-6.470416,2.438923,-3.597398
53432177300433,-6.0975738,2.4682178,-3.6027243
53432185204486,-5.7630806,2.3233418,-3.6341498
53432193108539,-5.4664044,2.0426445,-3.6123118
53432201012591,-5.271461,1.7848506,-3.4189663
53432208947162,-4.9960904,1.6346483,-3.1313448
53432216820697,-4.666391,1.4306501,-2.8059065
53432224724749,-4.2860913,1.0721886,-2.4788704
53432232659320,-3.8839543,0.5906891,-2.1640847
53432240593890,-3.4610443,0.13688648,-1.8072212
53432248528460,-3.033873,-0.09534117,-1.4359765
53432256401996,-2.6780748,-0.14274544,-1.0663297
53432264336566,-2.2487733,0.010120012,-0.7419567
53432272271136,-1.6458336,0.23702134,-0.47830373
53432280175189,-0.9539443,0.545948,-0.15073492
53432288109759,-0.34408042,0.8266452,0.30679616
53432296013812,0.104928546,0.88470215,0.700944
53432303917865,0.66525763,1.0120013,1.0828413
53432311852435,1.1526161,1.1068097,1.5712651
53432319787005,1.1478225,1.8269285,1.7795243
53432327691058,0.53476274,2.7771444,1.397627
53432335564593,-0.05752428,3.2218924,0.922519
53432343468646,0.24767399,2.4511735,1.1371698
53432351403216,1.0908308,2.3233418,1.6522251
53432359307269,1.6921726,1.577124,1.9318571
53432367272357,1.6953684,0.6844324,1.8136127
53432375145892,1.5254587,0.74248934,1.9734024
53432383019427,1.3448963,1.2655342,2.1054952
53432390923480,1.0045444,1.5803198,1.9068234
53432398827533,0.83729786,1.4604776,1.5962988
53432406762103,0.64714813,0.9102685,1.3896375
53432414635638,0.39041942,0.65034395,1.3672669
53432422539691,0.19760656,0.5139901,1.3459617
53432430443744,0.101200126,0.49960902,1.1041466
53432438378314,0.02396845,0.40266997,0.67484504
53432446312884,-0.056991648,0.27164245,0.42024684
53432454186419,-0.1555286,0.27803403,0.41545314
53432462090472,-0.27324033,0.3888215,0.38136467
53432469994525,-0.33768883,0.3930826,0.27537087
53432477929095,-0.37603834,0.31798145,0.20612867
53432485833148,-0.4362258,0.28549087,0.22690132
53432493737201,-0.4926848,0.30519825,0.21944448
53432501641253,-0.5454154,0.26525086,0.103863284
53432509575824,-0.5656554,0.077231675,0.0
53432517510394,-0.5523396,-0.1454086,-0.018109497
53432525444964,-0.5225122,-0.34514567,0.0063915867
53432533318499,-0.47830373,-0.42290998,0.02130529
53432541192035,-0.44368264,-0.29134983,0.0644485
53432549096087,-0.4213121,-0.13795175,0.10865697
53432557030658,-0.39254996,0.09534117,0.094808534
53432564965228,-0.36272255,0.25672874,0.053795855
53432572838763,-0.29987195,0.26312032,0.053795855
53432580742816,-0.2263687,0.1587244,0.091080114
53432588646869,-0.16564862,0.02396845,0.1571265
53432596581439,-0.11771172,-0.061252706,0.2034655
53432604485492,-0.09534117,-0.053263225,0.21997711
53432612389544,-0.099069595,-0.018642128,0.2034655
53432620324115,-0.09321064,-0.07456851,0.2082592
53432628228167,-0.06498113,-0.12197278,0.23489082
53432636132220,-0.05219796,-0.15765914,0.23702134
53432644066790,-0.037284255,-0.1603223,0.24554345
53432651940326,-0.05006743,-0.083090626,0.23648871
53432659874896,-0.035153728,0.06391586,0.23329292
53432667778949,-0.009054748,0.23915187,0.19441076
53432675683001,-0.01438107,0.28336033,0.14594123
53432683617572,-0.027696876,0.2146508,0.1736381
53432691491107,-0.020772656,0.070307456,0.20186761
53432699364642,0.007989483,-0.08042747,0.2247708
53432707268695,0.051132694,-0.14221281,0.23702134
53432715172747,0.0644485,-0.112918034,0.23595607
53432723107318,0.06498113,-0.075101145,0.221575
53432730980853,0.08362326,-0.08628642,0.18695392
53432738915423,0.096939065,-0.006924219,0.1454086
53432746819476,0.10013486,0.056459017,0.12250541
53432754754046,0.1123854,0.03834952,0.0777643
53432762627581,0.10759171,0.06657903,0.050600063
53432770531634,0.103863284,0.15286545,0.01917476
53432778405169,0.096939065,0.22423817,-0.0010652645
53432786309222,0.096939065,0.18535602,0.025033714
53432794243792,0.10333065,0.1304949,0.053263225
53432802178363,0.1486044,0.05912218,0.06338324
53432810051898,0.19387813,0.0053263223,0.06231797
53432817955951,0.20612867,-0.12942964,0.07829694
53432825860003,0.20879184,-0.20133498,0.1107875
53432833794574,0.21038973,-0.21891184,0.11345066
53432841698626,0.19707392,-0.25086978,0.09853696
53432849633197,0.19547603,-0.23648871,0.06924219
53432857537249,0.21145499,-0.14594123,0.061252706
53432865441302,0.175236,-0.09427591,0.05273059
53432873314837,0.18375812,-0.10546118,0.020240024
53432881249408,0.17949706,-0.055926383,-0.022903185
53432889153460,0.14594123,-0.053795855,-0.042077947
53432897026996,0.13901702,-0.09161274,-0.05752428
53432904931048,0.14221281,-0.072970614,-0.07989483
53432912835101,0.12250541,-0.029827405,-0.08894958
53432920769671,0.12037488,0.0037284256,-0.10226539
53432928673724,0.10759171,0.05006743,-0.11984225
53432936577777,0.090014845,0.04527374,-0.111852765
53432944481830,0.08522116,-0.009054748,-0.09960223
53432952385882,0.072970614,-0.03781689,-0.099069595
53432960320453,0.05539375,-0.044208474,-0.10226539
53432968163470,0.025566347,-0.02130529,-0.10066749
53432976098040,0.008522116,-0.024501082,-0.1107875
53432984002093,0.0053263223,-0.016511599,-0.108124346
53432991936664,-0.0127831735,-0.016511599,-0.09267801
53432999871234,-0.018109497,-0.08149273,-0.0793622
53433007775287,-0.010120012,-0.12676647,-0.068176925
53433015709857,-0.012250541,-0.10918961,-0.061252706
53433023613910,-0.02130529,-0.096939065,-0.06551377
53433031517962,-0.02130529,-0.09054748,-0.06657903
53433039422015,-0.025566347,-0.0644485,-0.06870956
53433047356585,-0.0314253,-0.05486112,-0.07563378
53433055291156,-0.029827405,-0.06231797,-0.087884314
53433063164691,-0.021837922,-0.044208474,-0.092145376
53433071068744,-0.027696876,-0.006924219,-0.10333065
53433079003314,-0.02396845,0.0010652645,-0.11025487
53433086876849,-0.018109497,0.017044231,-0.11664646
53433094750384,-0.015978966,0.03355583,-0.11132014
53433102684955,-0.010120012,0.05219796,-0.098004326
53433110589007,-0.004261058,0.06551377,-0.09853696
53433118523578,0.00958738,0.06018744,-0.0793622
53433126397113,0.03195793,0.040480047,-0.058056913
53433134270648,0.039414786,0.02130529,-0.04474111
53433142174701,0.046871636,0.0037284256,-0.025033714
53433150078753,0.058056913,-0.012250541,-0.01917476
53433158013324,0.056991648,-0.0314253,-0.016511599
53433165886859,0.05912218,-0.046871636,-0.012250541
53433173821429,0.058589544,-0.044208474,-0.011717909
53433181725482,0.051132694,-0.035153728,-0.013315806
53433189660052,0.044208474,-0.044208474,-0.0127831735
53433197564105,0.036218993,-0.025033714,-0.016511599
53433205498675,-0.021837922,-0.029827405,-0.015446335
53433213433246,0.007989483,-0.008522116,-0.04474111
53433221337298,-0.036751624,0.033023197,-0.06338324
53433229241351,-0.044208474,0.04580637,-0.049534798
53433237175921,-0.050600063,0.023435818,-0.0479369
53433245049456,-0.04314321,0.0026631611,-0.046339005
53433252922992,-0.02609898,0.0015978967,-0.029294772
53433260796527,-0.02609898,-0.0015978967,-0.013848438
53433268731097,-0.011717909,-0.029827405,-0.006924219
53433276665667,-5.326322E-4,-0.026631612,-0.00479369
53433284569720,0.011185277,-0.016511599,0.0015978967
53433292443255,0.028229509,-0.035153728,-0.004261058
53433300347308,0.041545313,-0.02609898,-0.012250541
53433308281878,0.054328486,-0.0010652645,-0.018642128
53433316216449,0.068176925,0.0031957934,-0.025566347
53433324089984,0.0777643,0.008522116,-0.0314253
53433331963519,0.08042747,0.022370555,-0.034088463
53433339898089,0.04580637,0.023435818,-0.03089267
53433347802142,0.04580637,0.007989483,-0.006924219
53433355767230,0.048469532,-0.009054748,-0.020772656
53433363640765,0.0479369,0.017044231,-0.025033714
