64785625391252,0.00479369,-0.017044231,0.017044231
64785633295304,0.00479369,-0.017044231,0.017044231
64785641168840,0.00479369,-0.017044231,0.017044231
64785649103410,0.00479369,-0.017044231,0.017044231
64785657007463,0.00479369,-0.017044231,0.017044231
64785664972551,0.00479369,-0.017044231,0.017044231
64785672846086,0.00479369,-0.017044231,0.017044231
64785680750138,0.00479369,-0.017044231,0.017044231
64785688715226,0.015978966,0.025566347,0.010120012
64785696619279,0.010652645,0.024501082,0.00958738
64785704553849,0.009054748,0.022903185,0.008522116
64785712427384,0.006924219,0.025566347,0.009054748
64785720331437,0.0010652645,0.019707393,0.007456851
64785728296525,-0.0037284256,0.01917476,0.007989483
64785736200578,-0.0053263223,0.010120012,0.009054748
64785744104631,-0.007456851,-5.326322E-4,0.009054748
64785752008683,-0.010120012,-0.013315806,0.008522116
64785759912736,-0.011717909,-0.022903185,0.0063915867
64785767786271,-0.013848438,-0.036751624,0.0063915867
64785775690324,-0.013848438,-0.046871636,0.006924219
64785783624894,-0.01438107,-0.05912218,0.00479369
64785791528947,-0.014913702,-0.07563378,0.0058589545
64785799402482,-0.017044231,-0.09054748,0.006924219
64785807337052,-0.016511599,-0.096939065,0.009054748
64785815271623,-0.018642128,-0.10066749,0.011185277
64785823114640,-0.020240024,-0.10226539,0.0127831735
64785830988176,-0.020772656,-0.10066749,0.013848438
64785838892228,-0.023435818,-0.10865697,0.014913702
64785846826799,-0.023435818,-0.12783173,0.01917476
64785854730851,-0.02396845,-0.15126756,0.022903185
64785862665422,-0.02609898,-0.18322548,0.026631612
64785870538957,-0.028229509,-0.22264028,0.030360037
64785878412492,-0.028229509,-0.26897928,0.03781689
64785886347062,-0.03089267,-0.31318775,0.042077947
64785894251115,-0.0314253,-0.34887412,0.046871636
64785902155168,-0.03089267,-0.36645097,0.05273059
64785910028703,-0.034088463,-0.35633096,0.05486112
64785917902238,-0.03568636,-0.31957933,0.053263225
64785925867326,-0.039414786,-0.2625877,0.0479369
64785933771379,-0.041012682,-0.2034655,0.041545313
64785941705949,-0.042077947,-0.16085494,0.037284255
64785949610002,-0.04527374,-0.15020229,0.034621093
64785957483537,-0.042077947,-0.17150758,0.033023197
64785965357072,-0.03834952,-0.21411815,0.03568636
64785973291642,-0.029294772,-0.26312032,0.03888215
64785981195695,-0.018642128,-0.29454562,0.04474111
64785989099748,-0.0026631611,-0.30200246,0.049002163
64785997003801,0.015978966,-0.29933932,0.05006743
64786004968888,0.036751624,-0.2876214,0.053263225
64786012933976,0.061252706,-0.28016454,0.05539375
64786020715959,0.08894958,-0.27537087,0.05752428
64786028620011,0.12410331,-0.2695119,0.05486112
64786036493547,0.16990969,-0.24714136,0.05006743
64786044458634,0.22210763,-0.21092236,0.049002163
64786052393205,0.28495824,-0.18162759,0.054328486
64786060327775,0.36005938,-0.17204021,0.06498113
64786068201310,0.46392268,-0.19760656,0.08841695
64786076074845,0.58909124,-0.2806972,0.11771172
64786084039933,0.7552725,-0.3930826,0.14221281
64786091943986,0.99708754,-0.5022722,0.16458336
64786099848039,1.2996227,-0.5448828,0.17736652
64786107752092,1.6106799,-0.59122175,0.18588865
64786115656144,1.9835224,-0.5305017,0.17470337
64786123621232,2.3670175,-0.4032026,0.14274544
64786131555802,2.6173549,-0.30519825,0.105993815
64786139490373,2.9028456,-0.11664646,0.041545313
64786147363908,3.1451933,0.24234766,-0.03781689
64786155237443,3.4296188,0.7952199,-0.083090626
64786163172013,3.7108488,1.2335763,-0.12357068
64786171076066,3.9878175,1.6623452,-0.18002969
64786178980119,4.2541337,2.1241374,-0.20026971
64786186884172,4.477839,2.4250746,-0.18002969
64786194788224,4.6349654,2.573679,-0.13954964
64786202753312,4.7303066,2.5683527,-0.058589544
64786210687883,4.8400292,2.3835292,0.024501082
64786218622453,4.9753175,2.1454427,0.099069595
64786226495988,5.0285807,1.8295918,0.16884442
64786234369523,5.0754523,1.5867114,0.20293288
64786242334611,5.077583,1.4311827,0.1917476
64786250238664,5.102084,1.3566142,0.17044231
64786258142717,5.170261,1.2948289,0.17097494
64786266046769,5.136173,1.3012205,0.15180019
64786273920304,4.9822416,1.4168017,0.123038046
64786281854875,4.8528123,1.4162691,0.12942964
64786289758927,4.7510796,1.2905679,0.103863284
64786297601945,4.646151,1.0183928,0.072970614
64786305505998,4.5050035,0.67058396,0.010120012
64786313379533,4.3308325,0.26365295,-0.07243799
64786321253068,4.172641,-0.18429075,-0.17949706
64786329157121,3.9462721,-0.5629923,-0.31957933
64786337061174,3.7385457,-0.7440872,-0.46179214
64786344934709,3.5420043,-0.69508505,-0.56938386
64786352838761,3.278884,-0.42024684,-0.66579026
64786360773332,2.9870014,-0.0010652645,-0.72491246
64786368677384,2.6812706,0.41864893,-0.7355651
64786376611955,2.408563,0.644485,-0.7025419
64786384485490,2.1534321,0.63383234,-0.6492787
64786392389543,1.8631475,0.48309743,-0.5773733
64786400354631,1.5856462,0.17896444,-0.509729
64786408228166,1.3203954,-0.25193503,-0.45380265
64786416193254,1.1371698,-0.5629923,-0.42237735
64786424066789,0.9139969,-0.89322424,-0.40266997
64786431940324,0.68389976,-1.0791129,-0.41438788
64786439905412,0.4543353,-1.180313,-0.44315
64786447809465,0.23755397,-1.2325109,-0.47830373
64786455713517,0.03781689,-1.2250541,-0.51452273
64786463648088,-0.1635181,-1.1611383,-0.5629923
64786471552140,-0.33662358,-1.0333065,-0.61199445
64786479517228,-0.4825648,-0.8591358,-0.6562029
64786487421281,-0.6221144,-0.624245,-0.6918893
64786495325334,-0.74461985,-0.29933932,-0.7233146
64786503229386,-0.84848315,0.08894958,-0.74941355
64786511102922,-0.76592517,0.55553544,-0.7765778
64786519068009,-0.7233146,0.8740495,-0.8111989
64786527002580,-0.65886605,1.6458336,-0.8111989
64786534906633,-0.48522797,2.0341225,-0.79255676
64786542780168,-0.5773733,2.4756746,-0.75154406
64786550684220,-0.74781567,2.4218788,-0.783502
64786558618791,-0.5289038,2.1321268,-0.8175905
64786566522843,-0.16458336,1.8013622,-0.8277105
64786574396379,-0.10705908,2.0005667,-0.7909589
64786582269914,-0.14168017,2.2343922,-0.7595336
64786590173967,-0.039414786,2.4703484,-0.7323693
64786598078019,0.10972224,2.7601001,-0.644485
64786605951554,0.14221281,3.0519826,-0.5390238
64786613977677,0.10865697,3.299124,-0.44581318
64786621881730,0.10226539,3.5244274,-0.3520699
64786629785783,0.033023197,3.6586509,-0.24074976
64786637750871,-0.07137272,3.73535,-0.12037488
64786645685441,-0.0644485,3.8860848,-0.032490566
64786653528459,-0.18162759,4.120443,0.04527374
64786661432511,-0.38029942,4.2844934,0.07456851
64786669275529,-0.2860235,4.4501424,0.13262543
64786677240617,-0.21624869,4.435761,0.10759171
64786685175187,-0.38935417,4.467719,0.019707393
64786693079240,-0.47990164,4.4741106,-0.044208474
64786700952775,-0.41598576,4.324441,-0.080960095
64786708856828,-0.26365295,3.8908784,-0.13422333
64786716791398,-0.09374327,3.1611724,-0.16564862
64786724695451,-0.01438107,2.5816684,-0.19600865
64786732599504,0.07084008,1.8572886,-0.26418558
64786740503556,0.29188246,1.031176,-0.38296258
64786748377092,0.48203218,0.21784659,-0.551807
64786756342179,0.5944176,-0.36804888,-0.73822826
64786764276750,0.65034395,-0.6375608,-0.92518216
64786772211320,0.7105314,-0.5613944,-1.0982877
64786780054338,0.7350325,-0.23435818,-1.2612731
64786787927873,0.6530071,0.23062976,-1.3869743
64786795892961,0.5049353,0.7174556,-1.4663365
64786803797013,0.34088463,1.1153319,-1.5025555
64786811701066,0.12836437,1.3448963,-1.5057513
64786819605119,-0.12463594,1.4146712,-1.4919028
64786827509172,-0.3898868,1.3736585,-1.4721955
64786835474259,-0.6423545,1.27885,-1.4524881
64786843347795,-0.8452873,1.1936288,-1.4604776
64786851251847,-0.9571401,1.1307782,-1.4913702
64786859094865,-1.2458268,0.68176925,-1.5579493
64786866968400,-1.5558188,0.59867865,-1.6053536
64786874841935,-1.7726,0.7366304,-1.5036207
64786882745988,-1.8903117,1.2048141,-1.2777847
64786890680558,-2.05383,1.6570189,-0.9571401
64786898554093,-2.198706,1.8983012,-0.66845345
64786906427629,-2.1630194,1.9909793,-0.43409526
64786914392717,-2.1124194,1.6964337,-0.41758367
64786922327287,-2.2844596,1.4689997,-0.49161956
64786930231340,-2.5379925,1.1089402,-0.5635249
64786938135392,-2.7510455,0.545948,-0.47191215
64786946039445,-2.9427931,0.2050634,-0.29294774
64786954004533,-3.033873,0.28655612,-0.082025364
64786961908586,-3.0594394,0.44528055,0.082558
64786969843156,-3.115366,0.5800365,0.17949706
64786977716691,-3.2080438,0.67963874,0.20879184
64786985590226,-3.2820797,0.7526093,0.22104238
64786993524797,-3.3348105,0.88044107,0.20932446
64787001428849,-3.4333472,1.0013486,0.1587244
64787009393937,-3.5803537,1.1291803,0.06977482
64787017267472,-3.649596,1.1883025,-0.010120012
64787025141008,-3.7193708,1.1451592,-0.12357068
64787033106095,-3.7827542,0.9960223,-0.23648871
64787041040666,-3.8258972,0.7701862,-0.34088463
64787048975236,-3.8621163,0.6040049,-0.45859635
64787056879289,-3.9063249,0.5837649,-0.5917544
64787064752824,-3.8988678,0.66525763,-0.7105314
64787072717912,-3.8647795,0.6764429,-0.80747044
64787080652482,-3.8637142,0.6988135,-0.90014845
64787088587052,-3.842409,0.80587256,-0.9827065
64787096491105,-3.7646446,1.0386329,-1.0689929
64787104364640,-3.649596,1.2016183,-1.1456919
64787112299211,-3.5079157,1.2255868,-1.196292
64787120233781,-3.3651705,1.2293152,-1.2282499
64787128168351,-3.2229576,1.1952267,-1.2048141
64787136072404,-3.0477216,1.196292,-1.1856394
64787143945939,-2.9204226,1.2303804,-1.1744541
64787151911027,-2.7318707,1.3038837,-1.1659319
64787159845597,-2.4453146,1.3544837,-1.1483551
64787167780168,-2.137453,1.2895026,-1.1057445
64787175653703,-1.8572886,1.2234563,-1.0503508
64787183527238,-1.5616777,1.1526161,-0.9550096
64787191461808,-1.2405005,1.1041466,-0.84688526
64787199365861,-0.9166601,1.0466223,-0.7366304
64787207300431,-0.6380934,0.9853696,-0.644485
64787215173967,-0.46552056,0.92731273,-0.5837649
64787223047502,-0.39574575,0.92731273,-0.5800365
64787230982072,-0.3387541,0.98110855,-0.5699165
64787238886125,-0.054328486,1.0588728,-0.41438788
64787246790177,0.05912218,0.9763149,-0.28708878
64787254694230,0.15765914,0.97951066,-0.21731395
64787262598283,0.21092236,0.7957525,-0.25246766
64787270563371,0.22903186,0.45806372,-0.36751625
64787278467424,0.2066613,0.16831179,-0.39787626
64787286432511,0.08575379,-0.077231675,-0.29827404
64787294306047,-0.108124346,-0.31052458,-0.16245283
64787302179582,-0.30945933,-0.4048005,-0.0974717
64787310022599,-0.49428272,-0.3206446,-0.092145376
64787317957170,-0.6423545,-0.14114754,-0.104928546
64787325891740,-0.78989357,0.08468852,-0.10918961
64787333765275,-0.90707266,0.24554345,-0.1107875
64787341669328,-1.0279802,0.3637878,-0.11717909
64787349603898,-1.1052119,0.3254383,-0.13315806
64787357507951,-1.1536814,0.10439592,-0.10865697
64787365442521,-1.1552793,-0.19387813,-0.04580637
64787373316056,-1.1142666,-0.49055427,0.032490566
64787381220109,-1.0482203,-0.7392935,0.10333065
64787389185197,-0.964597,-0.9438243,0.14807177
64787397119767,-0.86392945,-1.0823087,0.16245283
64787405054338,-0.75580513,-1.1622036,0.1603223
64787412927873,-0.64395237,-1.194694,0.13901702
64787420831926,-0.54435015,-1.2000204,0.10333065
64787428797013,-0.4628574,-1.1712582,0.061252706
64787436731584,-0.39468047,-1.0972224,0.023435818
64787444666154,-0.34780884,-0.96939063,-0.007456851
64787452539689,-0.32756883,-0.82344943,-0.036751624
64787460413224,-0.32597092,-0.6849651,-0.06551377
64787468347795,-0.3323625,-0.5486112,-0.083090626
64787476282365,-0.34993938,-0.44474792,-0.08735169
64787484186418,-0.37284255,-0.37017938,-0.090014845
64787492059953,-0.38242993,-0.34461305,-0.08948222
64787499933488,-0.38722363,-0.3685815,-0.07989483
64787507898576,-0.39521313,-0.4362258,-0.0628506
64787515833146,-0.39521313,-0.54807854,-0.04527374
64787523737199,-0.37603834,-0.66152924,-0.026631612
64787531610734,-0.34674358,-0.7584683,-0.008522116
64787539484269,-0.314253,-0.81705785,0.008522116
64787547449357,-0.27856666,-0.8378305,0.020772656
64787555353410,-0.23595607,-0.80533993,0.020772656
64787563287980,-0.17896444,-0.7004114,0.013315806
64787571161515,-0.12516858,-0.53529537,-0.0037284256
64787579035051,-0.07350325,-0.35633096,-0.015978966
64787587000138,-0.027696876,-0.20612867,-0.022370555
64787594934709,0.011185277,-0.10226539,-0.023435818
64787602808244,0.036751624,-0.041545313,-0.015446335
64787610681779,0.051132694,-0.022903185,-0.006924219
64787618555314,0.053795855,-0.044208474,0.00479369
64787626520402,0.050600063,-0.075101145,0.015978966
64787634424455,0.039947417,-0.11025487,0.03195793
64787642267472,0.03195793,-0.13475595,0.04580637
64787650141008,0.02396845,-0.15606125,0.05965481
64787658014543,0.018109497,-0.15925704,0.07350325
64787665979631,0.014913702,-0.14594123,0.08149273
64787673914201,0.011717909,-0.14061491,0.08735169
64787681818254,0.010652645,-0.13156016,0.09054748
64787689691789,0.009054748,-0.11451593,0.08948222
64787697565324,0.004261058,-0.10705908,0.09374327
64787705530412,-0.0026631611,-0.10439592,0.092145376
64787713434465,-0.008522116,-0.082025364,0.09267801
64787721338517,-0.014913702,-0.049002163,0.092145376
64787729212052,-0.029827405,-0.02130529,0.08735169
64787737116105,-0.035153728,-0.004261058,0.08468852
64787745081193,-0.035153728,0.0127831735,0.080960095
64787752985246,-0.036218993,0.014913702,0.08042747
64787760919816,-0.036751624,-0.008522116,0.08362326
64787768793351,-0.03568636,-0.04527374,0.082025364
64787776666886,-0.03195793,-0.06924219,0.082558
64787784631974,-0.032490566,-0.087884314,0.082025364
64787792536027,-0.030360037,-0.10013486,0.077231675
64787800501115,-0.032490566,-0.09960223,0.07243799
64787808374650,-0.027164243,-0.08149273,0.06657903
64787816248185,-0.023435818,-0.06977482,0.061252706
64787824213273,-0.02130529,-0.058056913,0.056991648
64787832117326,-0.015978966,-0.042077947,0.051665325
64787840051896,-0.0058589545,-0.037284255,0.047404267
64787847925431,0.004261058,-0.029294772,0.042077947
64787855798967,0.013848438,-0.02130529,0.037284255
64787863703019,0.020240024,-0.014913702,0.029827405
64787871637590,0.025033714,-0.0037284256,0.020772656
64787879572160,0.026631612,0.0053263223,0.0127831735
64787887445695,0.034088463,0.01438107,0.007989483
64787895319230,0.03355583,0.021837922,0.002130529
64787903284318,0.03568636,0.022370555,-0.0015978967
64787911188371,0.032490566,0.016511599,-0.0010652645
64787919031388,0.027696876,0.009054748,-0.0015978967
64787926935441,0.026631612,0.0,-0.0037284256
64787934839494,0.022370555,-0.0026631611,-0.004261058
64787942804582,0.015446335,-0.006924219,-0.0063915867
64787950708634,0.010652645,-0.01438107,-0.0058589545
64787958643205,0.0015978967,-0.022903185,-0.0031957934
64787966547258,-0.006924219,-0.04261058,0.0037284256
64787974451310,-0.014913702,-0.06178534,0.0058589545
64787982416398,-0.021837922,-0.082025364,0.00958738
64787990350968,-0.02609898,-0.08042747,0.00958738
64787998193986,-0.02876214,-0.07563378,0.0127831735
64788006067521,-0.029827405,-0.0628506,0.015978966
64788013941056,-0.026631612,-0.050600063,0.017044231
64788021875627,-0.024501082,-0.039414786,0.016511599
64788029810197,-0.37337518,-0.21624869,0.011717909
64788037744767,-0.018642128,-0.066046394,0.009054748
64788045618302,-0.0063915867,-0.01917476,0.036751624
64788053491838,-0.06924219,-0.11824436,0.036751624
64788061456926,-0.008522116,-0.11611383,0.029294772
64788069391496,0.0127831735,-0.05273059,0.039414786
64788077326066,0.0127831735,-0.014913702,0.02876214
64788085260636,-0.0037284256,0.030360037,0.020240024
64788093164689,-0.027164243,0.04580637,0.017576864
64788101099259,-0.035153728,0.046339005,0.020772656
64788109033830,-0.02130529,0.013848438,0.020772656
64788116968400,-0.01438107,-0.019707393,0.025033714
