22705772324997,1.8399954E-4,-0.003194809,3.6144257E-4,1.8399954E-4,-0.003194809,3.6144257E-4
22705780259567,4.1919947E-4,-0.006544113,6.4373016E-4,4.1919947E-4,-0.006544113,6.4373016E-4
22705788194138,-1.4543533E-4,0.001080513,6.645918E-5,-1.4543533E-4,0.001080513,6.645918E-5
22705796128708,8.648634E-4,-0.013368607,0.0013744831,8.648634E-4,-0.013368607,0.0013744831
22705804093796,-2.8967857E-5,0.0031833649,-4.247427E-4,-2.8967857E-5,0.0031833649,-4.247427E-4
22705811997849,-3.5089254E-4,0.0059375763,-5.774498E-4,-3.5089254E-4,0.0059375763,-5.774498E-4
22705819871384,-8.5771084E-5,0.001127243,-4.4345856E-5,-8.5771084E-5,0.001127243,-4.4345856E-5
22705827805954,6.015897E-4,-0.008384705,8.9907646E-4,6.015897E-4,-0.008384705,8.9907646E-4
22705835740524,-1.5157461E-4,-0.0058698654,0.009820402,-1.5157461E-4,-0.0058698654,0.009820402
22705843675095,0.0014588237,-0.02293396,0.0020694733,0.0014588237,-0.02293396,0.0020694733
22705851640183,0.0011129379,-0.017438889,0.0014351606,0.0011129379,-0.017438889,0.0014351606
22705859544235,6.046891E-4,-0.009212494,9.0652704E-4,6.046891E-4,-0.009212494,9.0652704E-4
22705867509323,1.6415119E-4,-0.0029010773,3.080964E-4,1.6415119E-4,-0.0029010773,3.080964E-4
22705875413376,3.5262108E-4,-0.006351471,4.6771765E-4,3.5262108E-4,-0.006351471,4.6771765E-4
22705883317429,0.001349926,-0.022525787,0.0019358993,0.001349926,-0.022525787,0.0019358993
22705891251999,0.0011439323,-0.018958092,0.0016389489,0.0011439323,-0.018958092,0.0016389489
22705899186569,5.3834915E-4,-0.009150505,7.585883E-4,5.3834915E-4,-0.009150505,7.585883E-4
22705907090622,-1.9180775E-4,0.0032186508,-3.4207106E-4,-1.9180775E-4,0.0032186508,-3.4207106E-4
22705915025192,-9.434223E-4,0.015922546,-0.0014052987,-9.434223E-4,0.015922546,-0.0014052987
22705922959763,0.0013760924,-0.01916027,0.0016941428,0.0013760924,-0.01916027,0.0016941428
22705930924851,0.001331389,-0.024831772,0.0025002956,0.001331389,-0.024831772,0.0025002956
22705938828903,8.1062317E-4,-0.014492035,0.0015026331,8.1062317E-4,-0.014492035,0.0015026331
22705946793991,-2.4700165E-4,0.0046539307,-4.377365E-4,-2.4700165E-4,0.0046539307,-4.377365E-4
22705954667526,-4.3201447E-4,0.0069408417,-7.520914E-4,-4.3201447E-4,0.0069408417,-7.520914E-4
22705962571579,-6.8068504E-5,0.0012311935,-1.500845E-4,-6.8068504E-5,0.0012311935,-1.500845E-4
22705970506149,6.671548E-4,-0.009370804,8.87692E-4,6.671548E-4,-0.009370804,8.87692E-4
22705978440720,0.0015382171,-0.02328682,0.0021419525,0.0015382171,-0.02328682,0.0021419525
22705986405808,-1.7386675E-4,0.0043668747,-4.0912628E-4,-1.7386675E-4,0.0043668747,-4.0912628E-4
22705994309860,-7.13408E-4,0.013016701,-0.0014087558,-7.13408E-4,0.013016701,-0.0014087558
22706002213913,1.232624E-4,-0.005004883,2.6607513E-4,1.232624E-4,-0.005004883,2.6607513E-4
22706010179001,6.7299604E-4,-0.011673927,0.001036346,6.7299604E-4,-0.011673927,0.001036346
22706018083054,0.0012044907,-0.020851135,0.001635313,0.0012044907,-0.020851135,0.001635313
22706026048142,0.0016133785,-0.028269768,0.0024021268,0.0016133785,-0.028269768,0.0024021268
22706033921677,0.0011470318,-0.019999504,0.0019738674,0.0011470318,-0.019999504,0.0019738674
22706041856247,8.4513426E-4,-0.013894081,0.0012272,8.4513426E-4,-0.013894081,0.0012272
22706049790817,0.0020999312,-0.035092354,0.0030187964,0.0020999312,-0.035092354,0.0030187964
22706057725388,0.0011931062,-0.018919945,0.0018828511,0.0011931062,-0.018919945,0.0018828511
22706065690476,-1.7720461E-4,0.0026664734,-2.862811E-4,-1.7720461E-4,0.0026664734,-2.862811E-4
22706073625046,-4.3851137E-4,0.006919861,-6.456971E-4,-4.3851137E-4,0.006919861,-6.456971E-4
22706081529099,7.324815E-4,-0.010597229,9.2065334E-4,7.324815E-4,-0.010597229,9.2065334E-4
22706089433151,7.0363283E-4,-0.01077652,9.584427E-4,7.0363283E-4,-0.01077652,9.584427E-4
22706097337204,3.6621094E-4,-0.0029706955,2.9939413E-4,3.6621094E-4,-0.0029706955,2.9939413E-4
22706105271774,3.8951635E-4,-0.005880356,5.595088E-4,3.8951635E-4,-0.005880356,5.595088E-4
22706113206345,7.686019E-4,-0.01624012,0.001521647,7.686019E-4,-0.01624012,0.001521647
22706121110398,0.0010906458,-0.017846107,0.001889646,0.0010906458,-0.017846107,0.001889646
22706129014450,2.7126074E-4,-0.0045671463,4.6139956E-4,2.7126074E-4,-0.0045671463,4.6139956E-4
22706136949021,4.7302246E-4,-0.009352684,9.3483925E-4,4.7302246E-4,-0.009352684,9.3483925E-4
22706144914108,6.9880486E-4,-0.009848595,9.4503164E-4,6.9880486E-4,-0.009848595,9.4503164E-4
22706152818161,9.534955E-4,-0.01351738,0.0011885166,9.534955E-4,-0.01351738,0.0011885166
22706160722214,7.600188E-4,-0.010789871,9.6309185E-4,7.600188E-4,-0.010789871,9.6309185E-4
22706168595749,-9.022951E-4,0.014430046,-0.0014009476,-9.022951E-4,0.014430046,-0.0014009476
22706176560837,1.436472E-4,-0.0023202896,2.4265051E-4,1.436472E-4,-0.0023202896,2.4265051E-4
22706184495407,0.001170516,-0.01941204,0.0019019842,0.001170516,-0.01941204,0.0019019842
22706192399460,4.1854382E-4,-0.005961418,5.283356E-4,4.1854382E-4,-0.005961418,5.283356E-4
22706200303513,0.0010910034,-0.017975807,0.0016590357,0.0010910034,-0.017975807,0.0016590357
22706208268601,3.0446053E-4,-0.0046920776,4.8720837E-4,3.0446053E-4,-0.0046920776,4.8720837E-4
22706216203171,-0.0011390448,0.015503883,-0.0014835596,-0.0011390448,0.015503883,-0.0014835596
22706224137741,0.001652658,-0.023257256,0.0021778345,0.001652658,-0.023257256,0.0021778345
22706232072312,0.002554834,-0.037917137,0.0038610697,0.002554834,-0.037917137,0.0038610697
22706240006882,5.413294E-4,-0.007950783,8.1819296E-4,5.413294E-4,-0.007950783,8.1819296E-4
22706247941452,8.0269575E-4,-0.012719154,0.0011308193,8.0269575E-4,-0.012719154,0.0011308193
22706255906540,5.5515766E-4,-0.008735657,6.8324804E-4,5.5515766E-4,-0.008735657,6.8324804E-4
22706263841110,0.0010125637,-0.014882088,0.0013725758,0.0010125637,-0.014882088,0.0013725758
22706271745163,-4.312396E-4,0.006500244,-5.6248903E-4,-4.312396E-4,0.006500244,-5.6248903E-4
22706279649216,0.0011790991,-0.017560959,0.0017848611,0.0011790991,-0.017560959,0.0017848611
22706287522751,0.001864016,-0.025409698,0.002377212,0.001864016,-0.025409698,0.002377212
22706295457321,0.0010359883,-0.015478134,0.0016567707,0.0010359883,-0.015478134,0.0016567707
22706303361374,-3.3909082E-4,0.0063171387,-5.965829E-4,-3.3909082E-4,0.0063171387,-5.965829E-4
22706311326462,2.3210049E-4,-0.0049095154,4.898906E-4,2.3210049E-4,-0.0049095154,4.898906E-4
22706319261032,-1.1605024E-4,0.0019006729,-1.9192696E-4,-1.1605024E-4,0.0019006729,-1.9192696E-4
22706327226120,-3.8349628E-4,0.005962372,-6.18577E-4,-3.8349628E-4,0.005962372,-6.18577E-4
22706335191208,2.0450354E-4,-0.003071785,3.0839443E-4,2.0450354E-4,-0.003071785,3.0839443E-4
22706343095261,0.0016414523,-0.024650574,0.0021792054,0.0016414523,-0.024650574,0.0021792054
22706351029831,0.0017293692,-0.027207375,0.002137959,0.0017293692,-0.027207375,0.002137959
22706358933884,0.0024038553,-0.037934303,0.0029702783,0.0024038553,-0.037934303,0.0029702783
22706366837937,9.858608E-5,-0.0015487671,1.4185905E-4,9.858608E-5,-0.0015487671,1.4185905E-4
22706374772507,0.0013595223,-0.021224022,0.0017896891,0.0013595223,-0.021224022,0.0017896891
22706382737595,0.0017493963,-0.028217316,0.002501607,0.0017493963,-0.028217316,0.002501607
22706390611130,0.0020805597,-0.03539276,0.002863884,0.0020805597,-0.03539276,0.002863884
22706398545700,0.0015074015,-0.024537086,0.002268076,0.0015074015,-0.024537086,0.002268076
22706406449753,2.0897388E-4,-0.0032129288,3.3015013E-4,2.0897388E-4,-0.0032129288,3.3015013E-4
22706414384323,1.5372038E-4,-0.0031900406,2.9730797E-4,1.5372038E-4,-0.0031900406,2.9730797E-4
22706422288376,-4.7415495E-4,0.0055561066,-4.9448013E-4,-4.7415495E-4,0.0055561066,-4.9448013E-4
22706430192429,-3.2895803E-4,0.004570961,-4.0608644E-4,-3.2895803E-4,0.004570961,-4.0608644E-4
22706438096481,-7.683039E-5,7.724762E-4,-9.024143E-5,-7.683039E-5,7.724762E-4,-9.024143E-5
22706445970017,-3.4862757E-4,0.005842209,-5.732775E-4,-3.4862757E-4,0.005842209,-5.732775E-4
22706453904587,-1.628995E-4,0.0022878647,-6.1392784E-5,-1.628995E-4,0.0022878647,-6.1392784E-5
22706461869675,0.0022396445,-0.035487175,0.003289044,0.0022396445,-0.035487175,0.003289044
22706469773728,0.0020269752,-0.031974792,0.0031029582,0.0020269752,-0.031974792,0.0031029582
22706477677780,3.889203E-4,-0.0055885315,3.5399199E-4,3.889203E-4,-0.0055885315,3.5399199E-4
22706485551315,-0.0016691685,0.028595924,-0.0029212236,-0.0016691685,0.028595924,-0.0029212236
22706493455368,-1.052022E-4,0.002902031,-3.3569336E-4,-1.052022E-4,0.002902031,-3.3569336E-4
22706501420456,9.0003014E-4,-0.013804436,0.0013757348,9.0003014E-4,-0.013804436,0.0013757348
22706509324509,0.0021235943,-0.028087616,0.0025529861,0.0021235943,-0.028087616,0.0025529861
22706517228562,9.4377995E-4,-0.013160706,0.0012319088,9.4377995E-4,-0.013160706,0.0012319088
22706525163132,-7.097125E-4,0.01184082,-0.001093924,-7.097125E-4,0.01184082,-0.001093924
22706533097702,-1.0681152E-4,-2.965927E-4,8.8870525E-5,-1.0681152E-4,-2.965927E-4,8.8870525E-5
22706541032273,3.7550926E-6,-2.4986267E-4,6.7949295E-6,3.7550926E-6,-2.4986267E-4,6.7949295E-6
22706548966843,3.219247E-4,-0.0037698746,4.7457218E-4,3.219247E-4,-0.0037698746,4.7457218E-4
22706556870896,-5.6928396E-4,0.0071516037,-6.581545E-4,-5.6928396E-4,0.0071516037,-6.581545E-4
22706564835983,-6.201863E-4,0.006969452,-6.262064E-4,-6.201863E-4,0.006969452,-6.262064E-4
22706572801071,8.1306696E-4,-0.011968613,0.001119256,8.1306696E-4,-0.011968613,0.001119256
22706580705124,8.2319975E-4,-0.01269722,0.0012519956,8.2319975E-4,-0.01269722,0.0012519956
22706588639694,3.5446882E-4,-0.0064849854,6.9242716E-4,3.5446882E-4,-0.0064849854,6.9242716E-4
22706596543747,-0.0057030916,-0.008799553,-0.0049848557,-0.0057030916,-0.008799553,-0.0049848557
22706604508835,-2.7132034E-4,0.0033130646,-3.4105778E-4,-2.7132034E-4,0.0033130646,-3.4105778E-4
22706612412888,8.7440014E-5,-0.0014390945,1.4400482E-4,8.7440014E-5,-0.0014390945,1.4400482E-4
22706620316940,5.694628E-4,-0.007947922,8.5532665E-4,5.694628E-4,-0.007947922,8.5532665E-4
22706628220993,2.3186207E-5,-1.9073486E-6,-1.8239021E-5,2.3186207E-5,-1.9073486E-6,-1.8239021E-5
22706636125046,9.7340345E-4,-0.015083313,0.0014379025,9.7340345E-4,-0.015083313,0.0014379025
22706644059616,0.0033800602,-0.05347252,0.004761696,0.0033800602,-0.05347252,0.004761696
22706651963669,7.958412E-4,-0.012322426,0.0012466311,7.958412E-4,-0.012322426,0.0012466311
22706659867722,-0.0023437142,0.03474903,-0.0038830042,-0.0023437142,0.03474903,-0.0038830042
22706667771774,-5.976558E-4,0.008410454,-8.381605E-4,-5.976558E-4,0.008410454,-8.381605E-4
22706675706345,6.0123205E-4,-0.008962631,9.974241E-4,6.0123205E-4,-0.008962631,9.974241E-4
22706683640915,0.0022720098,-0.03319359,0.003398478,0.0022720098,-0.03319359,0.003398478
22706691575485,0.0037992,-0.057580948,0.0054903626,0.0037992,-0.057580948,0.0054903626
22706699449021,0.0027231574,-0.04338932,0.0036429167,0.0027231574,-0.04338932,0.0036429167
22706707353073,0.0011620522,-0.018968582,0.0014204979,0.0011620522,-0.018968582,0.0014204979
22706715257126,0.0019510984,-0.032705307,0.0027185082,0.0019510984,-0.032705307,0.0027185082
22706723130661,0.003565073,-0.057621002,0.006039977,0.003565073,-0.057621002,0.006039977
22706731065231,0.0073571205,-0.10251331,0.010654926,0.0073571205,-0.10251331,0.010654926
22706738969284,0.007395506,-0.09215927,0.009467781,0.007395506,-0.09215927,0.009467781
22706746873337,0.0033322573,-0.037415504,0.0041772127,0.0033322573,-0.037415504,0.0041772127
22706754777390,-0.008536756,0.09543419,-0.01157105,-0.008536756,0.09543419,-0.01157105
22706762711960,-0.012921393,0.16187477,-0.019999027,-0.012921393,0.16187477,-0.019999027
22706770646530,-0.0035296082,0.046331406,-0.0043444633,-0.0035296082,0.046331406,-0.0043444633
22706778611618,0.014008045,-0.13109398,0.44000039,0.014008045,-0.13109398,0.44000039
22706786546189,0.105477214,-0.11686134,0.067076445,0.105477214,-0.11686134,0.067076445
22706794450241,0.11814189,-0.040305138,-0.3076238,0.11814189,-0.040305138,-0.3076238
22706802323776,0.17881316,0.08409023,-0.22322935,0.17881316,0.08409023,-0.22322935
22706810258347,0.26590687,0.19648457,-0.15359831,0.26590687,0.19648457,-0.15359831
22706818162399,0.36067018,0.22511673,0.050094128,0.36067018,0.22511673,0.050094128
22706826066452,0.6367033,0.1554451,0.4036311,0.6367033,0.1554451,0.4036311
22706833970505,1.1800938,0.11643505,0.9654333,1.1800938,0.11643505,0.9654333
22706841874558,1.8178893,0.14814568,1.4598923,1.8178893,0.14814568,1.4598923
22706849809128,2.361946,0.3001232,1.6869123,2.361946,0.3001232,1.6869123
22706857774216,2.6979709,0.36375904,1.8165252,2.6979709,0.36375904,1.8165252
22706865647751,2.537838,0.5072975,1.8611434,2.537838,0.5072975,1.8611434
22706873582321,2.0892332,0.5708103,2.408279,2.0892332,0.5708103,2.408279
22706881455856,1.6926962,0.44456196,3.1376748,1.6926962,0.44456196,3.1376748
22706889359909,1.6638925,0.4096403,3.6514583,1.6638925,0.4096403,3.6514583
22706897294480,1.6232281,0.51158714,4.286323,1.6232281,0.51158714,4.286323
22706905229050,1.1580913,0.70984745,4.9614506,1.1580913,0.70984745,4.9614506
22706913163620,0.56374896,0.89685535,5.53915,0.56374896,0.89685535,5.53915
22706921098190,-0.07590371,1.1686687,5.181961,-0.07590371,1.1686687,5.181961
22706929032761,-0.016599298,1.613368,5.887994,-0.016599298,1.613368,5.887994
22706936936814,1.1627743,2.1831503,6.4429827,1.1627743,2.1831503,6.4429827
22706944871384,2.3340266,3.19913,4.9244585,2.3340266,3.19913,4.9244585
22706952775437,3.316457,4.6515627,4.5268683,3.316457,4.6515627,4.5268683
22706960710007,4.2004247,5.8429623,6.299933,4.2004247,5.8429623,6.299933
22706968614060,4.3558283,5.8272085,3.4540105,4.3558283,5.8272085,3.4540105
22706976579148,4.460099,5.5430136,2.412571,4.460099,5.5430136,2.412571
22706984452683,4.428529,5.2772217,1.0980722,4.428529,5.2772217,1.0980722
22706992417771,4.6304054,4.338441,-3.100205,4.6304054,4.338441,-3.100205
22707000321823,5.2263737,2.2853394,-5.8713007,5.2263737,2.2853394,-5.8713007
22707008256394,6.66064,0.20378971,-6.6797314,6.66064,0.20378971,-6.6797314
22707016160446,7.7797637,-1.3402014,-9.268057,7.7797637,-1.3402014,-9.268057
22707024095017,9.284798,-2.0341296,-6.9887924,9.284798,-2.0341296,-6.9887924
22707032029587,10.704746,-2.759008,-5.16665,10.704746,-2.759008,-5.16665
22707039903122,10.800165,-3.8795872,-7.5670304,10.800165,-3.8795872,-7.5670304
22707047837692,10.214584,-3.9359946,-7.4822726,10.214584,-3.9359946,-7.4822726
22707055741745,10.508374,-4.133046,-1.406175,10.508374,-4.133046,-1.406175
22707063645798,12.457358,-4.754915,0.96097606,12.457358,-4.754915,0.96097606
22707071519333,13.906012,-5.235249,-2.196704,13.906012,-5.235249,-2.196704
22707079453903,14.082914,-4.779791,-2.638298,14.082914,-4.779791,-2.638298
22707087388474,13.58737,-3.8372393,-1.025288,13.58737,-3.8372393,-1.025288
22707095323044,12.274385,-3.2838397,-3.1245117,12.274385,-3.2838397,-3.1245117
22707103257614,10.140841,-2.989987,-7.038152,10.140841,-2.989987,-7.038152
22707111161667,7.66545,-1.8901396,-6.748369,7.66545,-1.8901396,-6.748369
22707119096237,5.8742876,-0.7098913,-5.283089,5.8742876,-0.7098913,-5.283089
22707127000290,4.2001114,0.6737509,-8.808669,4.2001114,0.6737509,-8.808669
22707134965378,2.850262,2.2232056,-11.104165,2.850262,2.2232056,-11.104165
22707142838913,1.7224464,3.6321917,-8.341557,1.7224464,3.6321917,-8.341557
22707150804001,0.9036169,4.5846357,-8.04209,0.9036169,4.5846357,-8.04209
22707158769089,0.16404057,5.5714426,-9.376594,0.16404057,5.5714426,-9.376594
22707166703659,-0.786247,6.8873262,-9.133155,-0.786247,6.8873262,-9.133155
22707174638230,-1.1312952,8.633746,-8.856351,-1.1312952,8.633746,-8.856351
22707182572800,-1.0073752,10.58884,-8.994497,-1.0073752,10.58884,-8.994497
22707190537888,9.902584,15.090259,18.683125,9.902584,15.090259,18.683125
22707198441940,5.9455204,16.545773,-44.063705,5.9455204,16.545773,-44.063705
22707206376511,-44.490128,13.55437,12.154848,-44.490128,13.55437,12.154848
22707214280564,-43.872814,11.477083,1.7867633,-43.872814,11.477083,1.7867633
22707222215134,-9.102241,1.4565125,-9.662185,-9.102241,1.4565125,-9.662185
22707230149704,3.44129,-1.3420782,-18.069643,3.44129,-1.3420782,-18.069643
22707238053757,-3.8586946,5.4034657,2.2165313,-3.8586946,5.4034657,2.2165313
22707245988327,-0.51222897,9.1132765,10.923871,-0.51222897,9.1132765,10.923871
22707253861862,4.861958,9.15189,-1.5158215,4.861958,9.15189,-1.5158215
22707261765915,11.68699,11.572964,-1.8884758,11.68699,11.572964,-1.8884758
22707269669968,9.935447,11.916784,1.3099165,9.935447,11.916784,1.3099165
22707277574021,-1.0889325,8.069017,-3.971851,-1.0889325,8.069017,-3.971851
22707285508591,-9.588597,5.0705404,-8.963608,-9.588597,5.0705404,-8.963608
22707293412644,-16.800312,4.1790376,-7.287468,-16.800312,4.1790376,-7.287468
22707301316696,-23.37603,3.58643,-7.8452225,-23.37603,3.58643,-7.8452225
22707309190231,-26.413162,2.5692167,-8.928448,-26.413162,2.5692167,-8.928448
22707317124802,-25.375055,1.3227696,-7.7147894,-25.375055,1.3227696,-7.7147894
22707325028855,-20.369007,1.2384901,-6.8868074,-20.369007,1.2384901,-6.8868074
22707332963425,-14.91774,1.7688227,-5.839205,-14.91774,1.7688227,-5.839205
22707340897995,-10.335884,2.3123684,-5.0424595,-10.335884,2.3123684,-5.0424595
22707348802048,-7.299055,2.825696,-5.0634193,-7.299055,2.825696,-5.0634193
22707356736618,-6.5113926,2.8495378,-4.619916,-6.5113926,2.8495378,-4.619916
22707364701706,-8.316035,1.8546758,-4.796079,-8.316035,1.8546758,-4.796079
22707372636276,-11.190464,0.7310262,-5.0538473,-11.190464,0.7310262,-5.0538473
22707380540329,-13.887625,0.049967766,-4.301748,-13.887625,0.049967766,-4.301748
22707388474899,-15.11533,-0.23838425,-2.9459927,-15.11533,-0.23838425,-2.9459927
22707396378952,-14.098391,-0.4001236,-2.339498,-14.098391,-0.4001236,-2.339498
22707404283005,-12.0664215,-0.43992233,-3.4623213,-12.0664215,-0.43992233,-3.4623213
22707412156540,-10.168179,-0.23580456,-2.8040378,-10.168179,-0.23580456,-2.8040378
22707420060593,-8.519689,0.11635685,-1.7943568,-8.519689,0.11635685,-1.7943568
22707427964646,-7.205126,0.502223,-1.0831859,-7.205126,0.502223,-1.0831859
22707435838181,-6.300132,0.7300081,-1.0491152,-6.300132,0.7300081,-1.0491152
22707443803269,-5.666354,0.8811512,-0.958483,-5.666354,0.8811512,-0.958483
22707451707321,-5.3272233,0.7822237,-0.54128885,-5.3272233,0.7822237,-0.54128885
22707459611374,-5.1132455,0.5268192,-0.89524484,-5.1132455,0.5268192,-0.89524484
22707467515427,-5.259131,0.21986961,-1.5866103,-5.259131,0.21986961,-1.5866103
22707475388962,-5.812289,0.0810442,-1.8468975,-5.812289,0.0810442,-1.8468975
22707483323532,-6.319104,0.022187233,-1.5445392,-6.319104,0.022187233,-1.5445392
22707491227585,-6.482733,0.08315468,-1.9371073,-6.482733,0.08315468,-1.9371073
22707499162155,-6.3393917,0.27452564,-1.9857777,-6.3393917,0.27452564,-1.9857777
22707507066208,-5.7929506,0.5579138,-1.901015,-5.7929506,0.5579138,-1.901015
22707515031296,-4.917532,0.8097992,-1.1459248,-4.917532,0.8097992,-1.1459248
22707522935349,-3.915312,0.8763933,-0.6314012,-3.915312,0.8763933,-0.6314012
22707530869919,-2.8785074,0.7927723,-1.2855513,-2.8785074,0.7927723,-1.2855513
22707538804489,-2.3060787,0.7982149,-1.6722652,-2.3060787,0.7982149,-1.6722652
22707546739060,-2.4142518,0.82334995,-1.6057191,-2.4142518,0.82334995,-1.6057191
22707554704148,-2.8468502,0.8539648,-1.8897778,-2.8468502,0.8539648,-1.8897778
22707562608200,-3.164132,0.9903984,-1.7704861,-3.164132,0.9903984,-1.7704861
22707570512253,-3.0319743,1.1275558,-1.3350382,-3.0319743,1.1275558,-1.3350382
22707578446823,-2.5634072,1.226306,-1.33084,-2.5634072,1.226306,-1.33084
22707586411911,-1.9984082,1.3941069,-1.0607696,-1.9984082,1.3941069,-1.0607696
22707594315964,-1.3537232,1.5252104,-0.26787746,-1.3537232,1.5252104,-0.26787746
22707602220017,-0.8221113,1.6021824,-0.12150735,-0.8221113,1.6021824,-0.12150735
22707610124069,-0.38534048,1.7823429,-0.8280424,-0.38534048,1.7823429,-0.8280424
22707618058640,0.015814543,2.0751848,-0.5486476,0.015814543,2.0751848,-0.5486476
22707625962692,0.41735506,2.3750086,0.3722779,0.41735506,2.3750086,0.3722779
22707633866745,0.89242315,2.341548,1.1499716,0.89242315,2.341548,1.1499716
22707641801315,1.2567139,1.9675608,1.072835,1.2567139,1.9675608,1.072835
22707649766403,1.8311452,1.7031698,0.50024027,1.8311452,1.7031698,0.50024027
22707657670456,2.1544206,1.6656713,0.2754175,2.1544206,1.6656713,0.2754175
22707665574509,2.3261805,1.6680231,0.27220058,2.3261805,1.6680231,0.27220058
22707673478562,2.098507,1.5997496,0.01364845,2.098507,1.5997496,0.01364845
22707681443649,1.7828625,1.5708332,-0.24506736,1.7828625,1.5708332,-0.24506736
22707689347702,1.6635282,1.5807562,-0.5187048,1.6635282,1.5807562,-0.5187048
22707697251755,1.7984269,1.6386166,-0.60659564,1.7984269,1.6386166,-0.60659564
22707705155808,2.0580182,1.6603403,-0.51807714,2.0580182,1.6603403,-0.51807714
22707713029343,2.3481731,1.652792,-0.5833846,2.3481731,1.652792,-0.5833846
22707720994431,2.4729018,1.4893045,-0.9113788,2.4729018,1.4893045,-0.9113788
22707728898483,2.4206543,1.3832388,-0.9749989,2.4206543,1.3832388,-0.9749989
22707736833054,2.4038548,1.3007793,-0.8788154,2.4038548,1.3007793,-0.8788154
22707744737106,2.454258,1.2540092,-1.2507508,2.454258,1.2540092,-1.2507508
22707752610642,2.558736,1.2354088,-1.4981804,2.558736,1.2354088,-1.4981804
22707760545212,2.8129234,1.0771866,-1.3180411,2.8129234,1.0771866,-1.3180411
22707768449265,3.2841735,0.88426304,-1.3042667,3.2841735,0.88426304,-1.3042667
22707776353317,3.9301744,0.71869373,-1.6585538,3.9301744,0.71869373,-1.6585538
22707784287888,4.3336096,0.73370934,-1.2890166,4.3336096,0.73370934,-1.2890166
22707792191940,4.6190543,0.7497597,-1.0880852,4.6190543,0.7497597,-1.0880852
22707800126511,4.7863646,0.7430134,-1.1233828,4.7863646,0.7430134,-1.1233828
22707808061081,4.7521133,0.80210686,-1.0789531,4.7521133,0.80210686,-1.0789531
22707815965134,4.648244,0.9295416,-1.0331063,4.648244,0.9295416,-1.0331063
22707823899704,4.382137,0.94591236,-0.8922252,4.382137,0.94591236,-0.8922252
22707831803757,4.1742983,0.7962713,-0.74906474,4.1742983,0.7962713,-0.74906474
22707839707810,4.1680393,0.6698103,-0.705735,4.1680393,0.6698103,-0.705735
22707847581345,4.2794685,0.56892395,-0.49435198,4.2794685,0.56892395,-0.49435198
22707855485398,4.3660064,0.47000217,-0.5036139,4.3660064,0.47000217,-0.5036139
22707863389450,4.4092493,0.4067316,-0.54408556,4.4092493,0.4067316,-0.54408556
22707871262985,4.454571,0.45337486,-0.5052634,4.454571,0.45337486,-0.5052634
22707879228073,4.407164,0.4736452,-0.48018783,4.407164,0.4736452,-0.48018783
22707887101608,4.360407,0.34787846,-0.62422526,4.360407,0.34787846,-0.62422526
22707895005661,4.226378,0.2750969,-1.3633192,4.226378,0.2750969,-1.3633192
22707902940231,4.0605702,0.32937622,-1.5700085,4.0605702,0.32937622,-1.5700085
22707910844284,4.1819015,0.37865448,-1.2368059,4.1819015,0.37865448,-1.2368059
22707918748337,4.489169,0.3103094,-0.7236379,4.489169,0.3103094,-0.7236379
22707926621872,4.636202,0.083919525,-0.79023665,4.636202,0.083919525,-0.79023665
22707934556442,4.6499343,-0.08251572,-1.0387547,4.6499343,-0.08251572,-1.0387547
22707942491013,4.643153,-0.08137894,-0.9256244,4.643153,-0.08137894,-0.9256244
22707950395065,4.6064563,-0.089800835,-0.7143041,4.6064563,-0.089800835,-0.7143041
22707958299118,4.4782467,-0.19856167,-0.8245548,4.4782467,-0.19856167,-0.8245548
22707966172653,4.254254,-0.26872063,-0.9615664,4.254254,-0.26872063,-0.9615664
22707974107224,4.0614896,-0.24524784,-0.7261247,4.0614896,-0.24524784,-0.7261247
22707982011276,3.954876,-0.24073029,-0.5333478,3.954876,-0.24073029,-0.5333478
22707989884812,3.7935834,-0.29806614,-0.68951005,3.7935834,-0.29806614,-0.68951005
22707997849899,3.5831292,-0.27117443,-0.7061943,3.5831292,-0.27117443,-0.7061943
22708005784470,3.4714603,-0.23437977,-0.52444875,3.4714603,-0.23437977,-0.52444875
22708013688523,3.453485,-0.23798084,-0.3309821,3.453485,-0.23798084,-0.3309821
22708021592575,3.4741228,-0.26997375,-0.20652437,3.4741228,-0.26997375,-0.20652437
22708029466110,3.597534,-0.2657194,0.014460683,3.597534,-0.2657194,0.014460683
22708037400681,3.653982,-0.32818127,0.00842613,3.653982,-0.32818127,0.00842613
22708045365769,3.6602283,-0.41184425,-0.11395007,3.6602283,-0.41184425,-0.11395007
22708053269821,3.6874695,-0.42577457,-0.09229636,3.6874695,-0.42577457,-0.09229636
22708061173874,3.677771,-0.42748165,0.019831866,3.677771,-0.42748165,0.019831866
22708069047409,3.481257,-0.4887066,-0.046928257,3.481257,-0.4887066,-0.046928257
22708076951462,3.1346383,-0.57834053,-0.024863094,3.1346383,-0.57834053,-0.024863094
22708084916550,2.733862,-0.88314056,-0.09585583,2.733862,-0.88314056,-0.09585583
22708092820603,2.4484544,-0.94322586,-0.7698383,2.4484544,-0.94322586,-0.7698383
22708100755173,3.198099,-0.35390663,-1.0745658,3.198099,-0.35390663,-1.0745658
22708108659226,3.3155112,0.1302023,0.13536921,3.3155112,0.1302023,0.13536921
22708116593796,2.6747208,0.051628113,1.170785,2.6747208,0.051628113,1.170785
22708124528366,2.2769914,-0.5532074,0.26811096,2.2769914,-0.5532074,0.26811096
22708132462937,2.5424974,-0.68334866,-0.39733395,2.5424974,-0.68334866,-0.39733395
22708140397507,2.9372122,-0.24562263,-0.5130369,2.9372122,-0.24562263,-0.5130369
22708148301560,2.6623764,7.133484E-4,-0.38032553,2.6623764,7.133484E-4,-0.38032553
22708156266648,1.9876072,-0.05934906,-0.25690815,1.9876072,-0.05934906,-0.25690815
22708164170700,1.1494324,-0.04994297,-0.072817385,1.1494324,-0.04994297,-0.072817385
22708172074753,0.6061879,-0.1458559,0.27406964,0.6061879,-0.1458559,0.27406964
22708179948288,0.4455669,-0.16746998,0.0542835,0.4455669,-0.16746998,0.0542835
22708187882858,0.97777164,0.4526472,-0.07474357,0.97777164,0.4526472,-0.07474357
22708195786911,1.1494999,1.0364094,0.43810758,1.1494999,1.0364094,0.43810758
22708203721481,0.8959715,2.0669537,1.2763412,0.8959715,2.0669537,1.2763412
22708211656052,-0.740501,1.7143631,2.5710943,-0.740501,1.7143631,2.5710943
22708219560105,-2.8052542,1.1042547,2.5799434,-2.8052542,1.1042547,2.5799434
22708227494675,-4.345535,0.72842884,1.3364974,-4.345535,0.72842884,1.3364974
22708235459763,-5.1308746,0.67825794,0.16710922,-5.1308746,0.67825794,0.16710922
22708243394333,-4.9156194,0.74318695,-0.1958876,-4.9156194,0.74318695,-0.1958876
22708251298386,-4.1027675,0.80352783,0.021926433,-4.1027675,0.80352783,0.021926433
22708259202439,-3.457079,0.5503206,0.7982597,-3.457079,0.5503206,0.7982597
22708267106491,-2.869742,0.15605831,1.2965584,-2.869742,0.15605831,1.2965584
22708274980026,-2.2549937,-0.012848854,0.8659684,-2.2549937,-0.012848854,0.8659684
22708282914597,-1.6683751,-0.004237175,-0.001654774,-1.6683751,-0.004237175,-0.001654774
22708290849167,-1.0632021,0.054995537,-0.60651624,-1.0632021,0.054995537,-0.60651624
22708298783737,-0.36652398,0.047667503,-1.0901788,-0.36652398,0.047667503,-1.0901788
22708306718308,0.13276738,0.031121254,-1.0955379,0.13276738,0.031121254,-1.0955379
22708314683396,0.42455125,-0.056999207,-0.83866405,0.42455125,-0.056999207,-0.83866405
22708322587448,0.4867127,-0.17845821,-0.74099374,0.4867127,-0.17845821,-0.74099374
22708330491501,0.4331078,-0.18728447,-0.8222753,0.4331078,-0.18728447,-0.8222753
22708338395554,0.29268056,-0.13617134,-0.8386996,0.29268056,-0.13617134,-0.8386996
22708346299606,0.1477949,-0.03720665,-0.78474736,0.1477949,-0.03720665,-0.78474736
22708354203659,-0.053767353,-0.017317772,-0.82348466,-0.053767353,-0.017317772,-0.82348466
22708362168747,-0.3426326,-0.03581524,-1.012018,-0.3426326,-0.03581524,-1.012018
22708370103317,-0.6515848,0.060526848,-1.2520301,-0.6515848,0.060526848,-1.2520301
22708378037888,-0.9326371,0.072999954,-1.3780057,-0.9326371,0.072999954,-1.3780057
22708385941940,-1.186064,0.083008766,-1.3374199,-1.186064,0.083008766,-1.3374199
22708393845993,-1.2783954,0.095360756,-1.2356783,-1.2783954,0.095360756,-1.2356783
22708401750046,-1.301194,0.07417202,-1.1131546,-1.301194,0.07417202,-1.1131546
22708409684616,-1.2735275,3.1661987E-4,-1.0962629,-1.2735275,3.1661987E-4,-1.0962629
22708417619187,-1.2502124,-0.032818794,-1.064913,-1.2502124,-0.032818794,-1.064913
22708425523239,-1.2672315,-0.0133161545,-0.88359636,-1.2672315,-0.0133161545,-0.88359636
22708433427292,-1.2748034,0.006134987,-0.50967056,-1.2748034,0.006134987,-0.50967056
22708441331345,-1.1754041,-0.024727821,-0.28301305,-1.1754041,-0.024727821,-0.28301305
22708449235398,-0.99348134,-0.02447319,-0.18899155,-0.99348134,-0.02447319,-0.18899155
22708457169968,-0.910496,-0.02662468,-0.15071607,-0.910496,-0.02662468,-0.15071607
22708465104538,-0.8711053,-0.0072278976,-0.18943304,-0.8711053,-0.0072278976,-0.18943304
22708473008591,-0.90639436,0.043291092,-0.09686315,-0.90639436,0.043291092,-0.09686315
22708480973679,-0.93456596,0.04139614,0.089070916,-0.93456596,0.04139614,0.089070916
22708488908249,-0.9452876,0.02265644,0.32230675,-0.9452876,0.02265644,0.32230675
22708496812302,-0.8046692,-0.036761284,0.2796895,-0.8046692,-0.036761284,0.2796895
22708504716355,-0.6378919,-0.045832634,0.15172583,-0.6378919,-0.045832634,0.15172583
22708512650925,-0.50683016,-0.064377785,-0.0076853633,-0.50683016,-0.064377785,-0.0076853633
22708520616013,-0.44678977,-0.085268974,-7.1406364E-5,-0.44678977,-0.085268974,-7.1406364E-5
22708528489548,-0.47302163,-0.09173393,-0.10736191,-0.47302163,-0.09173393,-0.10736191
22708536454636,-0.4634924,0.0024080276,-0.12359899,-0.4634924,0.0024080276,-0.12359899
22708544328171,-0.48425332,-0.06381512,-0.14211863,-0.48425332,-0.06381512,-0.14211863
22708552293259,-0.45617834,-0.08920193,-0.3364609,-0.45617834,-0.08920193,-0.3364609
22708560197312,-0.3890532,-0.09057331,-0.376949,-0.3890532,-0.09057331,-0.376949
22708568101364,-0.31370962,-0.06322193,-0.28851098,-0.31370962,-0.06322193,-0.28851098
22708576005417,-0.23075727,-0.021549225,-0.12650669,-0.23075727,-0.021549225,-0.12650669
22708583878952,-0.13794121,0.012896538,-0.022604048,-0.13794121,0.012896538,-0.022604048
22708591844040,-0.09680589,-0.0028905869,-0.20787448,-0.09680589,-0.0028905869,-0.20787448
22708599748093,-0.11606413,0.03644657,-0.3710631,-0.11606413,0.03644657,-0.3710631
22708607682663,-0.207158,0.04703045,-0.27851903,-0.207158,0.04703045,-0.27851903
22708615586716,-0.30737588,0.0025863647,-0.29827195,-0.30737588,0.0025863647,-0.29827195
22708623460251,-0.40425113,-0.029836655,-0.37279475,-0.40425113,-0.029836655,-0.37279475
22708631394821,-0.45965979,-0.0071086884,-0.43953842,-0.45965979,-0.0071086884,-0.43953842
22708639298874,-0.49280745,0.010884285,-0.43897712,-0.49280745,0.010884285,-0.43897712
22708647202927,-0.47072065,0.069475174,-0.16204602,-0.47072065,0.069475174,-0.16204602
22708655106980,-0.39621693,0.029808044,0.022725463,-0.39621693,0.029808044,0.022725463
22708663011032,-0.25797778,-3.118515E-4,-0.02508831,-0.25797778,-3.118515E-4,-0.02508831
22708670915085,-0.09948596,-0.030493736,0.005510688,-0.09948596,-0.030493736,0.005510688
22708678849655,0.08141805,-0.01521492,-0.090955615,0.08141805,-0.01521492,-0.090955615
22708686784226,0.12499226,0.026414871,-0.31171483,0.12499226,0.026414871,-0.31171483
22708694718796,0.039686255,0.024960518,-0.312271,0.039686255,0.024960518,-0.312271
22708702653366,-0.1311559,-0.03395176,-0.25315636,-0.1311559,-0.03395176,-0.25315636
22708710557419,-0.31031322,-0.09280777,-0.30389118,-0.31031322,-0.09280777,-0.30389118
22708718522507,-0.4022655,-0.08697033,-0.28260422,-0.4022655,-0.08697033,-0.28260422
22708726426560,-0.38850182,-0.109885216,-0.17074835,-0.38850182,-0.109885216,-0.17074835
22708734330612,-0.24807869,-0.07296753,-0.15255594,-0.24807869,-0.07296753,-0.15255594
22708742265183,-0.1369829,0.016551018,-0.017737865,-0.1369829,0.016551018,-0.017737865
22708750199753,-0.08174707,-0.0017786026,0.15441048,-0.08174707,-0.0017786026,0.15441048
22708758164841,-0.100816295,-0.04637909,-0.09186518,-0.100816295,-0.04637909,-0.09186518
22708766038376,-0.22225532,-0.026254654,-0.20349562,-0.22225532,-0.026254654,-0.20349562
22708773972946,-0.3739202,-0.01573658,-0.054696918,-0.3739202,-0.01573658,-0.054696918
22708781938034,-0.43402356,-0.01004982,0.12221533,-0.43402356,-0.01004982,0.12221533
22708789842087,-0.4338324,-0.03548336,0.18884397,-0.4338324,-0.03548336,0.18884397
22708797776657,-0.3522117,-0.02254486,0.057262063,-0.3522117,-0.02254486,0.057262063
22708805711228,-0.29213566,-0.043089867,-0.0070756674,-0.29213566,-0.043089867,-0.0070756674
22708813615280,-0.26106712,-0.08991146,-0.18822658,-0.26106712,-0.08991146,-0.18822658
22708821580368,-0.24467292,-0.06723881,-0.35450053,-0.24467292,-0.06723881,-0.35450053
22708829514939,-0.3236163,-0.020578384,-0.2811519,-0.3236163,-0.020578384,-0.2811519
22708837480026,-0.40196154,-0.08166313,-0.2033304,-0.40196154,-0.08166313,-0.2033304
22708845384079,-0.37958908,-0.05893612,-0.1638341,-0.37958908,-0.05893612,-0.1638341
22708853318649,-0.37157437,-0.03380108,-0.12675643,-0.37157437,-0.03380108,-0.12675643
22708861192185,-0.34437388,-0.0015649796,0.06990409,-0.34437388,-0.0015649796,0.06990409
22708869096237,-0.2342341,-0.012532234,0.20833212,-0.2342341,-0.012532234,0.20833212
22708877030808,-0.12726131,-0.033000946,-0.12656724,-0.12726131,-0.033000946,-0.12656724
22708884965378,-0.10001239,-0.010316849,-0.28608978,-0.10001239,-0.010316849,-0.28608978
22708892869431,-0.20184615,-0.006793976,-0.26625454,-0.20184615,-0.006793976,-0.26625454
22708900804001,-0.33429843,0.015895844,-0.251302,-0.33429843,0.015895844,-0.251302
22708908708054,-0.43253475,-0.030809402,-0.20999861,-0.43253475,-0.030809402,-0.20999861
22708916642624,-0.42989188,-0.06556511,-0.13315189,-0.42989188,-0.06556511,-0.13315189
22708924577194,-0.38888246,-0.06920624,-0.14030457,-0.38888246,-0.06920624,-0.14030457
22708932481247,-0.34093183,-0.034529686,-0.21440351,-0.34093183,-0.034529686,-0.21440351
22708940415817,0.23393172,-0.009541512,-0.327152,0.23393172,-0.009541512,-0.327152
22708948380905,1.041989,0.05838585,-0.2780037,1.041989,0.05838585,-0.2780037
22708956315476,0.5169615,0.10002422,-0.16471922,0.5169615,0.10002422,-0.16471922
22708964219528,-0.1711486,0.06269932,0.051179647,-0.1711486,0.06269932,0.051179647
22708972093064,-0.84103346,0.03014946,0.0030653477,-0.84103346,0.03014946,0.0030653477
22708980027634,-1.51637,-0.023943901,0.24640977,-1.51637,-0.023943901,0.24640977
22708987962204,-1.0241302,-0.14980984,0.023456216,-1.0241302,-0.14980984,0.023456216
22708995896774,-0.35480613,-0.12958145,-0.2534902,-0.35480613,-0.12958145,-0.2534902
22709003831345,-0.2155219,-0.037592888,-0.19550931,-0.2155219,-0.037592888,-0.19550931
22709011765915,-0.26368785,-0.010383606,-0.059406042,-0.26368785,-0.010383606,-0.059406042
22709019700485,-0.31953433,-0.15807056,0.13334656,-0.31953433,-0.15807056,0.13334656
22709027665573,-0.1850979,-0.047211647,0.031790257,-0.1850979,-0.047211647,0.031790257
22709035569626,-0.18017429,-0.020145416,-0.026569605,-0.18017429,-0.020145416,-0.026569605
22709043473679,-0.22818333,0.04039383,0.027286768,-0.22818333,0.04039383,0.027286768
22709051377731,-0.23558405,0.05302334,0.097732425,-0.23558405,0.05302334,0.097732425
22709059251267,-0.24043581,0.032117844,0.12247074,-0.24043581,0.032117844,0.12247074
22709067185837,-0.17397287,-0.012693405,-0.010368943,-0.17397287,-0.012693405,-0.010368943
22709075120407,-0.088823766,0.040665627,-0.06639683,-0.088823766,0.040665627,-0.06639683
22709083054978,6.0766935E-4,-0.00411129,-0.13881528,6.0766935E-4,-0.00411129,-0.13881528
22709090959030,0.032247126,-0.020196915,-0.074956775,0.032247126,-0.020196915,-0.074956775
22709098924118,-0.036419123,-0.055455208,0.017377257,-0.036419123,-0.055455208,0.017377257
22709106889206,-0.1717433,-0.05715847,-0.04101062,-0.1717433,-0.05715847,-0.04101062
22709114793259,-0.29949182,-0.04209137,-0.09468889,-0.29949182,-0.04209137,-0.09468889
22709122727829,-0.3193202,-6.828308E-4,-0.03352034,-0.3193202,-6.828308E-4,-0.03352034
22709130631882,-0.2673639,0.023914337,0.101493,-0.2673639,0.023914337,0.101493
22709138505417,-0.2442525,0.036499023,0.18115151,-0.2442525,0.036499023,0.18115151
22709146439987,-0.1566379,0.020399094,0.05527532,-0.1566379,0.020399094,0.05527532
22709154405075,-0.15548372,-0.029164314,-0.12994719,-0.15548372,-0.029164314,-0.12994719
22709162309128,-0.2477234,0.026650429,-0.23355746,-0.2477234,0.026650429,-0.23355746
22709170213181,-0.3469627,0.02972126,-0.11033261,-0.3469627,0.02972126,-0.11033261
22709178178269,-0.40272534,-0.053530693,0.15302885,-0.40272534,-0.053530693,0.15302885
22709186082321,-0.36777103,-0.08173561,0.100293994,-0.36777103,-0.08173561,0.100293994
22709194016892,-0.28811526,-0.0332613,-0.15997422,-0.28811526,-0.0332613,-0.15997422
22709201951462,-0.108973086,0.07266998,-0.21634805,-0.108973086,0.07266998,-0.21634805
22709209855515,0.014273584,0.104216576,-0.08684039,0.014273584,0.104216576,-0.08684039
22709217790085,-0.0847345,-0.03655815,-0.4383005,-0.0847345,-0.03655815,-0.4383005
22709225724655,-0.2661646,0.057602882,-1.199928,-0.2661646,0.057602882,-1.199928
22709233659226,-0.07054043,0.18913841,0.08642948,-0.07054043,0.18913841,0.08642948
22709241593796,0.054940224,-0.055520058,0.45390242,0.054940224,-0.055520058,0.45390242
22709249558884,-0.122461975,-0.21118069,-0.038030982,-0.122461975,-0.21118069,-0.038030982
22709257432419,-0.32992887,-0.10831833,0.35268342,-0.32992887,-0.10831833,0.35268342
22709265336472,-0.28201717,-0.02221489,0.49950886,-0.28201717,-0.02221489,0.49950886
22709273271042,-0.42990237,-0.031677246,0.5614049,-0.42990237,-0.031677246,0.5614049
22709281205612,-0.4118502,-0.036229134,0.6406161,-0.4118502,-0.036229134,0.6406161
22709289140183,-0.28897065,-0.016613007,0.22846067,-0.28897065,-0.016613007,0.22846067
22709297044235,-0.12676883,-0.15725136,-0.34480906,-0.12676883,-0.15725136,-0.34480906
22709304978806,-0.10929704,-0.008395195,-0.1816976,-0.10929704,-0.008395195,-0.1816976
22709312913376,-0.22615814,0.14499855,0.06591046,-0.22615814,0.14499855,0.06591046
22709320847946,-0.34520173,0.05419159,0.069265604,-0.34520173,0.05419159,0.069265604
22709328782517,-0.23248935,-0.06057453,0.07988143,-0.23248935,-0.06057453,0.07988143
22709336686569,0.008461595,0.008975029,0.090659976,0.008461595,0.008975029,0.090659976
22709344651657,0.07694125,0.052188873,0.12302041,0.07694125,0.052188873,0.12302041
22709352555710,0.12634814,0.023582458,0.18170941,0.12634814,0.023582458,0.18170941
