47975160632292,0.021064103,-0.34404707,-0.27813387
47975168597380,0.016110182,-0.2175436,-0.18044186
47975176470915,-3.0100346E-6,-3.8146973E-6,3.8146973E-6
47975184374968,1.331903E-4,-0.01901102,-0.014628887
47975192279020,-0.004602462,-0.11356592,-0.08681297
47975200183073,-0.0040186644,-0.1814847,-0.13917923
47975208056608,-6.5754354E-4,-0.102473736,-0.078546524
47975215960661,-1.0708533E-4,-0.04406309,-0.0325222
47975223834196,1.368327E-4,-0.060640812,-0.044598103
47975231768767,-2.449602E-4,-0.051716805,-0.038136005
47975239764372,0.00563702,0.20445156,0.14937115
47975247698942,0.018947423,0.46732616,0.32652092
47975255572477,0.017027974,0.48733807,0.3259101
47975263476530,0.009833932,0.49487305,0.31045914
47975271441618,-0.017533958,0.54003906,0.30557728
47975279315153,-0.034530103,0.3718214,0.18444681
47975287188688,-0.058717728,0.45052338,0.18978095
47975295062224,-0.0469501,0.27765942,0.09877348
47975302966276,-0.03275168,0.18201542,0.055865526
47975310931364,-0.033299685,0.16195774,0.044986963
47975318865934,-0.0073593855,0.034879684,0.009945631
47975326831022,-0.07418954,0.4241886,0.10926485
47975334704558,-0.23844576,1.1955128,0.3232932
47975342547575,-0.36215854,1.5247116,0.47591233
47975350482145,-0.29586923,1.4100266,0.4530778
47975358386198,-0.46347404,2.1232605,0.6639092
47975366259733,-0.9142525,3.361476,1.2999637
47975374133268,-0.92053986,3.7785702,1.3691306
47975382006804,-1.1887758,4.356531,1.3911967
47975389971892,-1.2092688,4.9795494,1.2771494
47975397936979,-0.9215442,5.0190268,0.68662727
47975405902067,-0.5416975,4.7947206,0.092390805
47975413806120,-0.19555408,4.9186325,-0.6494336
47975421679655,-0.47604442,4.796628,-1.1667902
47975429644743,-0.63205683,4.622942,-1.8443112
47975437548796,-0.6101483,5.775778,-3.005691
47975445422331,-0.914515,6.411931,-3.5541887
47975453295866,-0.8202363,6.776786,-4.698776
47975461199919,-0.08934787,3.8076186,-2.8764815
47975469165007,0.22722638,2.2064772,-1.7962708
47975477099577,0.6434572,2.3319144,-1.6259193
47975485064665,0.2541747,1.0673857,-0.26752734
47975492968718,-0.14802957,-0.8749819,0.101486206
47975500872770,-0.34747005,-2.0418696,-0.015382912
47975508837858,0.12922406,-1.2350283,-0.6553211
47975516711393,0.21571875,-0.32263947,-0.24098444
47975524615446,0.19858313,-0.25113773,-0.21899128
47975532488981,0.19786286,-0.47304726,-0.50450563
47975540362517,0.18895197,-0.47889137,-0.68177986
47975548297087,0.15036863,-0.8407674,-1.4617243
47975556292692,-0.1871351,-0.6384902,-1.1335697
47975564257780,-0.17229891,-0.4781618,-0.8349271
47975572100798,-0.47908592,-1.0602112,-1.7791653
47975580004851,-0.76299477,-2.2628982,-3.3630695
47975587969938,2.0073102,-2.5311427,-3.3254774
47975595843474,3.1166363,-2.716617,-2.2220883
47975603747526,3.4570665,-2.6785822,-1.5312293
47975611621061,3.717071,-2.7301235,-0.3353879
47975619494597,2.5137377,-2.684161,1.7621732
47975627398649,1.2017891,-2.7889533,1.7872412
47975635394255,0.63341534,-2.3294296,1.5371659
47975643328825,-0.0672096,0.27905083,-0.26154184
47975651232878,-0.15162534,1.4131279,-0.8011594
47975659136931,0.582394,2.7615423,-2.793281
47975667132536,4.188176,6.136308,-15.915375
47975675006071,7.1569843,14.839155,-6.426964
47975682910124,2.2833943,11.643313,-2.5031266
47975690783659,-2.7508035,5.146077,-6.7288685
47975698687712,-0.20783173,7.079411,-9.63389
47975706591765,2.0634656,15.3423,-10.625584
47975714587370,-2.3746834,14.450396,-8.103815
47975722521940,-4.0386686,11.023619,-9.220302
47975730425993,-1.3482435,8.542646,-6.4851294
47975738330046,-0.37371963,6.1888494,-3.8393145
47975746325651,0.8188479,4.5853767,-3.0064793
47975754229704,1.987006,5.1079316,-3.6489348
47975762103239,1.2689269,3.3211632,-0.6916138
47975769976774,0.96754336,2.2895021,-0.63443446
47975777880827,0.82175994,1.8768873,-0.011170208
47975785845915,0.03367722,0.19147015,-0.04412222
47975793780485,0.11385989,-1.5315351,-0.13216591
47975801745573,0.27856505,-1.4739928,-0.3153813
47975809649626,0.015349254,-2.142373,-0.5532068
47975817523161,-0.33952796,-2.081828,-0.5787053
47975825488249,-0.38914263,-1.8811827,-0.9252901
47975833392302,-0.49283826,-2.263505,-1.0949152
47975841265837,-0.37515026,-2.3756223,-1.4744885
47975849139372,-0.2739575,-2.1517234,-1.6753192
47975857012907,-0.10840395,-1.7281861,-1.6944089
47975865008513,-0.3693968,-2.6668077,-1.8362572
47975872943083,-0.5918468,-2.738443,-2.10138
47975880908171,-0.907722,-3.0233064,-1.9706433
47975888781706,-1.0180777,-2.8390265,-1.6366625
47975896685759,-1.5254364,-3.3328457,-1.1448473
47975904681364,-1.8704169,-3.1589274,-0.09172939
47975912554899,-2.420832,-2.7803922,1.1220765
47975920458952,0.5868354,0.1756469,-1.3257322
47975928332487,1.7299008,1.1684432,-3.6895876
47975936236540,0.5382173,1.7070789,-2.4312773
47975944201628,-0.034594476,0.67182636,-0.42105532
47975952166716,0.0014385085,3.3992572,-2.492402
47975960131804,0.39189827,6.5226793,-3.5891304
47975968005339,0.74120355,5.5792437,-3.0167017
47975975848356,1.3086666,5.674888,-3.906035
47975983782927,1.387094,5.881317,-4.5745945
47975991748015,0.5394433,5.7607613,-4.0173187
47975999621550,-0.15090396,6.2456903,-4.056645
47976007495085,0.05608166,6.866929,-4.1792617
47976015368620,0.69829506,6.965768,-3.8341799
47976023303190,1.4248359,6.9233303,-3.3554087
47976031237761,1.9536412,7.171674,-3.3797054
47976039202849,2.132637,7.412283,-3.3814905
47976047106901,1.8648739,7.1806316,-3.0320344
47976054980436,1.4010686,6.797681,-2.5030057
47976062945524,1.1477741,6.424795,-2.1682408
47976070910612,1.3602858,6.1661844,-1.9570646
47976078814665,1.7766733,6.1108685,-1.7872739
47976086688200,2.2718918,6.211399,-1.6097436
47976094592253,2.8784611,6.3929977,-1.5952106
47976102526823,3.6417232,6.483307,-1.2329822
47976110522429,3.852479,6.287097,-1.2924519
47976118456999,3.9023113,5.974221,-1.0933226
47976126361052,3.9089684,5.7332773,-1.2415907
47976134265104,4.050404,5.955335,-1.3296686
47976142230192,3.955759,6.2609663,-1.1754214
47976150103727,3.2567773,5.65924,-0.7764745
47976158007780,3.2354827,4.792981,-0.73099315
47976165881315,4.1877127,3.5446625,-1.1071603
47976173754851,4.2271714,2.6881218,-2.246972
47976181750456,3.6412344,2.1098099,-4.1779776
47976189715544,3.6956625,2.2126179,-5.5379066
47976197680632,2.4737754,2.33217,-5.8742003
47976205554167,-0.56205463,1.2374535,-7.397689
47976213488737,-1.614533,-0.2365427,-9.610862
47976221453825,-2.2919648,-0.9815631,-11.351361
47976229357878,-3.4415557,-0.76711416,-13.356255
47976237231413,-5.2122164,-0.41131163,-13.408336
47976245104948,-6.5412874,-0.6834717,-13.951021
47976252978483,-7.8273444,-1.4163027,-15.183657
47976260943571,-7.501713,-1.1306505,-16.427883
47976268908659,-6.5603395,-0.027301788,-16.137295
47976276843229,-6.4379497,1.182354,-15.345625
47976284747282,-5.524492,2.6329098,-14.578316
47976292651335,-3.5751762,4.5572686,-15.565119
47976300616423,-2.2006428,6.2744327,-16.604115
47976308489958,-2.7457669,6.1348724,-13.178511
47976316394011,-4.2732735,4.0286613,-10.958374
47976324267546,-4.300496,2.3136358,-10.86088
47976332171599,-3.765635,1.6853032,-11.316795
47976340136686,-4.207408,1.01262,-11.780639
47976348071257,-5.3949056,0.5438652,-11.308683
47976356066862,-7.2544875,1.1775231,-12.136005
47976363940397,-8.374654,2.0157027,-13.643323
47976371844450,-10.449651,1.7831159,-15.467106
47976379779020,-11.727236,1.0258136,-15.953158
47976387652556,-10.643068,-0.27687073,-14.144901
47976395526091,-7.135911,-1.5769815,-11.620846
47976403399626,-3.3934643,-1.9012532,-10.730356
47976411273161,0.03159666,-1.197156,-10.369173
47976419268767,0.55668235,-0.13030958,-10.821781
47976427203337,-1.5859733,0.31312227,-10.524148
47976435107390,-3.6583588,0.42068863,-10.828128
47976443011442,-6.11585,-0.10634804,-10.2996025
47976450915495,-6.7384477,-0.72532415,-9.648357
47976458880583,-4.2924237,-0.6588497,-8.543636
47976466784636,-2.4558184,-0.21580315,-6.9883785
47976474658171,-1.275224,0.27682018,-6.0845385
47976482531706,-0.31238604,0.5090399,-5.296583
47976490435759,0.63351625,1.3137178,0.24965382
47976498431364,1.3637612,-0.80508614,3.0834737
47976506396452,5.3627796,-0.19759846,0.38679028
47976514331022,3.6942997,1.7435455,-3.73997
47976522204558,0.18568625,4.3724737,-5.3903575
47976530078093,-6.2299767,4.708185,-4.9762354
47976538012663,-9.344226,2.6227818,-5.2556076
47976545916716,-8.335409,0.56741905,-4.114435
47976553851286,-3.877585,-0.49118805,-1.7609646
47976561724821,-1.2911913,-0.041139603,0.11316085
47976569598356,0.41349518,1.2219963,1.0463827
47976577532927,1.9754966,2.4020662,1.1614196
47976585528532,2.5637462,3.1065845,1.1770673
47976593463102,2.310516,2.7025118,1.0256834
47976601367155,1.4404169,1.6246796,0.87745214
47976609271208,0.57308483,1.0655975,0.100045204
47976617236296,0.14707069,0.9485502,-0.22676969
47976625109831,-0.25430766,0.8330765,-0.22822475
47976633044401,-0.99125767,0.75234604,-0.44453096
47976640917936,-1.2368042,0.62002754,-0.56197214
47976648791472,-1.4922125,0.28075314,-0.438097
47976656787077,-1.4300139,0.007078171,-0.6583545
47976664752165,-1.0354764,-0.14856434,-0.63809896
47976672686735,-0.46225485,-0.0260849,-0.51508904
47976680529753,0.14112377,0.17314816,-0.24283504
47976688433806,0.57749975,0.37973213,0.16217184
47976696429411,1.1949493,0.4452057,0.29568005
47976704302946,1.9001871,0.34810257,0.045325994
47976712206999,2.1583326,0.23215675,-0.047620296
47976720080534,1.7386969,0.08048725,-0.25317383
47976727984587,1.439716,-0.011054993,-0.15983224
47976735980192,1.2704338,-0.27521133,-0.6565356
47976743945280,1.2550638,-0.5921936,-0.9703146
47976751879851,0.77857906,-0.7920561,-1.0508031
47976759753386,0.6739701,-0.79346085,-1.1827496
47976767626921,0.7752844,-0.5270319,-1.294204
47976775561491,0.5876599,-0.18896389,-1.1031251
47976783526579,0.26668286,-0.056996346,-0.9255372
47976791430632,0.26164106,0.036449432,-0.8045287
47976799304167,0.41167587,0.15377522,-0.71193564
47976807177702,0.28392243,0.17534542,-0.6935278
47976815081755,0.18715544,0.27841377,-0.64906156
47976823077360,0.048123103,0.41718864,-0.63967955
47976831042448,-0.16017215,0.35951996,-0.4765768
47976838946501,-0.16710839,0.18917465,-0.4876938
47976846820036,0.11577684,0.071391106,-0.6851405
47976854754606,-0.018754382,0.094605446,-0.9222559
47976862658659,-0.3378072,0.15583134,-1.0767616
47976870593229,-0.588321,0.1925993,-1.3632828
47976878466765,-0.60781366,0.21922588,-1.5158262
47976886370817,-0.6334297,0.17582321,-1.6563158
47976894335905,-0.77751964,-0.0043582916,-1.1489549
47976902270476,-1.2118963,0.030745506,-0.7411498
47976910235563,-0.9499782,0.28617764,-0.5847218
47976918139616,-0.6041256,0.38187122,-0.48348463
47976926043669,-0.591656,0.46893787,-0.25668168
47976934008757,-0.43611997,0.76000786,-0.22574997
47976941882292,-0.19599399,0.9294052,-0.16539645
47976949786345,-0.07613777,0.89800644,-0.010503292
47976957659880,0.15072277,0.7111168,-0.009299755
47976965533415,0.28551,0.47406483,-0.15452242
47976973467985,0.28290918,0.24182701,-0.35240424
47976981433073,0.13110971,0.17237854,-0.7008877
47976989367643,-0.3258733,0.15314484,-1.0441303
47976997271696,-0.8301164,0.1027298,-1.3438417
47977005175749,-1.2777926,-0.029292107,-1.5228286
47977013140837,-1.5035876,-0.22385883,-1.5735079
47977021014372,-1.9524006,-0.36617756,-1.4258149
47977028918425,-2.092463,-0.30778122,-1.3192549
47977036791960,-1.6900626,-0.18215561,-0.6220126
47977044665495,-1.4500053,0.099318504,-0.4786054
47977052569548,-0.67842793,0.3142023,-0.37294316
47977060534636,-0.34358257,0.35020542,-0.15280104
47977068499724,-0.13621375,0.36262512,-0.1326859
47977076403776,-0.059215263,0.30825996,-0.12538934
47977084307829,0.07801029,0.22059155,-0.087741375
47977092303434,0.13667437,0.19777966,-0.07718611
47977100146452,0.031289756,0.20142841,-0.3062725
47977108111540,-0.085309505,0.2172575,-0.48575294
47977116015593,0.03549978,0.2883072,-0.8955215
47977123889128,-0.6965709,0.30893517,-1.5271318
47977131854216,-1.81975,-0.024869919,-1.3968874
47977139849821,-1.1463553,-0.028183937,-0.6479629
47977147784392,-0.005265385,0.10238838,-0.9785651
47977155657927,0.0016825497,0.025039673,-0.3871014
47977163592497,0.094720304,0.17541218,-0.48166418
47977171527067,-0.0589844,0.14883232,-0.5892607
47977179400602,-0.27306145,-0.00674057,-0.46133518
47977187304655,-0.21524346,-0.111961365,-0.44409275
47977195208708,-0.068179816,-0.020876884,-0.32657242
47977203082243,0.28085226,0.13479996,-0.32163775
47977211047331,0.47381696,0.10368347,-0.27109838
47977218981901,0.50492054,-0.0042238235,-0.3751222
47977226946989,0.50113666,-0.10516834,-0.473063
47977234851042,0.4985399,-0.23277473,-0.54759824
47977242724577,0.4271505,-0.31037712,-0.46740305
47977250659147,0.16628128,-0.3308506,-0.3281635
47977258563200,0.3206392,-0.2989149,-0.48718083
47977266436735,0.2518041,-0.25948715,-0.5077636
47977274310270,-0.06313303,-0.2243948,-0.3579378
47977282183806,-0.30277765,-0.107741356,-0.5078099
47977290179411,-0.3625658,-0.012167931,-0.25522923
47977298144499,-0.42417875,0.0120744705,-0.27072775
47977306079069,-0.17737958,-0.025467873,-0.19288635
47977313983122,0.12585166,-0.043221474,0.053857327
47977321917692,0.39515287,0.016077042,0.09952772
47977329882780,0.46843147,-0.003279686,0.24879539
47977337786833,0.46533203,-0.020131111,0.21557856
47977345660368,0.505171,-0.048984528,0.08193421
47977353533903,0.38955373,-0.049241066,-0.11322665
47977361407438,0.059618324,0.0366745,-0.0877502
47977369372526,-0.2287015,0.09143257,0.021921277
47977377337614,-0.13032061,0.06467724,0.093584895
47977385272184,-0.043233573,-0.021943092,0.011655331
47977393145720,-0.38764554,-0.0988245,-0.018569112
47977401019255,-0.4736872,-0.11811447,-0.22429097
47977408984343,-0.6094597,0.05899334,-0.11422908
47977416827360,-0.5315385,0.2839632,-0.066149116
47977424792448,-0.3742796,0.32216644,0.034766793
47977432665983,-0.2192384,0.10624504,-0.7316028
47977440539518,-0.6684034,0.14227295,-0.39918756
47977448504606,-0.57652974,0.19073391,0.13910854
47977456469694,-0.3145318,0.23629665,-0.121986866
47977464404265,-0.17171061,0.24798775,-0.23030579
47977472247282,0.14771512,0.19018555,0.07816696
47977480181852,0.42171323,0.1011982,0.39415658
47977488146940,0.7477166,0.07651806,0.28135848
47977496050993,0.5216449,0.12349701,0.3019501
47977503985563,0.36542788,0.21343231,0.06545997
47977511859099,0.1373381,0.20016861,-0.2815683
47977519732634,-0.27328792,0.07673836,-0.60626435
47977527636686,-0.6137719,-0.027175903,-0.8655109
47977535601774,-0.80763835,-0.16919422,-0.92511165
47977543566862,-0.9227304,-0.36379147,-0.7919208
47977551470915,-0.4096142,-0.453084,-0.92295074
47977559344450,-0.2669599,-0.45127487,-0.9138789
47977567309538,-0.10909253,-0.38949966,-0.8842969
47977575213591,0.06662586,-0.28452873,-0.88197756
