27303237918655,-0.0032265186,0.043759346,-0.002604425,-0.0032265186,0.043759346,-0.002604425
27303245853225,-9.626746E-4,0.090304375,-0.0031474829,-9.626746E-4,0.090304375,-0.0031474829
27303253757278,0.0045422316,0.07698536,3.947541E-4,0.0045422316,0.07698536,3.947541E-4
27303261691848,0.018807173,0.18457413,-4.2740256E-5,0.018807173,0.18457413,-4.2740256E-5
27303269534866,0.023186445,0.24014854,-0.009779185,0.023186445,0.24014854,-0.009779185
27303277438918,0.037363946,0.433918,-0.046564937,0.037363946,0.433918,-0.046564937
27303285404006,0.015941352,0.45410824,-0.062470913,0.015941352,0.45410824,-0.062470913
27303293277541,-0.00534755,0.068226814,-0.006618738,-0.00534755,0.068226814,-0.006618738
27303301151076,0.014352679,-0.10024834,0.004376203,0.014352679,-0.10024834,0.004376203
27303309055129,0.014568329,-0.09955025,0.0011234507,0.014568329,-0.09955025,0.0011234507
27303316928664,0.009951055,-0.10179806,-6.5185875E-4,0.009951055,-0.10179806,-6.5185875E-4
27303324802200,6.6654384E-4,-0.04925537,-2.5322288E-4,6.6654384E-4,-0.04925537,-2.5322288E-4
27303332675735,0.002883643,0.07519436,-0.0010577887,0.002883643,0.07519436,-0.0010577887
27303340610305,0.007303238,0.13750648,-0.003952682,0.007303238,0.13750648,-0.003952682
27303348483840,0.0032274723,0.09553242,-0.0015666187,0.0032274723,0.09553242,-0.0015666187
27303356357375,1.001358E-5,-0.0019254684,2.543442E-6,1.001358E-5,-0.0019254684,2.543442E-6
27303364322463,0.0039032102,-0.074915886,-6.0752034E-4,0.0039032102,-0.074915886,-6.0752034E-4
27303372165481,0.0036557317,-0.05189991,-5.3581595E-4,0.0036557317,-0.05189991,-5.3581595E-4
27303380161086,0.0011351109,-0.019404411,-3.8471073E-5,0.0011351109,-0.019404411,-3.8471073E-5
27303388065139,9.640455E-4,-0.02452755,4.0520728E-4,9.640455E-4,-0.02452755,4.0520728E-4
27303395938674,3.2871962E-4,-0.009919167,1.847893E-4,3.2871962E-4,-0.009919167,1.847893E-4
27303403842727,-1.9395351E-4,0.0070495605,-5.3942204E-5,-1.9395351E-4,0.0070495605,-5.3942204E-5
27303411716262,9.422302E-4,-0.03153324,-4.0312298E-6,9.422302E-4,-0.03153324,-4.0312298E-6
27303419620315,0.0026113093,-0.075448036,-5.4546446E-4,0.0026113093,-0.075448036,-5.4546446E-4
27303427463332,0.0012460351,-0.037697792,1.1129677E-4,0.0012460351,-0.037697792,1.1129677E-4
27303435397903,-3.9178133E-4,0.012872696,-2.4010241E-4,-3.9178133E-4,0.012872696,-2.4010241E-4
27303443362991,-2.5954843E-4,0.008150101,-2.246201E-4,-2.5954843E-4,0.008150101,-2.246201E-4
27303451236526,5.259216E-4,-0.01458931,5.3843856E-4,5.259216E-4,-0.01458931,5.3843856E-4
27303459171096,5.758405E-4,-0.017024994,6.093681E-4,5.758405E-4,-0.017024994,6.093681E-4
27303467136184,4.184246E-4,-0.01084137,2.9431283E-4,4.184246E-4,-0.01084137,2.9431283E-4
27303475040237,9.248853E-4,-0.021115303,2.392903E-4,9.248853E-4,-0.021115303,2.392903E-4
27303482944289,0.001853168,-0.047326088,2.8350204E-4,0.001853168,-0.047326088,2.8350204E-4
27303490848342,0.0012385547,-0.03310585,4.0510297E-4,0.0012385547,-0.03310585,4.0510297E-4
27303498691360,6.920099E-4,-0.018678665,2.4700165E-4,6.920099E-4,-0.018678665,2.4700165E-4
27303506595412,-4.0221214E-4,0.011286736,-1.8143654E-4,-4.0221214E-4,0.011286736,-1.8143654E-4
27303514468948,3.1360984E-4,-0.011090279,8.626282E-5,3.1360984E-4,-0.011090279,8.626282E-5
27303522434035,0.001304239,-0.029371262,5.714074E-4,0.001304239,-0.029371262,5.714074E-4
27303530307571,0.0011397004,-0.02876091,2.6778877E-4,0.0011397004,-0.02876091,2.6778877E-4
27303538272658,8.966327E-4,-0.020101547,1.20043755E-4,8.966327E-4,-0.020101547,1.20043755E-4
27303546176711,8.0022216E-4,-0.019676208,1.8182397E-4,8.0022216E-4,-0.019676208,1.8182397E-4
27303554050246,5.110204E-4,-0.01184845,1.4037639E-4,5.110204E-4,-0.01184845,1.4037639E-4
27303562015334,8.561313E-4,-0.021003723,4.415363E-4,8.561313E-4,-0.021003723,4.415363E-4
27303569888869,-3.517866E-4,0.008358002,-1.0550022E-4,-3.517866E-4,0.008358002,-1.0550022E-4
27303577731887,0.0076179504,0.013145447,1.3941526E-4,0.0076179504,0.013145447,1.3941526E-4
27303585635940,2.5719404E-4,-0.0073928833,1.4661252E-4,2.5719404E-4,-0.0073928833,1.4661252E-4
27303593509475,0.0014744401,-0.04005432,7.1680546E-4,0.0014744401,-0.04005432,7.1680546E-4
27303601413528,0.0014639199,-0.04146862,3.1597912E-4,0.0014639199,-0.04146862,3.1597912E-4
27303609287063,8.126199E-4,-0.022585869,1.5649945E-4,8.126199E-4,-0.022585869,1.5649945E-4
27303617221633,5.443692E-4,-0.017551422,3.7041306E-4,5.443692E-4,-0.017551422,3.7041306E-4
27303625095168,4.506111E-4,-0.0144786835,2.1462142E-4,4.506111E-4,-0.0144786835,2.1462142E-4
27303632999221,5.8180094E-4,-0.018259048,1.866594E-4,5.8180094E-4,-0.018259048,1.866594E-4
27303640964309,-7.532835E-4,-0.0039072037,3.8780272E-4,-7.532835E-4,-0.0039072037,3.8780272E-4
27303648837844,3.0192733E-4,-0.0071382523,1.2785196E-4,3.0192733E-4,-0.0071382523,1.2785196E-4
27303656802932,0.0010518432,-0.026174545,5.28872E-4,0.0010518432,-0.026174545,5.28872E-4
27303664676467,0.0023973286,-0.053191185,0.0011465997,0.0023973286,-0.053191185,0.0011465997
27303672550002,0.0011194348,-0.026146889,2.9253215E-4,0.0011194348,-0.026146889,2.9253215E-4
27303680484573,3.6546588E-4,-0.010313988,1.3966113E-5,3.6546588E-4,-0.010313988,1.3966113E-5
27303688419143,9.059012E-4,-0.026240349,7.938221E-5,9.059012E-4,-0.026240349,7.938221E-5
27303696353713,4.8804283E-4,-0.014320374,2.0126998E-4,4.8804283E-4,-0.014320374,2.0126998E-4
27303704227248,1.2904406E-4,-0.003583908,7.2836876E-5,1.2904406E-4,-0.003583908,7.2836876E-5
27303712100783,1.4862418E-4,-0.003025055,1.3658404E-4,1.4862418E-4,-0.003025055,1.3658404E-4
27303720065871,0.0016148686,-0.037981987,0.0010434985,0.0016148686,-0.037981987,0.0010434985
27303727939407,0.0017737746,-0.043384552,6.0656667E-4,0.0017737746,-0.043384552,6.0656667E-4
27303735935012,0.0017339885,-0.042212486,6.708652E-4,0.0017339885,-0.042212486,6.708652E-4
27303743839065,3.0082464E-4,-0.010150909,1.5878677E-4,3.0082464E-4,-0.010150909,1.5878677E-4
27303751712600,-3.671348E-4,0.010569572,-1.5386194E-4,-3.671348E-4,0.010569572,-1.5386194E-4
27303759677688,3.297925E-4,-0.01006031,1.2303889E-4,3.297925E-4,-0.01006031,1.2303889E-4
27303767581741,0.0014394224,-0.010056496,0.007891968,0.0014394224,-0.010056496,0.007891968
27303775516311,-2.875924E-4,0.008638382,-1.8924475E-4,-2.875924E-4,0.008638382,-1.8924475E-4
27303783389846,-3.822744E-4,0.010844231,-3.042668E-4,-3.822744E-4,0.010844231,-3.042668E-4
27303791293899,-5.18173E-4,0.011599541,-3.3462048E-4,-5.18173E-4,0.011599541,-3.3462048E-4
27303799258987,2.759695E-5,4.348755E-4,-3.373623E-5,2.759695E-5,4.348755E-4,-3.373623E-5
27303807102004,0.0016513169,-0.039370537,9.019971E-4,0.0016513169,-0.039370537,9.019971E-4
27303815097610,0.0027960837,-0.066833496,0.0010430813,0.0027960837,-0.066833496,0.0010430813
27303823001662,0.0012647808,-0.035699844,4.5138597E-4,0.0012647808,-0.035699844,4.5138597E-4
27303830875198,-1.1476874E-4,0.002825737,-9.62615E-6,-1.1476874E-4,0.002825737,-9.62615E-6
27303838840285,8.407235E-5,-0.0045232773,1.680404E-4,8.407235E-5,-0.0045232773,1.680404E-4
27303846713821,4.6783686E-4,-0.016255379,2.913773E-4,4.6783686E-4,-0.016255379,2.913773E-4
27303854617873,0.0010559559,-0.03910637,3.6994368E-4,0.0010559559,-0.03910637,3.6994368E-4
27303862582961,-0.004569173,-0.029525757,-0.004098706,-0.004569173,-0.029525757,-0.004098706
27303870425979,0.001531601,-0.047258377,5.694851E-4,0.001531601,-0.047258377,5.694851E-4
27303878391067,0.0021762848,-0.05883026,8.535683E-4,0.0021762848,-0.05883026,8.535683E-4
27303886234084,0.0013267398,-0.030653954,5.4588914E-4,0.0013267398,-0.030653954,5.4588914E-4
27303894199172,-2.938509E-4,0.00699234,-1.731813E-4,-2.938509E-4,0.00699234,-1.731813E-4
27303902103225,3.376603E-5,-8.029938E-4,1.5079975E-5,3.376603E-5,-8.029938E-4,1.5079975E-5
27303909976760,0.0015833974,-0.035269737,6.130785E-4,0.0015833974,-0.035269737,6.130785E-4
27303917941848,0.0015052557,-0.034757614,5.3216517E-4,0.0015052557,-0.034757614,5.3216517E-4
27303925815383,2.4592876E-4,-0.005150795,1.5212595E-4,2.4592876E-4,-0.005150795,1.5212595E-4
27303933719436,-3.0860305E-4,0.007660866,-1.8182397E-4,-3.0860305E-4,0.007660866,-1.8182397E-4
27303941562453,8.123815E-4,-0.02314949,6.862283E-4,8.123815E-4,-0.02314949,6.862283E-4
27303949435989,2.7921796E-4,-0.0077552795,1.9142032E-4,2.7921796E-4,-0.0077552795,1.9142032E-4
27303957401076,-9.343028E-5,0.0012750626,-1.039207E-4,-9.343028E-5,0.0012750626,-1.039207E-4
27303965427200,4.0388107E-4,-0.008481979,4.1806698E-4,4.0388107E-4,-0.008481979,4.1806698E-4
27303973361770,0.0023897886,-0.046099663,0.0021195412,0.0023897886,-0.046099663,0.0021195412
27303981265823,0.003928721,-0.075888634,0.0028309822,0.003928721,-0.075888634,0.0028309822
27303989139358,0.0023399293,-0.047683716,0.0015399456,0.0023399293,-0.047683716,0.0015399456
27303997104446,1.8373132E-4,-0.0031642914,1.2725592E-4,1.8373132E-4,-0.0031642914,1.2725592E-4
27304005039016,5.633533E-4,-0.013755798,1.707375E-4,5.633533E-4,-0.013755798,1.707375E-4
27304012912551,0.002759248,-0.057070732,0.0015047193,0.002759248,-0.057070732,0.0015047193
27304020755569,0.003775835,-0.071084976,0.0019081533,0.003775835,-0.071084976,0.0019081533
27304028659621,0.0034151375,-0.06818867,0.0016622543,0.0034151375,-0.06818867,0.0016622543
27304036594192,0.005299479,-0.10596275,0.0019913912,0.005299479,-0.10596275,0.0019913912
27304044589797,0.0048841834,-0.11175156,0.001757443,0.0048841834,-0.11175156,0.001757443
27304052524367,0.0030649006,-0.07699394,0.0013406724,0.0030649006,-0.07699394,0.0013406724
27304060397903,0.0025555491,-0.065758705,0.0017619729,0.0025555491,-0.065758705,0.0017619729
27304068271438,0.0026318133,-0.058167458,0.0013392568,0.0026318133,-0.058167458,0.0013392568
27304076236526,0.0034891367,-0.09532356,0.0024484992,0.0034891367,-0.09532356,0.0024484992
27304084110061,0.0055042803,-0.15094948,0.0050376058,0.0055042803,-0.15094948,0.0050376058
27304091953078,0.0043544173,-0.1310234,0.0042382777,0.0043544173,-0.1310234,0.0042382777
27304099857131,0.0018487722,-0.07803345,0.0019098073,0.0018487722,-0.07803345,0.0019098073
27304107730666,0.0010256469,-0.06629467,0.0012537092,0.0010256469,-0.06629467,0.0012537092
27304115604201,9.47237E-4,-0.051546097,0.0018788874,9.47237E-4,-0.051546097,0.0018788874
27304123508254,0.0010699928,-0.03983116,0.0019779503,0.0010699928,-0.03983116,0.0019779503
27304131442825,1.8262863E-4,-0.005428314,3.9052963E-4,1.8262863E-4,-0.005428314,3.9052963E-4
27304139316360,-0.0014467239,0.049137115,-0.004046023,-0.0014467239,0.049137115,-0.004046023
27304147189895,-0.0019162744,0.10717106,-0.008595347,-0.0019162744,0.10717106,-0.008595347
27304155154983,-6.829947E-4,0.09702206,-0.007294774,-6.829947E-4,0.09702206,-0.007294774
27304163028518,5.7246536E-5,0.087343216,-0.005958855,5.7246536E-5,0.087343216,-0.005958855
27304170963088,0.0011779442,0.14412212,-0.007853091,0.0011779442,0.14412212,-0.007853091
27304178836623,0.002711162,0.16385269,-0.006152481,0.002711162,0.16385269,-0.006152481
27304186740676,0.0030561686,0.16516018,-0.0019190013,0.0030561686,0.16516018,-0.0019190013
27304194614211,0.003834173,0.21672535,0.008125871,0.003834173,0.21672535,0.008125871
27304202487746,0.005909547,0.2557783,0.014678538,0.005909547,0.2557783,0.014678538
27304210391799,0.0063661933,0.23890209,0.013291419,0.0063661933,0.23890209,0.013291419
27304218234817,0.005045891,0.19454575,0.014859617,0.005045891,0.19454575,0.014859617
27304226169387,0.0039332807,0.13532066,0.0137066245,0.0039332807,0.13532066,0.0137066245
27304234103957,0.0040240586,0.11888218,0.015952468,0.0040240586,0.11888218,0.015952468
27304242008010,0.062490314,0.11591911,0.39643288,0.062490314,0.11591911,0.39643288
27304249942580,0.18079087,0.1820383,0.84663117,0.18079087,0.1820383,0.84663117
27304257846633,0.32786006,0.11860943,0.88945067,0.32786006,0.11860943,0.88945067
27304265720168,0.6772773,0.018886566,0.51893187,0.6772773,0.018886566,0.51893187
27304273685256,0.95967644,0.045529366,0.0927248,0.95967644,0.045529366,0.0927248
27304281558791,0.99794674,0.062150955,-0.061695576,0.99794674,0.062150955,-0.061695576
27304289401809,0.82633895,0.11652565,-0.2307272,0.82633895,0.11652565,-0.2307272
27304297305862,0.5472697,0.25886917,-0.31107867,0.5472697,0.25886917,-0.31107867
27304305179397,0.1675388,0.27562332,-0.40852714,0.1675388,0.27562332,-0.40852714
27304313052932,-0.22604445,0.20599556,0.006682396,-0.22604445,0.20599556,0.006682396
27304320956985,-0.43081105,0.13130188,0.53137755,-0.43081105,0.13130188,0.53137755
27304328922073,-0.28573072,0.10160065,1.146996,-0.28573072,0.10160065,1.146996
27304336826125,-0.029669032,0.10008049,1.1320143,-0.029669032,0.10008049,1.1320143
27304344699660,0.2940128,0.15132809,0.66328603,0.2940128,0.15132809,0.66328603
27304352664748,0.6485874,0.25763416,0.6237132,0.6485874,0.25763416,0.6237132
27304360538283,1.1072587,0.29245663,0.99389964,1.1072587,0.29245663,0.99389964
27304368472854,1.5008813,0.32752514,0.99799514,1.5008813,0.32752514,0.99799514
27304376346389,1.6296599,0.34370422,0.28117657,1.6296599,0.34370422,0.28117657
27304384219924,1.3961039,0.37251663,-0.50903696,1.3961039,0.37251663,-0.50903696
27304392123977,1.3212179,0.56482506,-1.4527107,1.3212179,0.56482506,-1.4527107
27304399997512,1.2564825,1.0813208,-2.5011182,1.2564825,1.0813208,-2.5011182
27304407901565,0.8732027,1.548605,-2.6179683,0.8732027,1.548605,-2.6179683
27304415775100,1.3409622,1.9112349,-1.2832524,1.3409622,1.9112349,-1.2832524
27304423648635,2.5741768,1.7785845,-0.8605789,2.5741768,1.7785845,-0.8605789
27304431613723,3.6537998,1.2607822,-1.7458686,3.6537998,1.2607822,-1.7458686
27304439456741,3.9865522,0.88475704,-2.1740813,3.9865522,0.88475704,-2.1740813
27304447421828,3.5271864,0.81818104,-1.7526666,3.5271864,0.81818104,-1.7526666
27304455295364,2.4654672,1.0730982,-2.0015407,2.4654672,1.0730982,-2.0015407
27304463199416,0.7973995,1.173007,-2.5163484,0.7973995,1.173007,-2.5163484
27304471103469,-1.3299117,0.58147335,-2.6428182,-1.3299117,0.58147335,-2.6428182
27304479038039,-2.1015563,-0.3738594,-2.5474167,-2.1015563,-0.3738594,-2.5474167
27304486911575,-1.1387131,-0.75707436,-2.6142752,-1.1387131,-0.75707436,-2.6142752
27304494754592,0.4843125,-0.5874014,-2.2804294,0.4843125,-0.5874014,-2.2804294
27304502658645,1.7644455,-0.3508606,-1.6685001,1.7644455,-0.3508606,-1.6685001
27304510532180,2.027134,-0.29882908,-1.213824,2.027134,-0.29882908,-1.213824
27304518405715,1.3318164,-0.57266045,-1.1366835,1.3318164,-0.57266045,-1.1366835
27304526370803,0.4815274,-1.0169029,-1.0766718,0.4815274,-1.0169029,-1.0766718
27304534274856,-0.02539178,-1.6028547,-1.2128146,-0.02539178,-1.6028547,-1.2128146
27304542148391,-0.31384113,-1.8757033,-0.8800887,-0.31384113,-1.8757033,-0.8800887
27304550113479,-0.31189927,-1.6391678,-0.07150042,-0.31189927,-1.6391678,-0.07150042
27304557987014,-0.27839285,-1.2449961,-0.40741765,-0.27839285,-1.2449961,-0.40741765
27304565952102,-0.30744675,-0.9684725,-0.97295934,-0.30744675,-0.9684725,-0.97295934
27304573825637,-0.33370304,-0.7952013,-1.1647125,-0.33370304,-0.7952013,-1.1647125
27304581668655,-0.6393633,-0.7058754,-1.2093539,-0.6393633,-0.7058754,-1.2093539
27304589572707,-1.4065773,-0.6716671,-1.2919717,-1.4065773,-0.6716671,-1.2919717
27304597446242,-2.2931535,-0.52739716,-1.2048786,-2.2931535,-0.52739716,-1.2048786
27304605350295,-2.9012837,-0.33041286,-0.8703899,-2.9012837,-0.33041286,-0.8703899
27304613223830,-2.9727209,-0.17162228,-0.45416793,-2.9727209,-0.17162228,-0.45416793
27304621097366,-2.3165956,-0.041269302,-0.4880931,-2.3165956,-0.041269302,-0.4880931
27304629062453,-1.4004216,-0.008797646,-0.74150586,-1.4004216,-0.008797646,-0.74150586
27304636935989,-0.66960955,0.004781723,-1.0002975,-0.66960955,0.004781723,-1.0002975
27304644901076,-0.2344814,0.0688982,-1.122351,-0.2344814,0.0688982,-1.122351
27304652774612,-0.0638504,0.14525795,-1.0566385,-0.0638504,0.14525795,-1.0566385
27304660678664,-0.16562486,0.14530659,-1.0251006,-0.16562486,0.14530659,-1.0251006
27304668582717,-0.47059876,0.009200096,-1.1916097,-0.47059876,0.009200096,-1.1916097
27304676486770,-0.6441386,-0.10978317,-1.0886964,-0.6441386,-0.10978317,-1.0886964
27304684421340,-0.6983628,-0.15176105,-0.9462605,-0.6983628,-0.15176105,-0.9462605
27304692294875,-0.672563,-0.17891979,-0.9939693,-0.672563,-0.17891979,-0.9939693
27304700168410,-0.5194469,-0.19843197,-0.8326097,-0.5194469,-0.19843197,-0.8326097
27304708072463,-0.2713282,-0.27246952,-0.14223486,-0.2713282,-0.27246952,-0.14223486
27304715945998,-0.037119627,-0.47070122,-0.21953693,-0.037119627,-0.47070122,-0.21953693
27304723880569,0.025966704,-0.58749485,-1.6353457,0.025966704,-0.58749485,-1.6353457
27304731723586,0.19319105,-0.5319538,-2.8892374,0.19319105,-0.5319538,-2.8892374
27304739658157,7.3456764E-4,-0.32072258,-2.9281065,7.3456764E-4,-0.32072258,-2.9281065
27304747592727,1.0182891,0.057865143,-0.76228535,1.0182891,0.057865143,-0.76228535
27304755466262,-1.3061887,-0.23420429,-3.0141945,-1.3061887,-0.23420429,-3.0141945
27304763461867,-5.4334173,-0.60616875,-3.8018792,-5.4334173,-0.60616875,-3.8018792
27304771365920,-5.1334805,-0.63487244,-1.0757811,-5.1334805,-0.63487244,-1.0757811
27304779239455,-2.2355447,-0.80288696,-2.3554337,-2.2355447,-0.80288696,-2.3554337
27304787082473,-1.7038078,-0.9730625,-4.1031823,-1.7038078,-0.9730625,-4.1031823
27304795017043,0.85848117,-0.6868477,-0.9731226,0.85848117,-0.6868477,-0.9731226
27304802890578,3.4355838,-0.20615196,1.1056352,3.4355838,-0.20615196,1.1056352
27304810733596,3.7126408,0.06372452,0.69814944,3.7126408,0.06372452,0.69814944
27304818637649,2.1293201,-0.052235603,0.755774,2.1293201,-0.052235603,0.755774
27304826572219,0.0875712,-0.18800259,-0.1945132,0.0875712,-0.18800259,-0.1945132
27304834476272,-1.126977,-0.41016865,-1.3670561,-1.126977,-0.41016865,-1.3670561
27304842410842,-1.1724393,-0.3976841,-1.6710291,-1.1724393,-0.3976841,-1.6710291
27304850284377,-1.0656896,-0.42136097,-1.7110324,-1.0656896,-0.42136097,-1.7110324
27304858157912,-0.89775944,-0.5029011,-1.7141383,-0.89775944,-0.5029011,-1.7141383
27304866123000,-0.4388218,-0.50343704,-1.4865695,-0.4388218,-0.50343704,-1.4865695
27304873996535,-0.2654878,-0.34179592,-1.7046294,-0.2654878,-0.34179592,-1.7046294
27304881839553,-0.47481185,-0.022782326,-2.2346878,-0.47481185,-0.022782326,-2.2346878
27304889743606,-0.8180073,0.1785965,-1.6069422,-0.8180073,0.1785965,-1.6069422
27304897617141,-1.3207953,0.0036735535,-1.2081357,-1.3207953,0.0036735535,-1.2081357
27304905490676,-2.019197,-0.46615028,-1.3407437,-2.019197,-0.46615028,-1.3407437
27304913364211,-2.1155982,-0.8688898,-0.39191073,-2.1155982,-0.8688898,-0.39191073
27304921298782,-1.7837021,-1.2311125,-0.5112376,-1.7837021,-1.2311125,-0.5112376
27304929202834,-1.9295461,-1.3901749,-2.138771,-1.9295461,-1.3901749,-2.138771
27304937076369,-2.0857368,-1.3263035,-2.331179,-2.0857368,-1.3263035,-2.331179
27304945041457,-2.0714252,-1.1088152,-1.7126765,-2.0714252,-1.1088152,-1.7126765
27304952914992,-2.0428133,-0.86219025,-0.96324694,-2.0428133,-0.86219025,-0.96324694
27304960880080,-2.0826418,0.31141853,-0.32452774,-2.0826418,0.31141853,-0.32452774
27304968753616,-0.599969,1.6171207,0.484714,-0.599969,1.6171207,0.484714
27304976627151,-0.3413272,0.009208679,0.9490995,-0.3413272,0.009208679,0.9490995
27304984592239,-1.4361806,-0.32469845,-1.4228548,-1.4361806,-0.32469845,-1.4228548
27304992496291,-2.3164966,0.13454151,-1.721125,-2.3164966,0.13454151,-1.721125
27305000369826,-1.6682813,0.6590195,-0.15168825,-1.6682813,0.6590195,-0.15168825
27305008243362,-1.4498391,0.7244835,-0.6127707,-1.4498391,0.7244835,-0.6127707
27305016116897,-2.7014334,1.4110146,-2.2138343,-2.7014334,1.4110146,-2.2138343
27305024081985,-3.7530437,2.4938822,-1.3861732,-3.7530437,2.4938822,-1.3861732
27305031955520,-8.366504,1.7308254,-2.676659,-8.366504,1.7308254,-2.676659
27305039890090,-15.547737,-1.1445999,-2.6388206,-15.547737,-1.1445999,-2.6388206
27305047824660,-12.9079075,-2.9836936,-0.3298115,-12.9079075,-2.9836936,-0.3298115
27305055698196,-5.307387,-1.4064016,-2.5161982,-5.307387,-1.4064016,-2.5161982
27305063632766,-1.2004457,-0.20523167,-3.8123198,-1.2004457,-0.20523167,-3.8123198
27305071506301,3.200677,0.4281416,-3.034816,3.200677,0.4281416,-3.034816
27305079410354,8.139183,0.7022381,-2.2037797,8.139183,0.7022381,-2.2037797
27305087253371,10.405405,0.25075817,-0.5564034,10.405405,0.25075817,-0.5564034
27305095157424,9.879021,-0.63772297,-0.940567,9.879021,-0.63772297,-0.940567
27305103030959,6.912822,-0.6099577,-3.6269631,6.912822,-0.6099577,-3.6269631
27305110935012,3.0958529,-0.01730442,-4.010555,3.0958529,-0.01730442,-4.010555
27305118869582,-0.43866935,0.43098927,-1.4997278,-0.43866935,0.43098927,-1.4997278
27305126743117,-3.2933865,0.5461893,0.47988856,-3.2933865,0.5461893,0.47988856
27305134616653,-4.5674095,0.4741354,0.68972343,-4.5674095,0.4741354,0.68972343
27305142581741,-3.9309528,0.5338621,-0.25037622,-3.9309528,0.5338621,-0.25037622
27305150516311,-2.3788233,0.69403267,-1.5982924,-2.3788233,0.69403267,-1.5982924
27305158511916,-0.723874,0.8439808,-1.9959997,-0.723874,0.8439808,-1.9959997
27305166385451,0.7760972,0.9474516,-1.174911,0.7760972,0.9474516,-1.174911
27305174289504,1.7811967,0.8634558,-0.11746609,1.7811967,0.8634558,-0.11746609
27305182163039,2.2531536,0.6431198,-0.1834358,2.2531536,0.6431198,-0.1834358
27305190067092,2.296021,0.4326868,-0.58894026,2.296021,0.4326868,-0.58894026
27305198032180,1.8210157,0.28466034,-0.56640625,1.8210157,0.28466034,-0.56640625
27305205936233,1.0835867,0.16304874,-0.6260873,1.0835867,0.16304874,-0.6260873
27305213809768,0.32745475,0.04587555,-0.23399425,0.32745475,0.04587555,-0.23399425
27305221774856,-0.4086834,-0.12389183,0.15017903,-0.4086834,-0.12389183,0.15017903
27305229617873,-0.94014794,-0.22183514,0.5120636,-0.94014794,-0.22183514,0.5120636
27305237582961,-1.2411181,-0.24294567,1.0187125,-1.2411181,-0.24294567,1.0187125
27305245487014,-1.0234994,-0.27799702,0.9605156,-1.0234994,-0.27799702,0.9605156
27305253360549,-0.499094,-0.23632526,0.79514706,-0.499094,-0.23632526,0.79514706
27305261234084,-0.056541085,-0.28302383,0.84597933,-0.056541085,-0.28302383,0.84597933
27305269077102,0.24643998,-0.43002987,1.0437832,0.24643998,-0.43002987,1.0437832
27305276981155,0.56728345,-0.46434307,1.151223,0.56728345,-0.46434307,1.151223
27305284854690,0.9808383,-0.34014797,0.9949361,0.9808383,-0.34014797,0.9949361
27305292728225,1.2417607,-0.33510208,0.26363063,1.2417607,-0.33510208,0.26363063
27305300693313,1.3512521,-0.34154987,-0.3850875,1.3512521,-0.34154987,-0.3850875
27305308566848,1.2017949,-0.43436718,-0.05653453,1.2017949,-0.43436718,-0.05653453
27305316531936,0.9430685,-0.5436802,0.672246,0.9430685,-0.5436802,0.672246
27305324405471,0.83306706,-0.42232132,0.49901664,0.83306706,-0.42232132,0.49901664
27305332279006,0.7386422,-0.09723663,-0.1938045,0.7386422,-0.09723663,-0.1938045
27305340244094,0.5314172,0.22578812,-0.505723,0.5314172,0.22578812,-0.505723
27305348117629,0.41383624,0.421937,-0.73236537,0.41383624,0.421937,-0.73236537
27305356021682,0.2933578,0.45308685,-1.2466455,0.2933578,0.45308685,-1.2466455
27305363895217,0.0014791489,0.34742165,-1.3520727,0.0014791489,0.34742165,-1.3520727
27305371768752,-0.463257,0.21236801,-0.8387878,-0.463257,0.21236801,-0.8387878
27305379672805,-0.5285542,0.20622158,-0.21259427,-0.5285542,0.20622158,-0.21259427
27305387546340,-0.24796325,0.28135777,1.0737339,-0.24796325,0.28135777,1.0737339
27305395511428,0.34059215,0.29060173,1.0666016,0.34059215,0.29060173,1.0666016
27305403415481,0.92385644,0.29390335,-0.35424352,0.92385644,0.29390335,-0.35424352
27305411289016,1.0804675,0.36353207,-0.5220201,1.0804675,0.36353207,-0.5220201
27305419254104,0.9244822,0.35582447,0.8101752,0.9244822,0.35582447,0.8101752
27305427127639,0.7578545,0.30517483,1.7859571,0.7578545,0.30517483,1.7859571
27305435062209,0.7780553,0.36824703,1.1757903,0.7780553,0.36824703,1.1757903
27305442935744,0.50159025,0.33413887,0.4695704,0.50159025,0.33413887,0.4695704
27305450839797,0.10936844,0.26681614,0.32828665,0.10936844,0.26681614,0.32828665
27305458713332,-0.23875469,0.19984818,0.30451083,-0.23875469,0.19984818,0.30451083
27305466586867,-0.38595337,0.1546917,0.39347148,-0.38595337,0.1546917,0.39347148
27305474490920,-0.33200228,0.026124954,0.6553736,-0.33200228,0.026124954,0.6553736
27305482364455,-0.28408468,-0.022808075,0.67401385,-0.28408468,-0.022808075,0.67401385
27305490237991,-0.14076221,0.1296215,0.9513825,-0.14076221,0.1296215,0.9513825
27305498203078,0.26485008,0.32825756,1.0367273,0.26485008,0.32825756,1.0367273
27305506076614,0.9279478,0.4340639,0.39075994,0.9279478,0.4340639,0.39075994
27305514041701,1.1357325,0.41341972,0.16605234,1.1357325,0.41341972,0.16605234
27305521945754,0.97873694,0.33310223,0.7784827,0.97873694,0.33310223,0.7784827
27305529819289,0.82160366,0.22880936,1.3421376,0.82160366,0.22880936,1.3421376
27305537784377,0.59490615,0.12997532,1.8136814,0.59490615,0.12997532,1.8136814
27305545657912,0.78555274,0.20182133,1.4993659,0.78555274,0.20182133,1.4993659
27305553561965,1.0560238,0.31215477,1.4606564,1.0560238,0.31215477,1.4606564
27305561435500,1.3656024,0.50442696,1.3490661,1.3656024,0.50442696,1.3490661
27305569309035,1.572544,0.7334728,1.021107,1.572544,0.7334728,1.021107
27305577182571,1.2162367,0.77989674,0.76495576,1.2162367,0.77989674,0.76495576
27305585117141,0.50059766,0.6720638,0.94075346,0.50059766,0.6720638,0.94075346
27305593082229,-0.11519551,0.8076763,1.3576593,-0.11519551,0.8076763,1.3576593
27305600955764,-0.49129212,1.071888,1.5373648,-0.49129212,1.071888,1.5373648
27305608829299,-0.3030994,1.3722734,1.5385292,-0.3030994,1.3722734,1.5385292
27305616794387,-0.15092254,1.0429754,3.6552298,-0.15092254,1.0429754,3.6552298
27305624667922,0.418146,0.6771641,6.9574375,0.418146,0.6771641,6.9574375
27305632663528,1.5564718,0.664588,7.6003375,1.5564718,0.664588,7.6003375
27305640567580,2.7390318,1.4612379,5.8296804,2.7390318,1.4612379,5.8296804
27305648441116,3.066287,2.867837,5.49699,3.066287,2.867837,5.49699
27305656345168,3.0253758,4.5717697,6.7117214,3.0253758,4.5717697,6.7117214
27305664218703,2.7647858,6.26711,7.8270874,2.7647858,6.26711,7.8270874
27305672153274,2.2274618,7.574461,7.99628,2.2274618,7.574461,7.99628
27305680057326,1.3612971,8.443039,6.949606,1.3612971,8.443039,6.949606
27305687930862,0.48913062,9.121858,6.2996316,0.48913062,9.121858,6.2996316
27305695895950,-0.4369533,9.704607,6.5352488,-0.4369533,9.704607,6.5352488
27305703769485,-0.48391306,10.438739,5.417752,-0.48391306,10.438739,5.417752
27305711765090,-0.34756243,11.147763,2.9257355,-0.34756243,11.147763,2.9257355
27305719699660,-0.1623733,10.655816,1.7334816,-0.1623733,10.655816,1.7334816
27305727603713,0.47619557,8.5077305,0.674211,0.47619557,8.5077305,0.674211
27305735477248,1.7047958,5.975497,-1.302433,1.7047958,5.975497,-1.302433
27305743411819,2.729045,4.191859,-3.7603345,2.729045,4.191859,-3.7603345
27305751346389,3.3638513,3.1167274,-4.837781,3.3638513,3.1167274,-4.837781
27305759219924,3.9279723,2.1988254,-4.0124946,3.9279723,2.1988254,-4.0124946
27305767093459,3.1408072,0.85314035,-5.010886,3.1408072,0.85314035,-5.010886
27305775058547,0.9564264,-0.8579173,-6.2830243,0.9564264,-0.8579173,-6.2830243
27305782901565,-1.111567,-1.6201754,-7.5171423,-1.111567,-1.6201754,-7.5171423
27305790897170,-1.5995603,-2.8536181,-2.601482,-1.5995603,-2.8536181,-2.601482
27305798770705,-3.8810973,-3.3207955,3.0254936,-3.8810973,-3.3207955,3.0254936
27305806674758,-2.5559416,-1.6192861,7.5407557,-2.5559416,-1.6192861,7.5407557
27305814548293,1.872333,-1.5186453,7.0367455,1.872333,-1.5186453,7.0367455
27305822421828,4.9396048,-2.4790864,2.7335799,4.9396048,-2.4790864,2.7335799
27305830325881,6.5423017,-3.2050014,-0.56883717,6.5423017,-3.2050014,-0.56883717
27305838199416,7.2913156,-3.402866,-0.644052,7.2913156,-3.402866,-0.644052
27305846072951,6.841532,-3.422556,1.8374591,6.841532,-3.422556,1.8374591
27305854038039,5.059274,-3.3537211,3.2712936,5.059274,-3.3537211,3.2712936
27305861911575,2.881735,-3.3540359,2.4631922,2.881735,-3.3540359,2.4631922
27305869876662,0.6955527,-3.4085436,0.9126506,0.6955527,-3.4085436,0.9126506
27305877750198,-1.2346365,-3.422153,0.45788765,-1.2346365,-3.422153,0.45788765
27305885654250,-2.7467947,-3.417581,0.5917263,-2.7467947,-3.417581,0.5917263
27305893619338,-3.9518359,-3.5534673,0.5499258,-3.9518359,-3.5534673,0.5499258
27305901492873,-4.5926685,-3.709404,-0.06543827,-4.5926685,-3.709404,-0.06543827
27305909396926,-4.9172025,-3.6128383,-1.5358782,-4.9172025,-3.6128383,-1.5358782
27305917239944,-5.0305595,-3.2324739,-2.0779262,-5.0305595,-3.2324739,-2.0779262
27305925174514,-5.207156,-3.1122637,-1.8164625,-5.207156,-3.1122637,-1.8164625
27305933048049,-5.8657045,-3.1800714,-1.0071707,-5.8657045,-3.1800714,-1.0071707
27305940921584,-6.1582932,-3.2293077,-0.24035811,-6.1582932,-3.2293077,-0.24035811
27305948856155,-5.621756,-3.1944146,-0.73421574,-5.621756,-3.1944146,-0.73421574
27305956729690,-4.254271,-2.9215832,-1.8671303,-4.254271,-2.9215832,-1.8671303
27305964603225,-2.6203547,-2.3510585,-2.600352,-2.6203547,-2.3510585,-2.600352
27305972568313,-0.8839942,-1.7737865,-2.188328,-0.8839942,-1.7737865,-2.188328
27305980472366,0.42308116,-1.4399314,-1.127672,0.42308116,-1.4399314,-1.127672
27305988406936,1.1636953,-1.329752,-0.7354834,1.1636953,-1.329752,-0.7354834
27305996310989,1.6112442,-1.2215118,-1.8546288,1.6112442,-1.2215118,-1.8546288
27306004184524,1.5260105,-0.962677,-2.8292344,1.5260105,-0.962677,-2.8292344
27306012027541,0.75539505,-0.63202095,-3.0980701,0.75539505,-0.63202095,-3.0980701
27306019931594,-0.24096245,-0.2869234,-2.6813126,-0.24096245,-0.2869234,-2.6813126
27306027805129,-1.3075576,-0.10405731,-2.16055,-1.3075576,-0.10405731,-2.16055
27306035709182,-2.0666137,-0.21741104,-2.4643483,-2.0666137,-0.21741104,-2.4643483
27306043582717,-2.5571527,-0.3731861,-3.8118548,-2.5571527,-0.3731861,-3.8118548
27306051578323,-2.7734318,-0.4007864,-4.2652235,-2.7734318,-0.4007864,-4.2652235
27306059451858,-2.307588,-0.2707615,-3.3481643,-2.307588,-0.2707615,-3.3481643
27306067386428,-1.8491226,-0.0027723312,-2.5609128,-1.8491226,-0.0027723312,-2.5609128
27306075229446,-1.4449193,0.3598156,-2.867023,-1.4449193,0.3598156,-2.867023
27306083194533,-1.1037228,0.6374483,-3.515442,-1.1037228,0.6374483,-3.515442
27306091129104,-1.1333444,0.55867386,-3.6612806,-1.1333444,0.55867386,-3.6612806
27306099033157,-1.6424328,0.16894913,-3.6581109,-1.6424328,0.16894913,-3.6581109
27306106906692,-2.3216593,-0.31926537,-3.8751707,-2.3216593,-0.31926537,-3.8751707
27306114749709,-2.721711,-0.7844267,-3.9531019,-2.721711,-0.7844267,-3.9531019
27306122653762,-2.636508,-1.3011589,-3.2195413,-2.636508,-1.3011589,-3.2195413
27306130527297,-2.0535514,-1.8003325,-2.5563855,-2.0535514,-1.8003325,-2.5563855
27306138400832,-1.4551625,-2.0833788,-2.2493684,-1.4551625,-2.0833788,-2.2493684
27306146335403,-0.6835443,-2.138607,-1.8704247,-0.6835443,-2.138607,-1.8704247
27306154208938,-0.010926768,-1.9780693,-1.4889,-0.010926768,-1.9780693,-1.4889
27306162082473,0.591822,-1.4559717,-0.9703791,0.591822,-1.4559717,-0.9703791
27306170047561,1.158917,-0.88358784,-0.0577296,1.158917,-0.88358784,-0.0577296
27306177951614,-0.22659546,-0.7333565,-1.7330797,-0.22659546,-0.7333565,-1.7330797
27306185886184,-3.764866,-1.2899961,-3.0062294,-3.764866,-1.2899961,-3.0062294
27306193759719,-5.036385,-2.6204228,-0.15261489,-5.036385,-2.6204228,-0.15261489
27306201633254,-3.9152014,-3.4546847,0.14420825,-3.9152014,-3.4546847,0.14420825
27306209476272,-2.300989,-3.151126,-1.4761083,-2.300989,-3.151126,-1.4761083
27306217410842,-0.0858309,-1.9817429,-1.691726,-0.0858309,-1.9817429,-1.691726
27306225284377,1.5940858,-0.95363903,0.23746774,1.5940858,-0.95363903,0.23746774
27306233157912,2.6120775,-0.650898,1.2745578,2.6120775,-0.650898,1.2745578
27306241031448,3.1310318,-0.8768587,0.14677784,3.1310318,-0.8768587,0.14677784
27306248996535,2.1221745,1.680213,-2.7403777,2.1221745,1.680213,-2.7403777
27306256870071,3.0629158,2.6273537,-0.61193687,3.0629158,2.6273537,-0.61193687
27306264835158,3.7984176,2.2301931,-0.19575652,3.7984176,2.2301931,-0.19575652
27306272769729,0.7001436,3.571848,-0.0975247,0.7001436,3.571848,-0.0975247
27306280643264,-1.4365406,4.2929716,11.347114,-1.4365406,4.2929716,11.347114
27306288547317,-2.1818373,3.6349554,14.717351,-2.1818373,3.6349554,14.717351
27306296451369,-2.660718,1.5622597,10.929948,-2.660718,1.5622597,10.929948
27306304294387,-1.7406299,-0.39721298,5.120512,-1.7406299,-0.39721298,5.120512
27306312198440,-1.2789851,-0.6675911,-6.8094554,-1.2789851,-0.6675911,-6.8094554
27306320071975,-1.8231034,0.8462801,-6.0981245,-1.8231034,0.8462801,-6.0981245
27306327945510,-4.145388,1.8106165,1.314898,-4.145388,1.8106165,1.314898
27306335849563,-6.702171,2.2579222,1.4279077,-6.702171,2.2579222,1.4279077
27306343814651,-8.467678,2.0186176,-3.7330558,-8.467678,2.0186176,-3.7330558
27306351718703,-10.323409,0.871336,-5.1297865,-10.323409,0.871336,-5.1297865
27306359622756,-10.858796,-0.87735176,-1.5864769,-10.858796,-0.87735176,-1.5864769
27306367587844,-6.6322026,-1.1622086,0.5759271,-6.6322026,-1.1622086,0.5759271
27306375461379,0.5096049,0.17137337,-0.32966065,0.5096049,0.17137337,-0.32966065
27306383395950,5.6884894,0.9417162,-2.8277993,5.6884894,0.9417162,-2.8277993
27306391269485,6.2031784,-0.056937218,-4.9701138,6.2031784,-0.056937218,-4.9701138
27306399173537,4.4356046,-1.322607,-4.9519534,4.4356046,-1.322607,-4.9519534
27306407047073,3.5892482,-0.9145918,-2.6774254,3.5892482,-0.9145918,-2.6774254
27306414920608,2.5828738,0.45841217,-0.45872903,2.5828738,0.45841217,-0.45872903
27306422824660,1.44775,1.1622515,-1.246858,1.44775,1.1622515,-1.246858
27306430789748,0.88084495,1.0890198,-3.602633,0.88084495,1.0890198,-3.602633
27306438663283,0.3079007,0.9447632,-3.4377615,0.3079007,0.9447632,-3.4377615
27306446628371,-0.15297052,0.64231205,-0.7484052,-0.15297052,0.64231205,-0.7484052
27306454501907,-0.7481252,0.31286907,0.12290919,-0.7481252,0.31286907,0.12290919
27306462497512,-0.8489234,0.67068005,-1.2001462,-0.8489234,0.67068005,-1.2001462
27306470401565,-0.3737126,1.177556,-0.7271464,-0.3737126,1.177556,-0.7271464
27306478275100,0.45645258,1.163765,-0.16680503,0.45645258,1.163765,-0.16680503
27306486148635,0.7699623,0.94144917,-1.3205657,0.7699623,0.94144917,-1.3205657
27306494052688,0.9085136,0.6227207,-2.0618882,0.9085136,0.6227207,-2.0618882
27306501926223,0.6735984,0.39614964,-1.7062035,0.6735984,0.39614964,-1.7062035
27306509799758,0.16159165,0.27388382,-0.05616212,0.16159165,0.27388382,-0.05616212
27306517703811,-0.5787196,0.1395464,0.14152026,-0.5787196,0.1395464,0.14152026
27306525668899,-0.8913515,0.052409172,0.3913579,-0.8913515,0.052409172,0.3913579
27306533542434,-0.47991437,0.08640766,1.2127361,-0.47991437,0.08640766,1.2127361
27306541477004,0.5359963,0.13418007,2.0732713,0.5359963,0.13418007,2.0732713
27306549350539,1.7613333,0.30367088,3.2008045,1.7613333,0.30367088,3.2008045
27306557315627,2.810192,0.31707668,4.0703745,2.810192,0.31707668,4.0703745
27306565219680,3.0942848,0.011795044,3.4520612,3.0942848,0.011795044,3.4520612
27306573123733,2.8278878,-0.2845621,3.142265,2.8278878,-0.2845621,3.142265
27306580997268,2.5347424,-0.50439453,3.42814,2.5347424,-0.50439453,3.42814
27306588870803,2.3921533,-0.5726099,3.410317,2.3921533,-0.5726099,3.410317
27306596774856,2.3816967,-0.61050415,2.4596264,2.3816967,-0.61050415,2.4596264
27306604648391,2.3119512,-0.55639935,1.6296365,2.3119512,-0.55639935,1.6296365
27306612521926,2.080647,-0.44634247,1.2908219,2.080647,-0.44634247,1.2908219
27306620456496,1.6994367,-0.30413914,0.6724758,1.6994367,-0.30413914,0.6724758
27306628330032,0.8125515,-0.17810917,0.6252508,0.8125515,-0.17810917,0.6252508
27306636203567,-0.038458616,-0.06392765,0.66164565,-0.038458616,-0.06392765,0.66164565
27306644168655,-0.6158955,0.03696537,-0.39301968,-0.6158955,0.03696537,-0.39301968
27306652042190,-0.8625948,0.35166454,-0.50755525,-0.8625948,0.35166454,-0.50755525
27306660037795,-0.81967413,0.6500931,-0.17102885,-0.81967413,0.6500931,-0.17102885
27306667941848,-0.42157644,0.6761236,-0.24990726,-0.42157644,0.6761236,-0.24990726
27306675815383,0.2476219,0.5489044,-0.10919976,0.2476219,0.5489044,-0.10919976
27306683688918,0.7593013,0.2565956,0.09351587,0.7593013,0.2565956,0.09351587
27306691562453,1.0699843,0.0023784637,0.22796583,1.0699843,0.0023784637,0.22796583
27306699466506,1.362788,-0.1372118,0.57896185,1.362788,-0.1372118,0.57896185
27306707340041,1.7526796,-0.08060169,0.63472223,1.7526796,-0.08060169,0.63472223
27306715213576,1.9576021,-0.0076789856,1.1675755,1.9576021,-0.0076789856,1.1675755
27306723209182,1.7233891,-0.041711807,1.1204929,1.7233891,-0.041711807,1.1204929
27306731143752,1.4717084,0.14443207,0.8092246,1.4717084,0.14443207,0.8092246
27306739078323,0.6864312,0.17234325,1.032768,0.6864312,0.17234325,1.032768
27306746951858,-0.46570787,0.20535278,1.529138,-0.46570787,0.20535278,1.529138
27306754825393,-1.3439372,0.46627808,1.760299,-1.3439372,0.46627808,1.760299
27306762790481,-1.624309,0.69155216,1.5751777,-1.624309,0.69155216,1.5751777
27306770664016,-0.9863769,0.74655724,1.6333364,-0.9863769,0.74655724,1.6333364
27306778537551,0.05173576,0.6725435,1.5028862,0.05173576,0.6725435,1.5028862
27306786441604,0.90508246,0.68521976,1.31357,0.90508246,0.68521976,1.31357
27306794315139,1.6471579,0.6903868,1.5587939,1.6471579,0.6903868,1.5587939
27306802280227,1.9382751,0.5769062,1.3609657,1.9382751,0.5769062,1.3609657
27306810153762,1.6322441,0.4859209,0.69066095,1.6322441,0.4859209,0.69066095
27306818088332,0.8505942,0.34972668,1.1717429,0.8505942,0.34972668,1.1717429
27306826022903,0.14856091,0.3486519,1.3077207,0.14856091,0.3486519,1.3077207
27306833896438,-0.056171358,0.46138573,0.7593188,-0.056171358,0.46138573,0.7593188
27306841861526,0.108557105,0.70942974,0.4311068,0.108557105,0.70942974,0.4311068
27306849735061,0.18672758,0.8169317,0.4029112,0.18672758,0.8169317,0.4029112
27306857578078,0.26943946,0.75025177,0.85628915,0.26943946,0.75025177,0.85628915
27306865482131,0.32213965,0.67714596,1.013603,0.32213965,0.67714596,1.013603
27306873355666,0.5129495,0.7003794,0.9943783,0.5129495,0.7003794,0.9943783
27306881229201,0.84241325,0.65052605,0.67772436,0.84241325,0.65052605,0.67772436
27306889102737,1.2150735,0.6508188,1.123604,1.2150735,0.6508188,1.123604
27306897067825,1.2666619,0.5820961,1.7367644,1.2666619,0.5820961,1.7367644
27306904971877,1.0252608,0.69180393,2.2098885,1.0252608,0.69180393,2.2098885
27306912845412,0.60259444,0.979125,2.3352497,0.60259444,0.979125,2.3352497
27306920810500,0.020187378,1.1262112,2.6790833,0.020187378,1.1262112,2.6790833
27306928775588,-0.4414485,1.214366,2.750671,-0.4414485,1.214366,2.750671
27306936710158,-0.6893392,1.3193483,2.7301579,-0.6893392,1.3193483,2.7301579
27306944614211,-0.8662606,1.3296566,3.218072,-0.8662606,1.3296566,3.218072
27306952487746,-0.8386568,1.3807297,3.6502223,-0.8386568,1.3807297,3.6502223
27306960330764,-0.6513833,1.377037,3.263349,-0.6513833,1.377037,3.263349
27306968234817,-0.07361138,1.4338598,2.0798724,-0.07361138,1.4338598,2.0798724
27306976108352,0.3619281,1.7108717,1.0531077,0.3619281,1.7108717,1.0531077
27306983951369,0.4351684,2.025731,0.6339755,0.4351684,2.025731,0.6339755
27306991885940,0.4182716,1.9868631,1.5382843,0.4182716,1.9868631,1.5382843
27306999820510,0.70385116,1.6818199,2.4475963,0.70385116,1.6818199,2.4475963
27307007724563,1.0083315,1.6365786,2.0356524,1.0083315,1.6365786,2.0356524
27307015689651,1.1524309,2.022725,1.4851058,1.1524309,2.022725,1.4851058
27307023624221,1.2125019,2.5137339,2.549113,1.2125019,2.5137339,2.549113
27307031497756,1.227154,2.655818,3.8355918,1.227154,2.655818,3.8355918
27307039462844,1.3494813,2.4645872,3.9206867,1.3494813,2.4645872,3.9206867
27307047336379,1.002915,2.3507872,4.3313503,1.002915,2.3507872,4.3313503
27307055179397,0.4142177,2.4187412,5.504015,0.4142177,2.4187412,5.504015
27307063052932,0.29736137,2.8560896,6.8275747,0.29736137,2.8560896,6.8275747
27307070956985,0.3735404,3.5856705,7.4310503,0.3735404,3.5856705,7.4310503
27307078830520,0.56091845,4.7282495,6.92788,0.56091845,4.7282495,6.92788
27307086704055,0.8271122,6.290909,5.9713693,0.8271122,6.290909,5.9713693
27307094638625,1.0660422,7.7880845,4.453365,1.0660422,7.7880845,4.453365
27307102512160,0.9476831,8.820213,2.707211,0.9476831,8.820213,2.707211
27307110446731,0.4254315,9.024832,2.5127954,0.4254315,9.024832,2.5127954
27307118381301,-0.033908606,8.212021,3.4915924,-0.033908606,8.212021,3.4915924
27307126346389,0.3458457,6.771531,2.8689435,0.3458457,6.771531,2.8689435
27307134311477,1.2952824,5.689477,-0.18221903,1.2952824,5.689477,-0.18221903
27307142185012,1.9814085,5.4141793,-3.4796677,1.9814085,5.4141793,-3.4796677
27307150089065,2.4352508,5.3977485,-4.2906632,2.4352508,5.3977485,-4.2906632
27307157962600,2.8406518,4.826293,-3.2879982,2.8406518,4.826293,-3.2879982
27307165866653,2.6518607,3.3469086,-2.873303,2.6518607,3.3469086,-2.873303
27307173831741,2.029642,1.518579,-5.3049555,2.029642,1.518579,-5.3049555
27307181735793,1.8827786,-0.14192963,-6.9288435,1.8827786,-0.14192963,-6.9288435
27307189609328,0.51613116,-1.6008677,-10.674395,0.51613116,-1.6008677,-10.674395
27307197574416,-0.77864003,-3.24227,-6.63982,-0.77864003,-3.24227,-6.63982
27307205508987,-3.7046156,-4.2675705,0.18198967,-3.7046156,-4.2675705,0.18198967
27307213474075,-4.5089674,-2.9466817,5.8234134,-4.5089674,-2.9466817,5.8234134
27307221347610,-1.6594167,-2.3512,7.4274635,-1.6594167,-2.3512,7.4274635
27307229251662,1.5743065,-3.143785,4.009055,1.5743065,-3.143785,4.009055
27307237125198,3.7910368,-3.6054976,-0.57217884,3.7910368,-3.6054976,-0.57217884
27307244998733,5.361761,-3.2895336,-1.0962262,5.361761,-3.2895336,-1.0962262
27307252933303,5.94679,-2.9038105,2.4730816,5.94679,-2.9038105,2.4730816
27307260806838,5.138749,-3.0809183,6.123785,5.138749,-3.0809183,6.123785
27307268680373,4.397889,-3.2418313,7.9422054,4.397889,-3.2418313,7.9422054
27307276645461,3.3895736,-3.1937914,5.1061025,3.3895736,-3.1937914,5.1061025
27307284488479,1.7821609,-2.9722886,2.1654692,1.7821609,-2.9722886,2.1654692
27307292484084,8.046627E-4,-2.4830556,0.37057257,8.046627E-4,-2.4830556,0.37057257
27307300388137,-2.5568817,-2.0520163,0.12141943,-2.5568817,-2.0520163,0.12141943
27307308292190,-5.7455606,-1.9761233,1.9254627,-5.7455606,-1.9761233,1.9254627
27307316165725,-8.5192795,-2.3298306,2.7983146,-8.5192795,-2.3298306,2.7983146
27307324039260,-9.814471,-2.7020507,1.5071197,-9.814471,-2.7020507,1.5071197
27307331912795,-9.693304,-3.024932,-0.77514315,-9.693304,-3.024932,-0.77514315
27307339786330,-9.048646,-3.2823439,-1.540122,-9.048646,-3.2823439,-1.540122
27307347720901,-8.236613,-3.1952615,-1.097106,-8.236613,-3.1952615,-1.097106
27307355655471,-7.0861845,-3.07301,-0.9598961,-7.0861845,-3.07301,-0.9598961
27307363559524,-5.324871,-3.0905814,-1.3298426,-5.324871,-3.0905814,-1.3298426
27307371494094,-3.2917273,-2.9035606,-1.3694372,-3.2917273,-2.9035606,-1.3694372
27307379367629,-1.3628545,-2.3577027,-0.97950745,-1.3628545,-2.3577027,-0.97950745
27307387241164,0.5640679,-1.5242395,-0.17791843,0.5640679,-1.5242395,-0.17791843
27307395206252,1.8929329,-0.6823387,0.0030088425,1.8929329,-0.6823387,0.0030088425
27307403079787,1.9600344,-0.09840679,-0.0061500072,1.9600344,-0.09840679,-0.0061500072
27307410922805,1.0576308,-0.030464172,-0.24627256,1.0576308,-0.030464172,-0.24627256
27307418826858,-0.02000928,-0.09702015,-0.6817889,-0.02000928,-0.09702015,-0.6817889
27307426730910,-0.700812,-0.10206413,-0.46014452,-0.700812,-0.10206413,-0.46014452
27307434634963,-1.2166669,-0.119172096,-0.6640382,-1.2166669,-0.119172096,-0.6640382
27307442508498,-1.8982599,-0.21545506,-1.7675598,-1.8982599,-0.21545506,-1.7675598
27307450443069,-2.519252,-0.29543018,-2.2670434,-2.519252,-0.29543018,-2.2670434
27307458316604,-2.9665449,-0.42708683,-1.9788253,-2.9665449,-0.42708683,-1.9788253
27307466190139,-3.2047381,-0.5622835,-2.0768058,-3.2047381,-0.5622835,-2.0768058
27307474155227,-3.2003582,-0.7485924,-2.4231973,-3.2003582,-0.7485924,-2.4231973
27307482028762,-3.5155027,-1.1650543,-2.0055022,-3.5155027,-1.1650543,-2.0055022
27307489993850,0.9095504,-1.0445881,3.0873194,0.9095504,-1.0445881,3.0873194
27307497867385,-2.4242578,-0.3167715,-9.697128,-2.4242578,-0.3167715,-9.697128
27307505771438,-12.871108,-0.9535942,-12.196233,-12.871108,-0.9535942,-12.196233
27307513644973,-13.592923,-0.5098982,-2.9527783,-13.592923,-0.5098982,-2.9527783
27307521518508,-12.251291,-0.933486,-3.9146004,-12.251291,-0.933486,-3.9146004
27307529392043,-10.3991995,-1.857225,1.0500399,-10.3991995,-1.857225,1.0500399
27307537265578,-3.4633727,-1.6873093,4.9171305,-3.4633727,-1.6873093,4.9171305
27307545169631,3.9827743,-0.74816513,3.1518598,3.9827743,-0.74816513,3.1518598
27307553134719,9.032878,0.415514,-0.4975155,9.032878,0.415514,-0.4975155
27307561069289,10.104644,1.1303425,-2.4880893,10.104644,1.1303425,-2.4880893
27307569003860,7.4557834,1.3810158,-3.056198,7.4557834,1.3810158,-3.056198
27307576907912,3.337197,0.7771425,-2.0489166,3.337197,0.7771425,-2.0489166
27307584781448,-0.28023896,0.13995743,-2.0315485,-0.28023896,0.13995743,-2.0315485
27307592746535,-3.4984899,-0.32520008,-2.8059802,-3.4984899,-0.32520008,-2.8059802
27307600620071,-5.426527,-0.6976538,-2.3194568,-5.426527,-0.6976538,-2.3194568
27307608493606,-5.88907,-1.0713062,-1.9450682,-5.88907,-1.0713062,-1.9450682
27307616458694,-5.8238955,-1.3488216,-2.9729807,-5.8238955,-1.3488216,-2.9729807
27307624332229,-5.451775,0.80847263,-3.4367566,-5.451775,0.80847263,-3.4367566
27307632297317,-3.721668,-0.50916386,-1.2108837,-3.721668,-0.50916386,-1.2108837
27307640170852,-2.4464831,-3.885013,-0.10202238,-2.4464831,-3.885013,-0.10202238
27307648135940,-0.63602126,-4.3891706,3.1857276,-0.63602126,-4.3891706,3.1857276
27307656009475,1.8477634,-3.76682,5.1359663,1.8477634,-3.76682,5.1359663
27307663883010,4.31701,-3.1259236,1.8326577,4.31701,-3.1259236,1.8326577
27307671878616,5.303165,-1.8015451,-5.661505,5.303165,-1.8015451,-5.661505
27307679752151,1.6350943,1.8719482,-12.326465,1.6350943,1.8719482,-12.326465
27307687595168,-4.0461226,5.465317,1.0002712,-4.0461226,5.465317,1.0002712
27307695499221,-7.7892528,4.8759365,17.32001,-7.7892528,4.8759365,17.32001
27307703403274,-4.826637,0.75359726,8.998141,-4.826637,0.75359726,8.998141
27307711276809,-1.3969609,-0.37315464,-7.647033,-1.3969609,-0.37315464,-7.647033
27307719180862,-3.545867,1.0901432,-18.028198,-3.545867,1.0901432,-18.028198
27307727115432,-8.953301,2.6539774,-16.02448,-8.953301,2.6539774,-16.02448
27307735019485,-14.067241,3.1866674,-0.6302648,-14.067241,3.1866674,-0.6302648
27307742893020,-11.8828335,3.119112,10.645685,-11.8828335,3.119112,10.645685
27307750858108,-3.2078304,2.9783745,3.537495,-3.2078304,2.9783745,3.537495
27307758731643,3.0905542,2.1025143,-5.5556183,3.0905542,2.1025143,-5.5556183
27307766666213,4.852003,-0.5075073,-11.277237,4.852003,-0.5075073,-11.277237
27307774539748,6.537235,-1.8163238,-8.206554,6.537235,-1.8163238,-8.206554
27307782413283,6.116594,-0.91655827,0.021356225,6.116594,-0.91655827,0.021356225
27307790286819,3.1206238,-0.025072098,2.043919,3.1206238,-0.025072098,2.043919
27307798160354,1.2176032,0.6098957,-3.3148346,1.2176032,0.6098957,-3.3148346
27307806064407,0.2053966,1.1188946,-6.5022793,0.2053966,1.1188946,-6.5022793
27307813937942,-1.1395105,0.93002033,-3.2014961,-1.1395105,0.93002033,-3.2014961
27307821811477,-2.7823567,0.27449417,1.1000565,-2.7823567,0.27449417,1.1000565
27307829776565,-3.6035523,-0.22620106,2.2614422,-3.6035523,-0.22620106,2.2614422
27307837650100,-2.9117265,-0.42045975,0.3765428,-2.9117265,-0.42045975,0.3765428
27307845584670,-1.7001476,-0.31429005,-1.1207694,-1.7001476,-0.31429005,-1.1207694
27307853458205,0.01682955,0.03843975,-0.3276062,0.01682955,0.03843975,-0.3276062
27307861331741,1.5772171,0.28889847,1.0971153,1.5772171,0.28889847,1.0971153
27307869296828,2.9742959,0.29517746,2.0186636,2.9742959,0.29517746,2.0186636
27307877170364,3.7450516,0.14690208,1.9282568,3.7450516,0.14690208,1.9282568
27307885104934,4.018803,-0.04406643,1.6253822,4.018803,-0.04406643,1.6253822
27307892978469,3.6826267,-0.19679642,1.558579,3.6826267,-0.19679642,1.558579
27307900852004,2.9728107,-0.20177174,1.9405468,2.9728107,-0.20177174,1.9405468
27307908695022,2.092773,-0.068686485,2.766041,2.092773,-0.068686485,2.766041
27307916599075,1.2289076,0.080812454,3.5964088,1.2289076,0.080812454,3.5964088
27307924594680,0.48875737,0.22579956,3.649426,0.48875737,0.22579956,3.649426
27307932468215,0.0657441,0.34259796,2.9240813,0.0657441,0.34259796,2.9240813
27307940402785,-0.08824614,0.3688383,1.8244433,-0.08824614,0.3688383,1.8244433
27307948337356,-0.14041913,0.2638235,0.7335316,-0.14041913,0.2638235,0.7335316
27307956241408,-0.16449499,0.17808247,0.27956665,-0.16449499,0.17808247,0.27956665
27307964175979,-0.14876345,0.15486145,0.3076471,-0.14876345,0.15486145,0.3076471
27307972080032,0.0131213665,0.15362358,0.37580132,0.0131213665,0.15362358,0.37580132
27307979953567,0.27814445,0.11673641,0.12644172,0.27814445,0.11673641,0.12644172
27307987827102,0.5390268,0.06099701,-0.27989006,0.5390268,0.06099701,-0.27989006
27307995700637,0.5855577,0.038856506,-0.44683456,0.5855577,0.038856506,-0.44683456
27308003604690,0.48464143,0.09024906,-0.0999825,0.48464143,0.09024906,-0.0999825
27308011447707,0.31161067,0.16726208,0.6554209,0.31161067,0.16726208,0.6554209
27308019351760,0.23813452,0.27492905,1.329733,0.23813452,0.27492905,1.329733
27308027316848,0.36211455,0.32036877,1.6976671,0.36211455,0.32036877,1.6976671
27308035220901,0.7097715,0.3705864,1.6106442,0.7097715,0.3705864,1.6106442
27308043185989,0.9963699,0.3538742,1.3133295,0.9963699,0.3538742,1.3133295
27308051120559,1.2210704,0.31119728,0.46912992,1.2210704,0.31119728,0.46912992
27308058994094,1.0533792,0.34735107,0.04524088,1.0533792,0.34735107,0.04524088
27308066898147,0.48818332,0.27270317,0.6118872,0.48818332,0.27270317,0.6118872
27308074802200,0.079344176,0.12581253,1.435259,0.079344176,0.12581253,1.435259
27308082675735,-0.08312135,-0.02076912,1.4099265,-0.08312135,-0.02076912,1.4099265
27308090549270,-0.07320903,0.0028514862,1.1651493,-0.07320903,0.0028514862,1.1651493
27308098422805,0.07751491,0.13641739,1.2619163,0.07751491,0.13641739,1.2619163
27308106265823,0.3819646,0.33918476,1.5181215,0.3819646,0.33918476,1.5181215
27308114230910,0.83326375,0.42718697,1.2098957,0.83326375,0.42718697,1.2098957
27308122165481,1.0822513,0.36715794,0.5249444,1.0822513,0.36715794,0.5249444
27308130039016,0.9270217,0.34546185,0.23020148,0.9270217,0.34546185,0.23020148
27308137912551,0.5007891,0.2539587,0.38634753,0.5007891,0.2539587,0.38634753
27308145877639,0.13706103,0.11212635,0.61645484,0.13706103,0.11212635,0.61645484
27308153720657,0.02210282,0.02059555,0.7077371,0.02210282,0.02059555,0.7077371
27308161716262,0.07459318,0.05126667,0.6605208,0.07459318,0.05126667,0.6605208
27308169620315,0.2105185,0.07960796,0.7571565,0.2105185,0.07960796,0.7571565
27308177524367,0.26150516,-0.021148682,0.3612857,0.26150516,-0.021148682,0.3612857
27308185397903,0.1393319,0.023939133,0.22313976,0.1393319,0.023939133,0.22313976
27308193271438,0.0050257184,0.16662312,0.7722577,0.0050257184,0.16662312,0.7722577
27308201206008,0.26854515,0.29467392,1.229285,0.26854515,0.29467392,1.229285
27308209140578,0.75158995,0.34400082,0.96434474,0.75158995,0.34400082,0.96434474
27308217014114,1.0108904,0.3932705,0.58903325,1.0108904,0.3932705,0.58903325
27308224948684,0.8956439,0.32008553,0.6097702,0.8956439,0.32008553,0.6097702
27308232852737,0.55643183,0.21323013,0.6993649,0.55643183,0.21323013,0.6993649
27308240787307,0.25612435,0.18769932,0.7168114,0.25612435,0.18769932,0.7168114
27308248691360,0.03965455,0.11189556,0.93778825,0.03965455,0.11189556,0.93778825
27308256564895,0.1006722,0.08414841,0.7284615,0.1006722,0.08414841,0.7284615
27308264529983,0.17869683,0.14021206,0.3875022,0.17869683,0.14021206,0.3875022
27308272403518,0.19253393,0.18556881,0.34394717,0.19253393,0.18556881,0.34394717
27308280277053,0.20526421,0.18088913,0.59087145,0.20526421,0.18088913,0.59087145
27308288150588,0.1853098,0.12589073,0.8230759,0.1853098,0.12589073,0.8230759
27308296085158,0.16127457,0.06388378,0.8139969,0.16127457,0.06388378,0.8139969
27308304019729,0.11954963,0.07670021,0.5678196,0.11954963,0.07670021,0.5678196
27308311984817,0.08109861,0.13762188,0.54030716,0.08109861,0.13762188,0.54030716
27308319980422,0.13355392,0.15315628,0.611253,0.13355392,0.15315628,0.611253
27308327853957,0.24350597,0.13570595,0.46879995,0.24350597,0.13570595,0.46879995
27308335758010,0.24419631,0.10654354,0.38723278,0.24419631,0.10654354,0.38723278
27308343631545,0.17145984,0.07980442,0.49490464,0.17145984,0.07980442,0.49490464
27308351505080,0.09440409,0.07015228,0.40517128,0.09440409,0.07015228,0.40517128
27308359348098,0.06576954,0.16592121,0.40672314,0.06576954,0.16592121,0.40672314
27308367252151,0.044998825,0.15396595,0.41788757,0.044998825,0.15396595,0.41788757
27308375125686,0.02952917,0.06302929,0.4722607,0.02952917,0.06302929,0.4722607
27308382999221,-0.016722292,0.031725883,0.64056575,-0.016722292,0.031725883,0.64056575
27308390872756,0.0055576414,0.083602905,1.0407102,0.0055576414,0.083602905,1.0407102
27308398837844,0.21018182,0.19942665,1.2699509,0.21018182,0.19942665,1.2699509
27308406741897,0.45129794,0.20962906,1.2175376,0.45129794,0.20962906,1.2175376
27308414615432,0.6226505,0.21600819,0.4030378,0.6226505,0.21600819,0.4030378
27308422550002,0.41476125,0.26104927,0.17429376,0.41476125,0.26104927,0.17429376
27308430454055,0.023827165,0.15485096,0.7386364,0.023827165,0.15485096,0.7386364
27308438419143,-0.20300096,0.098893166,0.93889165,-0.20300096,0.098893166,0.93889165
27308446323196,-0.26592708,0.08888054,0.6408174,-0.26592708,0.08888054,0.6408174
27308454196731,-0.1324889,0.05784321,0.38096213,-0.1324889,0.05784321,0.38096213
27308462131301,0.065088555,0.09187317,0.31687522,0.065088555,0.09187317,0.31687522
27308470004836,0.20013154,0.10491562,0.1882695,0.20013154,0.10491562,0.1882695
27308477939407,0.1852303,0.11129856,-0.01207757,0.1852303,0.11129856,-0.01207757
27308485812942,-0.010560557,0.065158844,0.018231392,-0.010560557,0.065158844,0.018231392
27308493686477,-0.11522768,0.090818405,0.25671518,-0.11522768,0.090818405,0.25671518
27308501651565,-0.057589144,0.08042717,0.44900334,-0.057589144,0.08042717,0.44900334
27308509525100,0.104815885,0.081941605,0.49486935,0.104815885,0.081941605,0.49486935
27308517459670,0.22610359,0.069229126,0.38569522,0.22610359,0.069229126,0.38569522
27308525363723,0.24458589,0.11162186,0.28149414,0.24458589,0.11162186,0.28149414
27308533237258,0.117439225,0.039037704,0.30875254,0.117439225,0.039037704,0.30875254
27308541080276,-0.011642799,0.007255554,0.2575177,-0.011642799,0.007255554,0.2575177
27308548984328,-0.15690497,-0.007686615,0.2474283,-0.15690497,-0.007686615,0.2474283
27308556857864,-0.13943419,0.042004585,0.32586217,-0.13943419,0.042004585,0.32586217
27308564700881,-0.012144893,0.039071083,0.31110525,-0.012144893,0.039071083,0.31110525
27308572604934,0.15067658,0.06254768,0.255929,0.15067658,0.06254768,0.255929
27308580508987,0.21049654,0.05492592,0.24877203,0.21049654,0.05492592,0.24877203
27308588382522,0.16997692,0.04965496,0.25099015,0.16997692,0.04965496,0.25099015
27308596317092,0.052936643,0.065844536,0.36773384,0.052936643,0.065844536,0.36773384
27308604190627,-0.025710776,0.046111107,0.39105117,-0.025710776,0.046111107,0.39105117
27308612064162,-0.066109434,0.057641983,0.22826588,-0.066109434,0.057641983,0.22826588
27308619998733,-0.044350877,0.12911224,0.14488566,-0.044350877,0.12911224,0.14488566
27308627902785,-0.010771304,0.123934746,0.21693456,-0.010771304,0.123934746,0.21693456
27308635837356,0.029995322,0.0638895,0.06488037,0.029995322,0.0638895,0.06488037
27308643710891,-0.017262995,0.01826477,-0.0054297447,-0.017262995,0.01826477,-0.0054297447
27308651584426,-0.17649582,-0.0035800934,0.045660496,-0.17649582,-0.0035800934,0.045660496
27308659457961,-0.20192249,-0.015957832,0.2661779,-0.20192249,-0.015957832,0.2661779
27308667362014,-0.08920184,0.01699543,0.4810419,-0.08920184,0.01699543,0.4810419
27308675266067,0.12590718,0.06437111,0.42074692,0.12590718,0.06437111,0.42074692
27308683139602,0.20232788,0.047157288,0.2266779,0.20232788,0.047157288,0.2266779
27308691043655,0.113936454,0.044255257,0.19039106,0.113936454,0.044255257,0.19039106
27308699008742,-0.010393381,0.079574585,0.30453622,-0.010393381,0.079574585,0.30453622
27308706882278,-0.039132863,0.11956978,0.40373266,-0.039132863,0.11956978,0.40373266
27308714816848,0.020819783,0.07823181,0.36919105,0.020819783,0.07823181,0.36919105
27308722690383,0.04468289,0.048906326,0.26778173,0.04468289,0.048906326,0.26778173
27308730655471,0.030385196,0.041145325,0.25745094,0.030385196,0.041145325,0.25745094
27308738559524,0.006449312,0.01900959,0.25903118,0.006449312,0.01900959,0.25903118
27308746494094,-0.017582715,0.015978813,0.29864228,-0.017582715,0.015978813,0.29864228
27308754367629,-0.02466479,0.0010175705,0.30496013,-0.02466479,0.0010175705,0.30496013
27308762241164,-0.046182483,0.0052957535,0.23027611,-0.046182483,0.0052957535,0.23027611
27308770175735,-0.06023088,0.007303238,0.03173077,-0.06023088,0.007303238,0.03173077
27308778110305,-0.10494916,0.0022182465,-0.24290943,-0.10494916,0.0022182465,-0.24290943
27308786075393,-0.15224138,0.00892067,-0.19047832,-0.15224138,0.00892067,-0.19047832
27308794070998,-0.13042319,0.020261765,0.17479277,-0.13042319,0.020261765,0.17479277
27308801975051,-0.022782028,0.048360825,0.29339385,-0.022782028,0.048360825,0.29339385
27308809879104,0.13980624,0.0932188,0.22042692,0.13980624,0.0932188,0.22042692
27308817844192,0.13048866,0.09019756,0.049384713,0.13048866,0.09019756,0.049384713
27308825717727,0.09031302,-0.051745415,-0.052475452,0.09031302,-0.051745415,-0.052475452
27308833621780,0.28269204,-0.112446785,-0.27718115,0.28269204,-0.112446785,-0.27718115
27308841495315,0.181155,-0.07540035,0.1545142,0.181155,-0.07540035,0.1545142
27308849368850,-0.07110682,0.07883835,0.6143465,-0.07110682,0.07883835,0.6143465
27308857333938,-0.21106207,0.024929047,0.69894004,-0.21106207,0.024929047,0.69894004
27308865207473,0.029049873,-0.047894478,0.63139343,0.029049873,-0.047894478,0.63139343
27308873172561,0.42659545,0.013540268,0.47366953,0.42659545,0.013540268,0.47366953
27308881046096,0.42455342,0.012823105,0.33082926,0.42455342,0.012823105,0.33082926
27308888919631,0.19050184,0.014578819,0.118982434,0.19050184,0.014578819,0.118982434
27308896884719,-0.017125934,0.028220177,0.2012037,-0.017125934,0.028220177,0.2012037
27308904758254,-0.09555414,0.022485733,0.4953568,-0.09555414,0.022485733,0.4953568
27308912631789,-0.077898055,0.03358364,0.3134712,-0.077898055,0.03358364,0.3134712
27308920474807,-0.115361825,0.0829258,0.39460123,-0.115361825,0.0829258,0.39460123
27308928378860,0.069764465,0.18716145,0.66395473,0.069764465,0.18716145,0.66395473
27308936252395,0.147576,0.11428261,0.514676,0.147576,0.11428261,0.514676
27308944156448,0.053571433,0.027151108,0.3469112,0.053571433,0.027151108,0.3469112
27308952121535,-0.1314432,-0.048096657,0.59526205,-0.1314432,-0.048096657,0.59526205
27308960025588,-0.2163602,-0.063425064,0.6211816,-0.2163602,-0.063425064,0.6211816
27308967899123,-0.28962243,-0.119091034,0.26106036,-0.28962243,-0.119091034,0.26106036
27308975833694,-0.46119976,0.06736755,-0.05198884,-0.46119976,0.06736755,-0.05198884
27308983707229,-0.5018296,0.22041416,-0.15632844,-0.5018296,0.22041416,-0.15632844
27308991672317,-0.38473377,0.18670559,0.09357691,-0.38473377,0.18670559,0.09357691
27308999576369,-0.32045275,0.030941963,0.27186954,-0.32045275,0.030941963,0.27186954
27309007449905,-0.14470512,-0.06967449,0.23489976,-0.14470512,-0.06967449,0.23489976
27309015353957,0.15877429,-0.045614243,0.14347076,0.15877429,-0.045614243,0.14347076
27309023227492,0.3514821,0.1365366,0.3228253,0.3514821,0.1365366,0.3228253
27309031101028,0.503259,0.17994785,0.28489232,0.503259,0.17994785,0.28489232
27309039005080,0.46226826,0.21138954,0.24478567,0.46226826,0.21138954,0.24478567
27309046878616,0.059984237,0.2308588,0.2454158,0.059984237,0.2308588,0.2454158
27309054813186,-0.26796618,0.1259718,-0.06204343,-0.26796618,0.1259718,-0.06204343
27309062717239,-0.36803895,-0.055412292,-0.16053951,-0.36803895,-0.055412292,-0.16053951
27309070651809,-0.33635932,-0.14106274,-0.19935536,-0.33635932,-0.14106274,-0.19935536
27309078555862,-0.33185297,-0.08074093,-0.08550441,-0.33185297,-0.08074093,-0.08550441
27309086429397,-0.52336335,-0.13557816,0.18996346,-0.52336335,-0.13557816,0.18996346
27309094394485,-0.5788684,-0.03695488,-0.34272277,-0.5788684,-0.03695488,-0.34272277
27309102268020,-0.11239362,0.276824,-0.78665733,-0.11239362,0.276824,-0.78665733
27309110141555,0.30220658,0.15179348,0.42948592,0.30220658,0.15179348,0.42948592
27309118015090,0.83281386,0.00299263,0.87281084,0.83281386,0.00299263,0.87281084
27309125888625,1.0183454,0.07460022,0.83849096,1.0183454,0.07460022,0.83849096
27309133792678,0.41126403,0.050631523,0.4393984,0.41126403,0.050631523,0.4393984
27309141666213,-0.12303689,-0.02833271,0.32100737,-0.12303689,-0.02833271,0.32100737
27309149600783,-0.36762425,0.012530327,0.30137742,-0.36762425,0.012530327,0.30137742
27309157474319,-0.22126669,0.06806278,-0.121104,-0.22126669,0.06806278,-0.121104
27309165347854,-0.0023117661,0.09489918,-0.5216751,-0.0023117661,0.09489918,-0.5216751
27309173312942,0.07560879,0.05913067,-0.4260515,0.07560879,0.05913067,-0.4260515
27309181186477,0.09312248,0.030260086,-0.14772654,0.09312248,0.030260086,-0.14772654
27309189121047,0.16802725,0.14717293,0.32551074,0.16802725,0.14717293,0.32551074
27309196994582,0.042140245,0.14686394,0.5263736,0.042140245,0.14686394,0.5263736
