47565566211087,-0.003807962,0.09001827,0.058207512
47565574084622,-0.0026935935,0.07509327,0.04724598
47565581958157,0.002162069,-0.072686195,-0.044855595
47565589831692,0.0060122013,-0.12840176,-0.08000851
47565597735745,0.007410407,-0.118629456,-0.069592476
47565605609280,-6.1517954E-4,0.014007568,0.008370876
47565613482816,0.00210616,-0.06732941,-0.039830685
47565621417386,0.002719611,-0.108555794,-0.064743996
47565629321439,0.003975123,-0.1154089,-0.06831837
47565637194974,0.0034965575,-0.10769653,-0.06164837
47565645160062,0.004262984,-0.122148514,-0.06843376
47565653064114,0.0110272765,-0.24081326,-0.13491058
47565660998685,0.019028783,-0.3952732,-0.22212124
47565668841702,0.020825386,-0.44503498,-0.25214434
47565676745755,0.019314736,-0.383111,-0.21866274
47565684619290,0.015390664,-0.27615452,-0.15869474
47565692492825,0.012609214,-0.244421,-0.14102745
47565700366360,0.015917063,-0.26777077,-0.15718365
47565708270413,0.020083845,-0.30150986,-0.18124151
47565716143948,0.026634097,-0.37815857,-0.23323107
47565724078519,0.029695153,-0.43414402,-0.27481222
47565731982571,0.032693684,-0.45288324,-0.28967237
47565739947659,0.04092455,-0.46930313,-0.30718184
47565747821194,0.05625069,-0.60900736,-0.41602373
47565755694730,0.0473997,-0.6670995,-0.46836138
47565763690335,0.028301626,-0.5058799,-0.35822248
47565771594388,0.008979797,-0.22918701,-0.16380405
47565779467923,0.0018773973,-0.048961163,-0.03459215
47565787341458,-8.9633465E-4,0.024090767,0.017374992
47565795245511,-0.0066458285,0.18227625,0.129529
47565803119046,-0.019336611,0.33346844,0.23514271
47565810992581,-0.022676796,0.3803234,0.26671886
47565818957669,-0.017786562,0.4168148,0.2903366
47565826800687,-0.023929358,0.5560589,0.37533283
47565834735257,-0.024053723,0.63043594,0.40972996
47565842669827,-0.023006976,0.6827955,0.42155743
47565850512845,-0.025804937,0.6729307,0.39651966
47565858508450,-0.017605275,0.60673237,0.32616186
47565866381985,-0.013362199,0.7930784,0.37374735
47565874286038,-0.05264923,0.97984123,0.40720248
47565882159573,-0.04857546,0.7110386,0.26456904
47565890033108,-0.032313347,0.5657253,0.18087482
47565897906644,-0.027252167,0.6117573,0.17021537
47565905810696,0.007198125,0.32969666,0.07754612
47565913684232,0.04549873,0.7911053,0.15141392
47565921618802,0.0340544,1.3148079,0.20487785
47565929492337,-0.027819738,1.4779949,0.20170414
47565937426907,-0.055846214,0.9670582,0.10998011
47565945330960,-0.021960437,0.23239422,0.020675004
47565953204495,-0.0951283,0.49934483,0.047151506
47565961139066,-0.23996997,1.5115185,0.105900645
47565969012601,-0.29870892,1.954381,0.090750605
47565976947171,-0.26511502,2.4633112,0.032356173
47565984790189,-0.1948216,2.8546858,-0.12392861
47565992694241,-0.17091107,2.8672562,-0.38003254
47566000567776,-0.11824721,3.0463276,-0.88216877
47566008441312,-0.28659856,4.085746,-1.929059
47566016314847,-0.30938268,5.3113937,-3.1605372
47566024218900,-0.049867526,6.3441114,-4.546669
47566032153470,0.5996417,6.5640616,-5.1073327
47566040088040,-0.08227404,6.2665415,-6.732364
47566047992093,-0.69831616,5.5809,-6.687601
47566055957181,-0.9888197,5.8042073,-8.207024
47566063830716,-0.72906965,5.719558,-7.775941
47566071704251,-0.980137,4.39236,-6.064086
47566079638821,-0.8218541,2.5676045,-5.586009
47566087512357,-0.3839429,1.9929433,-3.611189
47566095416409,-0.2856803,2.1058536,-2.0351257
47566103289944,-0.10077119,2.1060762,-1.2921872
47566111163480,-0.026611507,0.7573509,-0.24453616
47566119037015,-0.023399293,0.4011984,0.04149425
47566126941067,-0.17805922,1.6418495,0.8086386
47566134906155,-0.4185617,1.4420729,0.33608294
47566142779691,-0.7216308,2.9757977,1.5381169
47566150653226,-0.4568287,2.3274813,0.9038136
47566158587796,-0.302365,2.9591722,1.5209599
47566166461331,-0.26732785,2.4895563,0.9960327
47566174395901,-0.10597032,1.7025213,0.4586041
47566182269437,-0.2930069,2.1603403,0.66412544
47566190142972,-0.17705363,1.8835564,0.4240601
47566198016507,-0.24955833,2.3212805,0.87879395
47566205890042,0.18439329,1.3752451,0.3006668
47566213763577,0.3056214,1.2371407,0.12888545
47566221637112,0.07732296,0.5760269,0.063718796
47566229480130,0.057537794,0.51553154,0.020109028
47566237384183,0.09913397,0.7642679,0.025307387
47566245288235,0.1280247,0.6925583,0.0027263202
47566253253323,0.3286314,1.075099,-0.09908271
47566261096341,0.50614524,1.3690548,-0.16279042
47566269000394,0.62175465,1.5092726,-0.21895838
47566276995999,0.8168025,1.799407,-0.33769274
47566284900052,0.8241458,1.6055574,-0.3577969
47566292834622,1.121134,1.7756286,-1.980905
47566300708157,3.3749197,2.0360544,-7.506975
47566308581692,3.0995126,7.479625,-5.8176203
47566316455228,-0.31446958,4.50128,-0.9242811
47566324328763,-0.39051205,6.559985,-3.1956506
47566332171780,0.29564738,5.0589437,-0.8704705
47566340075833,3.2319522,6.031324,-2.986683
47566347949368,4.961007,6.749415,-4.3781857
47566355914456,3.8258233,6.398096,-3.2805188
47566363818509,2.5232315,6.8903236,-2.6782107
47566371783597,1.7472053,7.155629,-2.3605766
47566379657132,1.4827406,6.5671425,-2.4749353
47566387530667,1.9996128,6.3180466,-2.492487
47566395465237,2.5672896,6.584301,-2.4037921
47566403338773,2.8185275,6.7481327,-2.1990678
47566411212308,2.90516,6.5780334,-1.9947252
47566419085843,2.860288,6.437642,-1.8361189
47566427050931,2.633413,6.357709,-1.8792925
47566434924466,2.1869717,5.7892885,-1.6861267
47566442828519,1.6608293,5.09223,-1.6573503
47566450763089,1.5693269,5.2585316,-1.7233374
47566458636624,1.4238837,5.6260405,-1.7254643
47566466510159,0.97545934,5.632495,-1.4474566
47566474444730,0.8499216,4.510049,-0.77285695
47566482287747,1.5341041,4.4011936,-0.83097494
47566490283353,1.4015629,4.357667,-0.93797493
47566498156888,1.502789,5.0525303,-0.74212956
47566506030423,1.0513133,5.021537,-0.89352596
47566513934476,0.37440848,3.6618567,-0.94204044
47566521808011,0.25544327,2.5203733,-0.91804695
47566529773099,0.41940188,3.489829,-1.5998144
47566537616116,0.52204424,5.171629,-2.5276666
47566545520169,0.5046138,5.7208204,-2.6752882
47566553546292,-0.19508883,5.220705,-3.1021929
47566561419827,-1.389652,3.8845181,-3.583796
47566569354398,-3.6268446,1.6648345,-6.352488
47566577258450,-2.9068491,0.50954056,-9.861604
47566585131985,-2.928063,-0.9998026,-10.025861
47566593066556,-3.2613976,-1.8206391,-8.697931
47566600940091,-1.5551214,-2.1070838,-9.86935
47566608844144,0.48159528,-0.8148694,-10.013145
47566616717679,1.374117,1.0222139,-9.050229
47566624713284,2.8573782,2.385023,-9.023697
47566632708890,5.653517,3.1934385,-7.5982285
47566640612942,7.9723845,3.0054893,-5.869197
47566648608548,9.469305,1.5494108,-4.8624535
47566656482083,10.695463,-0.5224047,-4.6413
47566664386136,8.830754,-2.390985,-4.7905755
47566672290189,5.164684,-3.0174375,-4.634416
47566680163724,2.4565465,-2.6650753,-5.3208227
47566688067776,-0.021116257,-1.7202983,-6.756462
47566696002347,-3.0476813,-0.9273968,-7.8527555
47566703936917,-7.3313894,-1.0919676,-9.078073
47566711902005,-9.730951,-2.5428925,-7.678091
47566719775540,-6.682289,-4.700103,-5.4778023
47566727710110,-1.9254141,-6.1690097,-3.5982182
47566735583646,1.856883,-6.6179185,-2.457906
47566743487698,5.477862,-6.101748,-1.4431739
47566751452786,6.992986,-5.04856,-1.9056437
47566759326321,5.229125,-4.0424023,-2.0932825
47566767199857,2.5705063,-3.8112726,-1.9418628
47566775073392,0.7451415,-3.9039621,-1.4730458
47566782916409,-0.34055805,-4.1272655,-0.60297275
47566790820462,1.1715436,-3.383563,3.453896
47566798693997,-2.428117,-2.7013383,12.483409
47566806628567,6.5153866,-1.615982,5.7069597
47566814532620,5.800565,0.4127283,9.884947
47566822467191,1.49122,3.7624702,6.6009245
47566830401761,0.8780856,5.8530197,5.176538
47566838244778,-1.1916847,5.7548933,6.0488014
47566846209866,-2.6295102,4.3546257,5.1365247
47566854083401,-0.43525076,2.6471767,6.7305813
47566861956937,2.1506245,2.195242,6.952092
47566869799954,3.1347692,2.516798,6.633663
47566877704007,2.223598,3.1120892,6.869199
47566885577542,0.41134858,3.5585938,6.934106
47566893451077,-0.7474139,3.6203585,6.430788
47566901294095,0.08663273,3.259141,6.1432276
47566909228665,0.4033203,2.389902,6.0665693
47566917102200,0.9098654,1.8957558,6.504609
47566925097806,1.6036859,1.7777796,6.73689
47566932971341,2.115327,1.6592646,6.7468953
47566940844876,2.1011295,1.7865152,6.709978
47566948779446,1.4714911,2.2364569,6.8390656
47566956683499,1.480266,2.4775953,6.1891375
47566964648587,1.6022849,2.0761843,5.717323
47566972522122,1.5293589,1.1955414,5.3050404
47566980426175,1.1963922,0.42728806,4.9607115
47566988299710,1.0054014,-0.11585808,4.646681
47566996203763,1.1687227,-0.51068306,4.3698406
47567004168851,1.4292884,-0.87464905,4.130105
47567012042386,1.942867,-1.1840076,3.9884048
47567019976956,2.3450751,-1.3019342,3.8699155
47567027911526,2.6933541,-1.1562729,3.7688959
47567035785062,3.0463555,-0.8326702,3.6747675
47567043719632,3.1135335,-0.44317627,3.4807658
47567051623685,2.888648,-0.21271515,3.7112482
47567059497220,2.7900221,-0.1772461,3.816638
47567067340237,2.8897095,-0.13568687,3.5983386
47567075244290,2.676959,-0.21492195,3.6940982
47567083117825,2.0258744,-0.34542084,3.7302506
47567090991360,1.7372327,-0.28818607,3.6390963
47567098864896,1.6429377,-0.23501396,3.6495512
47567106799466,1.4892771,-0.18113136,3.6179678
47567114673001,1.3073326,-0.07391739,3.5705595
47567122699124,1.1955988,0.16328049,3.6318083
47567130572659,1.0798717,0.35093212,3.6801803
47567138446194,1.2160443,0.44347382,3.596109
47567146411282,1.1259103,0.3667326,3.609101
47567154345853,0.9701037,0.15905762,3.5328565
47567162219388,0.7297927,-0.06943512,3.5417318
47567170092923,0.76767033,-0.2160263,3.379677
47567177966458,0.6934803,-0.32034302,3.1108186
47567185870511,0.46959478,-0.3695898,2.8799677
47567193744046,0.3942166,-0.34644413,2.491073
47567201678616,0.40368557,-0.30763912,2.3252065
47567209582669,0.2090832,-0.40746403,2.119831
47567217456204,0.21818078,-0.5704479,1.9691036
47567225421292,0.46091968,-0.7187271,1.7925665
47567233294827,0.43752307,-0.6445885,1.64288
47567241229398,0.25379986,-0.6240988,1.2250059
47567249133450,0.103097916,-0.5916643,0.8930304
47567257006985,0.030507684,-0.72094154,1.729331
47567264880521,0.84068674,-0.46602535,0.99426675
47567272815091,0.9352771,-0.22300911,1.4602683
47567280688626,0.7939963,-0.016681671,1.018311
47567288562161,0.56972545,0.026833534,1.2870446
47567296435696,0.8128499,-0.1668787,1.2503468
47567304370267,1.0602713,-0.18620968,1.0785004
47567312243802,0.9855462,-0.08849716,1.051437
47567320208890,0.76351315,-0.046182632,0.95972466
47567328112942,0.56138694,-0.10722637,0.806653
47567335986478,0.31301835,-0.2311182,0.62894857
47567343921048,0.09278494,-0.40359783,0.42908502
47567351794583,0.10040182,-0.4785862,0.34231544
47567359668118,0.22436595,-0.46798038,0.33391035
47567367572171,0.39864716,-0.4314127,0.44031858
47567375445706,0.52178824,-0.3662281,0.5975566
47567383319241,0.5870083,-0.25571346,0.5306748
47567391223294,0.50645113,-0.10452461,0.57203865
47567399157864,0.11250204,-0.07791805,0.54078615
47567407000882,-0.3355626,-0.05162239,0.34478188
47567414935452,-0.58802855,-0.06097603,-0.64270055
47567422870023,-0.69766444,-0.14247704,1.298532
47567430743558,-0.39450485,-0.22430897,0.22906971
47567438739163,0.08565527,-0.24099636,0.77573633
47567446612698,0.15718538,-0.116384506,0.6904893
47567454516751,0.00736326,-0.044412613,0.7157364
47567462390286,-0.16960764,0.025107384,0.56705093
47567470263821,-0.30422097,0.018274307,0.7433553
47567478137357,-0.4468882,0.03044796,0.60005116
47567486041409,-0.37820566,0.06156826,0.40529203
47567493914944,-0.36212182,0.051974297,0.33994627
47567501849515,-0.27244437,-0.10825443,0.53213716
47567509723050,-0.34736657,-0.1371336,0.24004006
47567517657620,-0.3952101,-0.12306309,0.31517458
47567525561673,-0.14409477,-0.015900612,0.3484125
47567533435208,0.006583035,0.07174778,0.3186636
