49847635985152,-0.03201413,0.06724024,0.04671383
49847643950240,0.010947466,-0.02400732,-0.016492844
49847651823775,0.15666366,-0.33355188,-0.24811316
49847659666792,0.27348375,-0.69471407,-0.53289557
49847667570845,0.2959826,-0.7985506,-0.6219983
49847675474898,0.2710924,-0.7409291,-0.58845425
49847683348433,0.20680809,-0.627676,-0.48505306
49847691221968,0.16132951,-0.4849844,-0.3627591
49847699156539,0.12567282,-0.3398533,-0.23924732
49847707030074,0.028561115,-0.0707345,-0.0476923
49847714903609,-0.118018866,0.27525997,0.17591286
49847722868697,-0.21621323,0.507112,0.30959225
49847730711714,-0.3162825,0.7024255,0.42923832
49847738707320,-0.3397498,0.73856163,0.4583335
49847746611373,-0.30636144,0.70255613,0.44358492
49847754484908,-0.24296498,0.61520576,0.38244867
49847762449996,-0.20444655,0.52633667,0.3234992
49847770323531,-0.15668297,0.42221832,0.2451992
49847778166548,-0.1904304,0.51623726,0.27342558
49847786070601,-0.21784306,0.5957756,0.28638935
49847793944136,-0.19278502,0.57389736,0.23714471
49847801909224,-0.19322562,0.6097841,0.219491
49847809782759,-0.13832712,0.4493599,0.14255929
49847817717330,-0.08248162,0.31041145,0.0891726
49847825590865,-0.0038788319,0.016301155,0.003307581
49847833494917,0.010699511,-0.04804802,-0.0073655844
49847841429488,0.024168015,-0.095869064,-0.0048104823
49847849303023,-0.06056285,0.1964302,0.0022607073
49847857298628,-0.35335708,0.9680958,0.0052359253
49847865202681,-0.65469885,1.799737,0.06065592
49847873076216,-0.81719804,2.5756865,0.0077658836
49847880949751,-1.0492952,3.7243881,0.02778481
49847888823287,-1.3383987,4.883522,-0.28073883
49847896818892,-2.0890377,6.6181173,-0.9113964
49847904753462,-3.1019254,8.169743,-1.6255218
49847912626998,-3.7352295,8.317229,-2.0311275
49847920561568,-2.0957568,7.249507,-2.432911
49847928465621,-0.46649206,6.158643,-2.2843618
49847936400191,0.51989245,6.5027256,-3.0990462
49847944243208,1.2002459,6.447216,-4.190794
49847952147261,1.4038532,7.551059,-4.9140615
49847960051314,1.3959798,10.247274,-6.064607
49847967924849,1.8406942,10.814096,-6.8413644
49847975798384,2.4089592,10.095671,-4.9264135
49847983702437,1.813132,6.9416733,-3.069278
49847991575972,1.826978,3.817234,-2.0057282
49847999541060,1.9939752,3.2670135,-1.6142719
49848007445113,1.18959,2.5788097,-0.5525217
49848015379683,0.053943217,0.7260895,-0.0018186308
49848023253218,0.054912567,-0.16757298,-0.039979935
49848031157271,0.1926341,-0.28880835,-0.12241554
49848039061324,-0.25240612,0.2343216,0.14398408
49848046934859,-1.2527213,1.024209,0.81548357
49848054838912,-2.1604977,1.6746311,1.4714189
49848062712447,-2.074008,1.6871533,1.6016903
49848070616499,-1.2729688,1.322238,1.3132777
49848078490035,-0.5610018,1.0040317,0.958683
49848086363570,-0.22228718,0.5435662,0.53906727
49848094328658,0.039999247,-0.18839121,-0.17678356
49848102263228,0.013997674,-0.5229449,-0.45330143
49848110136763,-0.0041668676,-0.79783773,-0.6342635
49848118101851,-0.08899462,-1.0977674,-0.7878356
49848125975386,-0.1448856,-1.3679023,-0.85418415
49848133909957,-0.34403372,-1.7439561,-0.8972907
49848141752974,-0.55497026,-1.7429962,-0.7225468
49848149657027,-0.57118154,-1.2838044,-0.36483812
49848157530562,-0.30781984,-0.53363276,-0.10679281
49848165434615,0.14100075,0.21782017,0.025480032
49848173308150,0.72283363,1.1240253,0.024984807
49848181181685,1.1005993,1.7725534,-0.07311347
49848189055220,1.3151526,2.1783915,-0.23907393
49848197020308,1.5233202,2.5343943,-0.40329552
49848204924361,1.9355769,3.2273064,-0.5628953
49848212919966,2.1249843,3.59869,-0.68234503
49848220793501,2.0138612,3.5169363,-0.9844284
49848228667037,2.603602,3.2353883,-2.7227173
49848236632124,3.7060585,4.464048,-3.1756458
49848244505660,1.5657825,5.635296,-2.7548623
49848252348677,-0.36100805,7.1060085,-1.9798918
49848260252730,0.009364625,3.8322515,-1.7677326
49848268126265,0.48096508,4.6055593,-1.4049253
49848275969283,2.1210825,6.4880114,-1.6030364
49848283873335,3.8845668,7.2233,-2.5815072
49848291838423,3.8601747,7.4634714,-2.5991323
49848299711958,2.192678,6.6510267,-2.3242617
49848307585494,1.5375438,6.009429,-2.4975383
49848315550582,1.6813302,6.5044155,-2.88812
49848323424117,2.2006085,7.1430845,-3.2514915
49848331389205,2.4533243,6.935466,-3.3002763
49848339293257,2.6604905,6.9721365,-3.1895545
49848347197310,2.9325716,7.3482523,-3.489037
49848355162398,3.165309,7.485697,-3.6692748
49848363066451,3.3687637,7.8732815,-3.8441315
49848371001021,3.0239637,7.255229,-4.3067245
49848378874556,2.6047955,6.752929,-4.4201627
49848386778609,1.8191955,5.8918695,-3.9682007
49848394713179,0.56909823,3.560758,-3.0390835
49848402556197,0.93175817,2.972351,-2.345046
49848410521285,0.7639334,1.9607577,-1.3892732
49848418394820,0.16432905,0.35723734,-0.26804018
49848426268355,-0.3868146,-0.480803,0.35112095
49848434233443,-1.0917487,-1.131403,1.3424649
49848442106978,-0.6107259,-0.38658285,0.6176653
49848449949996,-0.28619242,-0.27759647,0.3233552
49848457854048,0.23149627,-1.8706641,2.2900581
49848465727583,1.3424468,-0.9913244,1.4806433
49848473601119,2.2809472,-1.1170545,2.0695515
49848481474654,3.0637848,-1.5767932,3.8191662
49848489470259,3.0005395,-3.042462,5.551894
49848497343794,-1.6999418,-6.629772,3.9698653
49848505217330,-5.351839,-5.0802097,0.48452953
49848513182417,-5.7586794,-3.9530935,-0.58186746
49848521055953,-5.79195,-3.243909,-1.0935087
49848529021040,-5.6867447,-3.031608,-1.4761765
49848536955611,-4.9233356,-3.8651824,-2.052611
49848544829146,-3.6890903,-4.7322793,-2.5415814
49848552702681,-2.7978206,-4.623772,-2.470183
49848560545699,-2.5286293,-4.2250247,-2.167788
49848568449751,-2.5246525,-3.9698048,-1.6839355
49848576292769,-2.6577346,-3.3579497,-0.93039715
49848584196822,-2.4593468,-2.787949,-0.37133527
49848592131392,-1.3455224,-1.1119909,1.2830658
49848600035445,-1.2087212,-1.0733566,0.53642774
49848607970015,0.9773488,1.2859135,0.38553238
49848615843550,1.7028723,2.94728,-0.22305542
49848623717085,0.67660356,1.5228395,-0.8751497
49848631682173,1.6544976,2.6757927,-1.3394427
49848639555708,5.073771,7.437435,1.0769775
49848647520796,2.2676368,11.15752,0.59059215
49848655424849,-4.9877486,10.6045265,0.3353753
49848663298384,-7.9826508,9.313766,0.18707633
49848671202437,-5.477449,9.496088,-1.1077945
49848679075972,-4.5000353,9.922749,-2.9430768
49848687010542,-5.3233895,10.694804,-1.8551943
49848694884078,-6.2315807,11.210655,-0.42925382
49848702757613,-6.113325,11.638919,-0.7812581
49848710722701,-5.3148427,11.864015,-0.016188502
49848718657271,-4.381571,11.599304,0.5585035
49848726591841,-2.9901512,11.8527975,0.65229964
49848734465376,-1.4664288,11.789892,2.0611718
49848742338912,-2.119733,9.822893,2.0650682
49848750242964,-4.9675674,6.820997,1.0210061
49848758116499,-6.6280823,4.4533157,0.49372375
49848766020552,-6.846488,2.009345,0.017650127
49848773863570,-8.123714,1.3561201,-2.3403828
49848781767623,-6.886017,2.9302597,-5.0836697
49848789702193,-3.6084487,2.1090508,-9.884641
49848797606246,0.35074067,-2.4118266,-13.541489
49848805540816,1.6034956,-5.3875704,-14.325752
49848813414351,0.86402893,-5.257062,-16.998272
49848821318404,3.1680932,-1.8445382,-13.456278
49848829252974,10.6005335,3.8626547,2.0162606
49848837126509,14.629011,8.659768,-7.166009
49848845122115,17.085035,13.481317,-8.28783
49848853026167,9.5204,8.679716,-14.649252
49848860899703,-0.5985475,3.8452568,-15.09324
49848868773238,-10.944926,0.39880753,-16.170511
49848876646773,-19.956615,-3.0200477,-17.588623
49848884611861,-29.957962,-4.0673065,-10.741222
49848892515914,-13.61772,-0.8998065,-11.063171
49848900389449,-0.2720472,-0.54229736,-3.9490128
49848908354537,6.332,-1.9955425,-7.3086176
49848916228072,12.526461,-2.66049,-9.137928
49848924162642,20.186388,-2.9470973,-8.71348
49848932066695,26.064758,-0.8605795,-6.5799932
49848939940230,15.328378,-0.50973177,-8.546098
49848947813765,4.5167303,-0.58726835,-7.905684
49848955687300,-3.873899,-0.7909422,-8.553402
49848963591353,-8.620015,-1.1706471,-7.803135
49848971464888,-9.098435,-1.8921633,-6.902116
49848979368941,-3.509776,-2.720017,-6.29286
49848987303511,2.2482193,-2.7964377,-5.089314
49848995207564,4.477444,-2.8650923,-4.779106
49849003172652,3.6020567,-3.0507975,-4.8383226
49849011076705,1.1620651,-2.751628,-4.5227604
49849018950240,-0.96326786,-1.9161057,-4.6177363
49849026915328,-2.7371204,-3.5654802,-1.9854156
49849034788863,-1.5968672,3.0479107,1.3217995
49849042662398,-4.055402,2.4619417,6.3100786
49849050535933,-18.057695,-1.9023161,4.185703
49849058409468,-7.842553,4.8351793,1.9391308
49849066283003,-0.8558881,6.01764,7.7473717
49849074187056,-4.7106776,4.70253,10.635701
49849082121626,-1.969236,2.227172,10.8777485
49849089995162,-3.2073948,1.4674215,8.745304
49849097868697,-4.49011,1.9594002,7.5784254
49849105833785,-4.5905814,2.2788563,6.8894587
49849113707320,-2.5994623,2.0165339,5.6960363
49849121702925,-1.2841364,1.2949142,4.5153294
49849129606978,-1.5192244,0.8810978,3.5819669
49849137480513,-2.1266787,0.14428139,3.1120756
49849145354048,-1.5791291,-0.45659637,2.4186177
49849153288619,-0.4936741,-0.7718334,2.1156108
49849161162154,0.23654738,-0.6030121,2.4139144
49849169066207,0.9471663,-0.18607616,2.391805
49849176939742,0.800653,0.22220516,2.5336607
49849184935347,0.13123217,0.57735157,2.4878736
49849192808882,-0.89806217,0.40489197,2.3430667
49849200743453,-1.8859072,-0.196352,1.9465816
49849208616988,-2.216937,-0.8508129,1.6700559
49849216521040,-2.0239642,-1.3400664,1.4736559
49849224425093,-1.5561049,-1.815175,1.2359862
49849232329146,-1.2071517,-2.0517006,0.89674807
49849240233199,-1.0090854,-2.1168861,0.75375104
49849248106734,-0.52154845,-2.1214337,0.55949354
49849256010787,-0.2562291,-2.1639938,0.23874712
49849263884322,-0.3083235,-2.290434,0.039183855
49849271757857,-0.6318928,-2.3741856,-0.14366674
49849279722945,-0.9431409,-2.3148289,-0.20674539
49849287657515,-1.3029704,-2.1125193,-0.43004155
49849295531050,-1.4938947,-1.872755,-0.34219742
49849303496138,-1.8193278,-1.652533,-0.13335633
49849311369673,-2.0832005,-1.5923891,0.15404177
49849319334761,-1.8816922,-1.546514,0.45330143
49849327238814,-1.7401755,-1.5144739,0.56981516
49849335112349,-1.7918651,-1.4311848,1.0008569
49849342985884,-1.8669409,-1.2361732,1.3267117
49849350828902,-1.5480107,-1.0473537,1.6136913
49849358732955,-1.4541206,-1.0321035,1.8473797
49849366606490,-1.5563911,-0.93416595,1.9033275
49849374510542,-2.0043082,-0.97604036,1.8553033
49849382445113,-2.3185978,-1.0031052,1.3865633
49849390349165,-2.8965347,-0.99397564,1.279695
49849398283736,-3.1801734,-1.0351548,1.1347508
49849406157271,-3.0374756,-1.1009555,1.0025458
49849414030806,-2.85311,-1.3065634,1.0058155
49849421995894,-2.2441995,-1.493855,1.2590489
49849429869429,-1.5246481,-1.4933915,1.2970781
49849437865035,-1.6499505,-1.3736606,1.2528005
49849445769087,-1.6546557,-1.2423372,1.389646
49849453642623,-1.5860554,-1.1160846,1.3149953
49849461607710,-1.6451867,-1.1094122,1.2723055
49849469481246,-1.6477952,-0.9612894,1.081882
49849477415816,-1.6331148,-0.8656678,0.9637003
49849485289351,-1.7499179,-0.8103075,0.90278196
49849493193404,-2.0337396,-0.9250293,0.4659443
49849501127974,-2.1700366,-0.9845438,0.53077745
49849509032027,-1.7395045,-1.0541978,0.8558264
49849516966597,-1.4673859,-1.0553718,0.5391698
49849524840132,-1.3383106,-1.006712,0.60493565
49849532713667,-1.1555753,-0.74848366,0.57800245
49849540556685,-1.0012871,-0.55796576,0.8604436
49849548491255,-0.65382266,-0.5723262,0.9584522
49849556334273,-0.41975522,-0.756258,0.82032394
49849564238326,-0.38520455,-0.76432705,0.9079714
49849572111861,-0.30970693,-0.70341206,1.0551152
49849580076949,-0.33939338,-0.4350958,0.8387408
49849587950484,-0.7409437,-0.3636465,0.79174757
49849595885054,-1.1089365,-0.59394264,0.72348785
49849603758589,-1.4615064,-0.86448,0.8191557
49849611662642,-1.5230658,-0.8714919,0.71437025
49849619627730,-1.4897132,-0.82326555,0.6629844
49849627501265,-1.5960498,-0.72216845,0.4327035
49849635344283,-1.6648757,-0.7426748,0.28877735
49849643248335,-1.4647522,-0.8064904,0.19376278
49849651121871,-1.0310643,-0.8829961,0.13198948
49849658995406,-0.50855446,-1.1710758,-0.10396862
49849666899458,-0.3314178,-1.3880625,-0.37721157
49849674834029,-0.38589644,-1.5265222,-0.22074986
49849682707564,-0.16928339,-1.2400045,0.40725613
49849690581099,-0.06909752,-0.63910866,0.4170189
49849698546187,0.3357278,-0.09211445,0.71615076
49849706419722,0.041231155,-0.28543472,0.8732219
49849714354292,-0.5706539,-0.67712784,0.6924324
49849722288863,-0.9499407,-0.83058643,0.57323694
49849730192915,-1.3947005,-0.8510699,0.32472372
49849738127486,-2.1216025,-0.8538928,0.42230797
49849746031539,-2.188375,-0.6670141,0.619421
49849753874556,-1.9672086,-0.52437353,1.008883
49849761778609,-1.2003934,-0.54151773,1.2093878
49849769652144,-0.7366986,-0.58179,1.3803205
49849777617232,-0.69084215,-0.67346907,1.4886732
49849785490767,-0.75165415,-0.78615236,1.183661
49849793486373,-1.0881205,-0.9438715,0.9699755
49849801359908,-1.5463197,-0.90082407,0.69967175
49849809233443,-1.4918344,-0.7603526,0.47516012
49849817229048,-1.1067781,-0.6760845,0.41190434
49849825102583,-1.1256719,-0.6800232,0.53220177
49849833006636,-1.1231098,-0.6628823,0.4169917
49849840880171,-0.72283125,-0.66575336,0.3861537
49849848753707,-0.56021404,-0.61881685,0.37469673
49849856688277,-0.44911623,-0.70068884,0.1423173
49849864561812,-0.27861476,-0.7260566,0.11867857
49849872526900,-0.40879607,-0.5532565,0.1170001
49849880461470,-0.32256317,-0.45810032,0.008556843
49849888335005,0.088391304,-0.33634377,-0.15104103
49849896269576,0.27179933,-0.10896015,-0.30166912
49849904173628,0.27478027,0.13393593,-0.35282993
49849912108199,0.41344452,0.18934822,-0.54230356
49849919981734,0.17349148,0.14943743,-0.59388065
49849927885787,-0.23184705,0.113102436,-0.42477417
49849935759322,-0.45059586,0.13351154,-0.37567854
49849943663374,-0.3290248,0.03361368,-0.22144747
49849951658980,-0.25636244,-0.018137455,-0.06814766
49849959532515,-0.38093185,0.017300129,0.02461958
49849967406050,-0.43653607,0.02221775,0.06005478
49849975371138,-0.30409884,-0.022761822,0.042945385
49849983214156,-0.4719429,0.00922966,0.18406296
49849991209761,-0.86827445,0.15524197,-0.90690565
49849999113814,-0.68315697,-0.21524143,0.88119984
49850006987349,-0.63677,-0.14728308,-0.8182826
49850014830367,-0.04043603,-0.29532003,-0.1077075
49850022764937,0.572078,-0.39477015,-0.15757847
49850030607955,0.68995905,-0.55211115,0.10734177
49850038512007,0.29003406,-0.63760614,0.34331036
49850046385542,-0.05865884,-0.61208487,0.62286186
49850054350630,-0.20167422,-0.41311026,0.64103746
49850062224165,-0.34589028,-0.18344498,0.7383771
49850070158736,-0.37444353,0.07692528,0.8044872
49850078032271,-0.2457869,0.41973352,0.71063375
49850085936324,-0.16214418,0.49484873,0.67973185
49850093901412,-0.031471014,0.4732647,0.6293001
49850101774947,0.37529874,0.35890722,0.23935509
49850109709517,0.6394663,0.003669262,-0.31087923
49850117583052,-0.32715058,0.019438744,-0.050714493
49850125426070,0.9107454,-0.2878008,-0.42098713
49850133330123,0.9880794,-0.3897977,-0.17830467
