62059576781627,-0.0023112297,-0.103876114,-0.0059046745
62059584716197,0.0025957525,0.08823967,0.0065214634
62059592589732,0.0018315315,0.05614662,0.004450798
62059600524302,-0.0015893877,-0.05703926,-0.0053092837
62059608397838,-0.0027120113,-0.11006546,-0.012876034
62059616332408,-0.0014426708,-0.04996586,-0.006646633
62059624236461,0.0021451414,0.059472084,0.008713365
62059632109996,0.0022214055,0.049311638,0.007977724
62059640044566,-2.2667646E-4,-0.0055208206,-0.0010457039
62059648009654,-6.6146255E-4,-0.016332626,-0.0034087896
62059655883189,-4.351735E-4,-0.008774757,-0.0019176006
62059663817759,-0.0010399222,-0.019629478,-0.0042903423
62059671721812,-0.0033735633,-0.05564499,-0.01205349
62059679625865,-0.0039457083,-0.061761856,-0.012808442
62059687499400,-0.0010837913,-0.020728111,-0.004122138
62059695403453,0.001934737,0.041145325,0.007855535
62059703307506,0.0018709004,0.046388626,0.008405924
62059711181041,-0.0010659397,-0.029001236,-0.00541842
62059719085093,-0.0016286373,-0.047707558,-0.008943796
62059727019664,-0.0018096864,-0.05728054,-0.010611415
62059734893199,-0.0016461611,-0.057507515,-0.010442495
62059742797252,-0.0014586449,-0.051511765,-0.0088967085
62059750670787,-3.0094385E-4,-0.011217117,-0.0018746853
62059758574840,-1.5223026E-4,-0.009706497,-0.0014599562
62059766478892,3.030151E-4,0.019266129,0.002555132
62059774443980,6.091893E-4,0.039788246,0.0049328804
62059782317515,1.16162E-4,0.01408577,0.0018645525
62059790221568,-5.5082142E-5,-0.0213871,-0.0031352043
62059798125621,8.099526E-5,0.013618469,0.0021520853
62059806060191,0.0010119528,0.056218147,0.009392977
62059813964244,0.0018265247,0.06468487,0.012346506
62059821898814,6.2535703E-4,0.05365181,0.012773991
62059829802867,0.0022151321,0.10435867,0.024762154
62059837706920,0.002624154,0.110842705,0.02435565
62059845580455,6.57402E-5,0.014066696,0.003065586
62059853545543,9.1822445E-4,-0.04817581,-0.0109016895
62059861449595,4.8574805E-4,-0.022519112,-0.005282879
62059869323131,2.3055077E-4,-0.013981819,-0.0032978058
62059877227183,-8.612871E-6,0.0025568008,6.6137314E-4
62059885161754,-2.4281442E-5,-0.0039367676,-8.5520744E-4
62059893065806,2.9711425E-4,-0.015230179,-0.0030261278
62059901000377,-0.0013350844,0.032331467,0.0070078373
62059908904429,0.006631851,-0.08408451,-0.017614126
62059916808482,0.0077715516,-0.08877659,-0.020339966
62059924682017,0.009750426,-0.121118546,-0.030021667
62059932616588,0.0040560365,-0.0790329,-0.021701336
62059940490123,-0.001435399,0.04685688,0.013832092
62059948394175,-0.0011397824,0.16116142,0.0516181
62059956298228,0.005551353,0.3804121,0.14824438
62059964232799,0.00964278,0.29351425,0.123980045
62059972106334,0.02119708,0.3496914,0.1612544
62059980040904,0.033959806,0.409441,0.20205116
62059987944957,0.04957229,0.507741,0.25762415
62059995879527,0.062292337,0.6470728,0.30658293
62060003814097,0.08699632,1.0020847,0.4467113
62060011687633,0.11806798,1.43958,0.53895235
62060019622203,0.18045682,2.0737247,0.6352887
62060027495738,0.31847638,3.0348568,0.75494456
62060035430308,0.4954729,4.086091,0.92466235
62060043364879,0.6612563,4.7243156,1.0376441
62060051268931,0.764956,4.6085215,0.9411206
62060059203502,0.89320755,4.3235197,0.4760821
62060067138072,1.1676705,5.1942406,0.26051444
62060075042125,1.3901641,6.312868,0.37991923
62060082946177,1.2615266,5.6839027,0.17127162
62060090819713,0.7754998,3.5372028,-0.0497261
62060098723765,0.80836177,2.7258997,-0.58849514
62060106627818,1.532598,4.406947,-1.0785582
62060114501353,2.55023,6.309821,-1.138162
62060122435924,3.0387678,6.5069933,-0.9942657
62060130309459,2.3137462,5.2083683,-1.0647973
62060138213511,1.698993,4.0093803,-1.0650582
62060146087047,1.4276245,3.7918987,-1.1350508
62060153991099,0.80344677,3.3130064,-1.0908904
62060161895152,0.13050124,2.55402,-0.88603425
62060169829722,-0.2697444,1.9243498,-0.76217914
62060177764293,-0.6853416,2.2692432,-1.0676427
62060185637828,-0.52763915,1.1783705,-0.3805554
62060193541881,-0.52488947,1.0614371,-0.82153606
62060201476451,-1.0791502,1.9580622,-1.6308413
62060209411021,-1.1730189,1.7540212,-0.9775152
62060217345592,-0.8006873,0.97861814,-0.26996517
62060225249644,-0.57817507,0.61167383,-0.008514293
62060233153697,-0.069158554,0.07246971,0.0109318495
62060241027232,0.8026414,-0.8677373,-0.12780899
62060248961802,1.5381212,-1.8433971,0.27240264
62060256865855,0.91733503,-1.5857716,0.9686549
62060264769908,0.13193011,-0.45758247,0.3743596
62060272643443,-0.025232613,0.38983488,-0.31693935
62060280547496,0.2950766,2.2199626,-1.6472545
62060288482066,0.6063411,1.6767359,0.4815054
62060296416636,2.9024525,11.748579,-19.205341
62060304351207,9.169616,10.546114,0.60098946
62060312224742,12.684292,8.150719,-7.782024
62060320098277,11.680686,11.18147,-14.038828
62060328002330,8.201797,12.803608,-11.013839
62060335906383,2.5673146,14.4311075,-6.628015
62060343779918,-1.6680958,12.528656,-4.3400793
62060351683970,-15.089345,6.7058225,-14.440763
62060359618541,-25.295273,-0.03792992,-16.352974
62060367522593,-26.007378,-2.332676,-10.454431
62060375457164,-12.312595,0.8292998,-9.792231
62060383361217,-2.2975464,2.6060512,-8.533742
62060391265269,0.4283178,1.1222997,-1.6840744
62060399199840,7.6981134,2.3137715,1.1265267
62060407103892,23.041973,0.9201107,7.360894
62060415038463,21.842354,-0.9294961,4.3681393
62060422942515,11.12875,-0.84147507,3.2464306
62060430816050,-1.805098,-0.055147544,-1.0150874
62060438720103,-2.866994,-5.2029266,0.512496
62060446624156,0.16850603,-1.0039258,0.7557888
62060454558726,-0.62421894,1.2801847,-0.99982977
62060462493297,-0.7611785,1.0236001,-0.793942
62060470366832,0.19464302,-0.27240562,0.20962
62060478301402,0.57396364,-1.1789665,0.9693403
62060486174937,0.32514477,-1.1887746,1.006957
62060494109508,0.097405076,-0.69320107,0.5386853
62060502013560,-0.016470075,0.14681911,-0.1050272
62060509917613,-0.09005523,0.7119894,-0.46486378
62060517821666,-0.12130666,0.91738605,-0.55110216
62060525695201,-0.10986209,0.852849,-0.48365688
62060533629771,-0.08063769,0.67972183,-0.3668213
62060541533824,-0.03499359,0.4450426,-0.22234917
62060549437877,-0.0174129,0.28357887,-0.13182116
62060557341929,-0.013818085,0.1967125,-0.087619066
62060565215465,-0.01273495,0.18378925,-0.07807517
62060573119517,-0.034133434,0.41312504,-0.16347432
62060581023570,-0.15338147,0.8326092,0.2465086
62060588927623,0.029561937,1.1268148,0.486274
62060596831675,0.4316422,1.3279324,1.0475795
62060604735728,0.670392,1.5215387,1.6650374
62060612609263,0.83849895,1.7784567,2.181275
62060620543834,1.0942823,1.9378328,2.4710104
62060628417369,1.3733809,2.1170645,2.610625
62060636321422,1.5352892,2.3490486,2.7107792
62060644194957,1.7459316,2.572627,2.8976862
62060652129527,1.9550594,2.697053,3.232699
62060660033580,2.0431986,2.6955128,3.62022
62060667968150,2.0054774,2.51509,3.8452177
62060675872203,2.0191083,2.4770536,3.746504
62060683745738,1.9896053,2.6967173,3.7863028
62060691649791,1.7489939,2.9589386,3.9129598
62060699523326,1.3404715,3.2141228,3.7925906
62060707457896,0.8853102,3.5913048,3.7265697
62060715361949,0.3572747,3.9133425,3.7076445
62060723327037,-0.123212874,4.02156,3.8041363
62060731231090,-0.49334347,3.9546895,3.85602
62060739104625,-0.6797339,3.8513036,4.0446744
62060747008677,-0.7293024,3.7191105,4.229384
62060754943248,-0.63071406,3.5683088,4.224107
62060762847300,-0.32515988,3.488243,4.118294
62060770781871,-0.04570496,3.4408026,4.172878
62060778716441,0.15377483,3.314125,4.1661286
62060786589976,0.31897473,3.2614527,4.304992
62060794524547,0.51186466,3.1663952,4.4501777
62060802428599,0.7079028,3.0583572,4.551728
62060810363170,0.95156074,2.9067297,4.669914
62060818267222,1.1534345,2.7915792,4.6552606
62060826140758,1.2603841,2.7133064,4.589489
62060834075328,1.2963631,2.6722193,4.5780435
62060841979381,1.2615824,2.6208315,4.4703603
62060849913951,1.2544115,2.7463799,4.111282
62060857818004,1.2263563,2.889533,3.4998844
62060865722056,1.4210999,2.8122149,3.0909238
62060873656627,1.9823108,2.7002583,3.4329953
62060881530162,2.476853,3.1258183,5.0348663
62060889464732,3.126857,3.1313744,6.411968
62060897399302,3.5907946,2.2262573,5.9187107
62060905303355,2.8966818,0.87697124,5.4753165
62060913207408,2.0384636,-0.019404411,5.5665636
62060921111461,2.0791202,0.11340046,5.6121707
62060929046031,2.3331375,0.4624424,5.1839314
62060936980601,2.5798748,0.5444937,5.2227798
62060944915172,2.7597566,0.64566517,5.34142
62060952819224,2.5345685,0.7622042,5.3016872
62060960692759,2.0146966,0.6518192,5.0754843
62060968627330,1.655784,0.14656734,4.8389616
62060976531383,1.8480326,-0.47809792,4.663064
62060984435435,1.9892566,-0.8938379,4.5838165
62060992308970,2.1524959,-0.5642023,4.1244226
62061000274058,1.9228944,0.36492348,3.2651844
62061008147593,0.9859888,1.1483259,2.3364477
62061016051646,-0.16790304,1.2925205,1.4164973
62061023955699,-1.3272651,1.096488,0.75861526
62061031829234,-1.9254974,0.78979015,0.81987756
62061039763804,-1.6605169,0.46077442,1.3609616
62061047667857,-1.172301,0.010958672,1.708282
62061055541392,-0.7433558,-0.17695427,2.123457
62061063445445,-0.34730303,0.11955452,2.1440296
62061071380015,-0.19105887,0.5893011,1.5221725
62061079284068,-0.10057284,1.0814428,0.69429165
62061087218638,-0.31432664,1.3757658,0.13575846
62061095153209,-0.51528645,1.3139858,-0.15301412
62061103057261,-0.54568833,0.8886328,-0.07638091
62061110930797,-0.23910366,0.48981,0.07437223
62061118895884,0.13804829,0.3593197,0.18902236
62061126799937,0.4658666,0.29120827,0.23805034
62061134703990,0.6704984,0.10116005,0.264839
62061142608043,0.6805439,-0.1724987,0.33167762
62061150542613,0.55172586,-0.26639843,0.46730977
62061158446666,0.43486997,-0.11588001,0.54500765
62061166381236,0.17972267,0.027677536,0.7203835
62061174315806,-0.031740997,-0.008089066,0.84791976
62061182219859,0.037377544,-0.0962944,1.0974191
62061190154429,0.025585696,-0.3422842,1.3896806
62061198027965,0.2031535,-0.34620667,1.7948984
62061205962535,0.41564068,-0.012290955,2.075619
62061213836070,0.7059791,0.11358261,2.1763997
62061221740123,0.6251994,-0.076312065,1.9309616
62061229674693,0.819291,-0.081591606,1.9232343
62061237548228,0.8699244,-0.033955574,1.8979286
62061245452281,0.8680522,-0.15368843,1.9958819
62061253325816,0.9210016,-0.28038883,2.0371902
62061261229869,0.8443551,-0.347023,2.1697838
62061269133922,0.78193945,-0.435009,2.0927348
62061277068492,0.7600494,-0.5611248,2.0554993
62061284942027,0.6782713,-0.33273888,1.8954366
62061292876597,0.6754279,0.10164833,1.551991
62061300811168,0.5251093,0.26790142,1.0908161
62061308684703,0.18537557,0.16114521,0.7130779
62061316649791,-0.15889761,0.066236496,0.40441784
62061324553843,-0.14263445,0.062203407,0.17361674
62061332457896,-0.03433627,0.01740551,0.15095541
62061340331431,0.17703414,-0.08487797,0.2518322
62061348266002,0.366668,-0.14405441,0.372434
62061356139537,0.43181354,-0.12898445,0.38528848
62061364074107,0.42767686,-0.042077065,0.23303518
62061372008677,0.39278963,0.00412941,0.121709436
62061379943248,0.30823857,-0.0023412704,0.04641044
62061387847300,0.21952307,-0.008807182,0.09306991
62061395720836,0.17439416,-0.00329113,0.32858312
62061403594371,0.2538213,0.0668993,0.5638497
62061411528941,0.28804362,0.041332245,0.7798872
62061419432994,0.27671298,-0.020129204,0.84523684
62061427367564,0.1804153,-0.06397438,0.86236477
62061435241099,-7.7041984E-4,-0.1341238,0.83868724
62061443175670,-0.044412255,-0.15876675,0.8320631
62061451079722,0.07495266,-0.11392784,0.83527386
62061458983775,0.2346268,-0.06903076,0.8126862
62061466857310,0.35539457,-0.038437843,0.7691627
62061474761363,0.4897028,-0.08681011,0.67148536
62061482665416,0.5109502,-0.13995934,0.5822037
62061490538951,0.45301324,-0.14524078,0.5516209
62061498443004,0.399884,-0.09550381,0.5081325
62061506377574,0.37586746,-0.08658981,0.38530576
62061514251109,0.3668135,-0.08503342,0.23148036
62061522155162,0.33463,-0.057323456,0.15174949
62061530028697,0.29859626,-0.015439987,0.09570086
62061537932750,0.16807544,-0.01919365,0.12951279
62061545867320,0.036682844,-0.008729935,0.16434151
62061553771373,0.05717963,-0.017508507,0.18527156
62061561705943,-0.1267083,-0.00724411,0.20909953
62061569609996,-0.14930093,-0.013834,0.20719427
62061577514049,-0.104002535,0.012641907,-1.7696222
62061585448619,0.21680528,-0.50994587,3.2648952
62061593352672,-0.2588742,0.2829523,-0.29361117
62061601287242,0.55035776,0.4319849,-0.2608084
62061609191295,0.10174507,0.054401398,0.2582
62061617064830,-0.31214377,-0.124637604,0.23029757
62061624999400,0.11997986,-0.11933994,0.1485396
62061632903453,0.23078614,-0.15232944,0.27757132
62061640807506,0.21696776,-0.23555279,0.42777735
62061648742076,0.3819117,-0.30439568,0.37720042
62061656646129,0.43384326,-0.29895878,0.40056145
62061664580699,0.28739953,-0.12360191,0.28082067
62061672454234,0.30419517,0.23837566,-0.053173125
62061680388804,0.078035116,0.24839687,0.14367545
62061688292857,-0.06301963,-0.045785904,0.101833045
62061696166392,-0.052649915,-0.19880104,0.110952795
62061704070445,0.022235751,-0.12678814,0.16832978
