46832834554980,0.011717909,0.07190535,0.0127831735
46832842520068,0.011717909,0.07190535,0.0127831735
46832850393603,0.011717909,0.07190535,0.0127831735
46832858297656,0.011717909,0.07190535,0.0127831735
46832866201709,0.011717909,0.07190535,0.0127831735
46832874044726,0.011717909,0.07190535,0.0127831735
46832882040332,0.011717909,0.07190535,0.0127831735
46832889913867,0.011717909,0.07190535,0.0127831735
46832897787402,-0.0127831735,-0.027164243,-0.0479369
46832905752490,-0.006924219,-0.082025364,-0.043675844
46832913595507,0.0010652645,-0.123038046,-0.047404267
46832921560595,0.011185277,-0.14114754,-0.05539375
46832929434130,0.020772656,-0.13901702,-0.06231797
46832937338183,0.037284255,-0.13156016,-0.075101145
46832945242236,0.060720075,-0.09534117,-0.08948222
46832953085254,0.07243799,-0.036218993,-0.09534117
46832960958789,0.080960095,0.0037284256,-0.10279802
46832968801806,0.098004326,0.020772656,-0.11664646
46832976675341,0.10546118,0.026631612,-0.113983296
46832984609912,0.10546118,0.025566347,-0.104928546
46832992422412,0.105993815,0.00958738,-0.10972224
46833000387500,0.11025487,-5.326322E-4,-0.11504856
46833008352587,0.123038046,0.0037284256,-0.12942964
46833016226123,0.13156016,0.017576864,-0.14274544
46833024191211,0.11504856,0.048469532,-0.14647387
46833032034228,0.0793622,0.10013486,-0.14114754
46833040029834,0.07243799,0.16245283,-0.15180019
46833047903369,0.084155895,0.19600865,-0.175236
46833055776904,0.09054748,0.22370553,-0.19441076
46833063650439,0.092145376,0.22583607,-0.20399815
46833071523974,0.09534117,0.20080236,-0.21145499
46833079397509,0.10226539,0.16990969,-0.2231729
46833087332080,0.11717909,0.12623383,-0.23116238
46833095205615,0.12197278,0.06551377,-0.23648871
46833103170703,0.13422333,0.006924219,-0.24714136
46833110983203,0.14221281,-0.091080114,-0.24021713
46833118948291,0.14221281,-0.112918034,-0.2412824
46833126821826,0.1304949,-0.09374327,-0.2396845
46833134695361,0.16138756,-0.084155895,-0.23755397
46833142690966,0.20612867,-0.0010652645,-0.22796659
46833150533984,0.27324033,0.04474111,-0.221575
46833158407519,0.33076462,0.03089267,-0.23276028
46833166281054,0.37923414,-0.02609898,-0.21198763
46833174154589,0.4426174,-0.1257012,-0.16724652
46833182089160,0.49055427,-0.30146983,-0.1635181
46833189962695,0.53476274,-0.5123922,-0.16245283
46833197897265,0.58269966,-0.68389976,-0.11611383
46833205801318,0.62317973,-0.79415464,-0.08468852
46833213674853,0.6993461,-0.92305166,-0.07350325
46833221639941,0.78296936,-1.0183928,-0.07563378
46833229452441,0.87990844,-1.0492855,-0.06657903
46833237448046,1.0407634,-0.9624664,-0.049002163
46833245321582,1.252751,-0.8309063,-0.04527374
46833253195117,1.4498249,-0.70840085,-0.07669904
46833261160205,1.6458336,-0.5044027,-0.10705908
46833269003222,1.8626149,-0.294013,-0.12197278
46833276876757,2.0596888,-0.022370555,-0.12783173
46833284780810,2.2626216,0.27856666,-0.13369069
46833292654345,2.4671526,0.63010395,-0.1454086
46833300619433,2.6951191,0.9933591,-0.17204021
46833308462451,2.928412,1.3406353,-0.1949434
46833316427539,3.1611724,1.6650083,-0.2034655
46833324392627,3.3997915,1.9504992,-0.19920446
46833332266162,3.610714,2.1933794,-0.18588865
46833340231250,3.8072553,2.3515713,-0.17630127
46833348074267,3.9745016,2.4527714,-0.13475595
46833355947802,4.1140513,2.5129588,-0.092145376
46833363851855,4.2248387,2.5070999,-0.09321064
46833371725390,4.298342,2.4367924,-0.118776985
46833379629443,4.318582,2.3510387,-0.1438107
46833387502978,4.32018,2.2019017,-0.15925704
46833395437548,4.2125883,2.1198764,-0.1438107
46833403311084,4.0037966,2.0730047,-0.10652645
46833411245654,3.6288233,2.1065605,-0.03888215
46833419271777,3.1174965,2.0953753,0.035153728
46833427114795,2.5076325,1.9765981,0.06977482
46833435079882,1.7747306,1.8114822,0.0793622
46833442953418,0.9736517,1.5707325,0.043675844
46833450857470,0.14807177,1.2293152,-0.019707393
46833458792041,-0.7004114,0.8527442,-0.13369069
46833466635058,-1.6058862,0.53955644,-0.26738137
46833474539111,-2.3004386,0.33502567,-0.3717773
46833482412646,-3.2229576,0.09427591,-0.5001417
46833490347216,-4.1460094,-0.15765914,-0.6199839
46833498312304,-5.040299,-0.39734364,-0.7414241
46833506185839,-5.88026,-0.6125271,-0.8586032
46833514150927,-6.6120963,-0.7456851,-0.9374327
46833522024462,-7.1985245,-0.8431568,-0.97418433
46833529989550,-7.6342177,-0.9171927,-0.98590225
46833537985156,-7.7157106,-0.83037364,-0.871919
46833545828173,-6.769756,-1.0178602,-0.4676511
46833553701709,-5.9511,-0.9289106,-0.49055427
46833561575244,-6.0443106,0.34408042,-0.6380934
46833569448779,-5.438708,0.82398206,-0.44474792
46833577413867,-5.545234,1.6357136,-0.15339808
46833585256884,-6.221144,2.757437,-0.3291667
46833593221972,-6.1050305,2.3249397,-0.81226414
46833601064990,-6.2525697,1.6703347,-1.1206582
46833608999560,-6.0224724,0.20399815,-1.3001553
46833616995166,-5.534049,-1.748099,-0.9853696
46833624838183,-5.023787,-3.5068505,-0.50120693
46833632711718,-4.636564,-4.8991513,-0.18908444
46833640585254,-4.2669168,-5.6986322,0.13688648
46833648458789,-3.8775625,-5.780658,0.44315
46833656332324,-3.3795514,-5.243232,0.6759103
46833664205859,-2.7803402,-4.3361588,0.71798825
46833672048877,-2.146508,-3.2229576,0.6109292
46833679891894,-1.5941683,-2.036253,0.4958806
46833687826464,-1.1318434,-1.0274476,0.43888897
46833695822070,-0.74302197,-0.34621096,0.41758367
46833703665087,-0.45060685,0.082025364,0.40959418
46833711599658,-0.2247708,0.42077947,0.39095205
46833719564746,-0.036218993,0.7755125,0.33981937
46833727438281,0.10279802,1.1659319,0.27483824
46833735403369,0.19387813,1.4956313,0.21145499
46833743246386,0.27377295,1.6927053,0.16458336
46833751119921,0.3669836,1.9041603,0.09534117
46833758993457,0.4511395,2.0032299,0.03834952
46833766897509,0.5363607,1.9707392,-0.0026631611
46833774801562,0.62051654,1.865278,-0.032490566
46833782675097,0.7185209,1.6895094,-0.056459017
46833790609668,0.8117315,1.4812502,-0.07403588
46833798544238,0.89855057,1.2351742,-0.07563378
46833806417773,0.9912286,0.96992326,-0.06338324
46833814382861,1.0807108,0.7185209,-0.042077947
46833822195361,1.170193,0.4926848,-0.014913702
46833830190966,1.262871,0.28549087,-0.00479369
46833838064502,1.3598101,0.1123854,-0.0037284256
46833845938037,1.4524881,-0.027164243,-0.00958738
46833853842089,1.5563514,-0.098004326,-0.016511599
46833861685107,1.6602147,-0.13528858,-0.041012682
46833869528125,1.7614148,-0.12516858,-0.07243799
46833877493212,1.8354506,-0.06178534,-0.0958738
46833885427783,1.9094865,0.022903185,-0.12410331
46833893453906,1.9936424,0.10226539,-0.15446335
46833901296923,2.0793962,0.17204021,-0.16724652
46833909231494,2.1742048,0.2263687,-0.17097494
46833917105029,2.282329,0.25885928,-0.16458336
46833925039599,2.392584,0.26897928,-0.14008227
46833933035205,2.5108283,0.24394555,-0.09853696
46833940878222,2.6365294,0.17150758,-0.06231797
46833948782275,2.7670245,0.053795855,-0.033023197
46833956655810,2.886334,-0.06391586,-0.0015978967
46833964529345,2.9885995,-0.19707392,0.032490566
46833972494433,3.0855384,-0.32330775,0.0628506
46833980367968,3.1595743,-0.44101948,0.08681905
46833988302539,3.2245555,-0.56618804,0.10333065
46833996206591,3.2565134,-0.664725,0.11558119
46834004080127,3.2506545,-0.7057377,0.12410331
46834012045214,3.2197618,-0.7504788,0.128897
46834019888232,3.1638355,-0.80800307,0.11984225
46834027883837,3.0834079,-0.87138635,0.12197278
46834035848925,2.9896648,-0.93849796,0.12942964
46834043722461,2.8756814,-0.99548966,0.12996227
46834051687548,2.7105653,-1.0114686,0.120907515
46834059530566,2.5198832,-0.98750013,0.10066749
46834067495654,2.2892532,-0.90281165,0.07084008
46834075338671,2.0250678,-0.78776306,0.041012682
46834083273242,1.7496969,-0.6737798,0.0127831735
46834091268847,1.4626081,-0.5432849,-0.012250541
46834099111865,1.1675298,-0.40586576,-0.03089267
46834106985400,0.8697884,-0.28229508,-0.05752428
46834114889453,0.5656554,-0.1736381,-0.07456851
46834122793505,0.29348037,-0.10173275,-0.090014845
46834130697558,0.047404267,-0.082025364,-0.094808534
46834138601611,-0.15978967,-0.108124346,-0.099069595
46834146566699,-0.3355583,-0.16192019,-0.1107875
46834154409716,-0.5028048,-0.2231729,-0.1272991
46834162344287,-0.64341974,-0.31798145,-0.1555286
46834170309375,-0.7275756,-0.43888897,-0.19281286
46834178182910,-0.7914915,-0.6423545,-0.23009712
46834186117480,-0.8633968,-1.0183928,-0.23222765
46834194052050,-1.0359697,-1.3065468,-0.14647387
46834201925586,-1.3379722,-1.2479573,-0.017576864
46834209829638,-1.572863,-1.1206582,-0.082025364
46834217703173,-1.7049558,-1.0791129,-0.13102753
46834225637744,-1.7592843,-1.0343717,-0.054328486
46834233633349,-1.7294569,-0.9347696,0.017576864
46834241506884,-1.5936357,-0.8671253,0.034621093
46834249471972,-1.4029533,-0.8511463,0.07563378
46834257314990,-1.2357068,-0.72278196,0.1257012
46834265280078,-1.1116035,-0.5816344,0.12996227
46834273153613,-1.0657971,-0.4527374,0.08362326
46834281027148,-1.0929613,-0.32810146,0.035153728
46834288931201,-1.1403656,-0.22423817,0.022903185
46834296804736,-1.1685951,-0.17204021,0.034621093
46834304678271,-1.1675298,-0.17417073,0.049002163
46834312582324,-1.1345067,-0.2050634,0.070307456
46834320455859,-1.0689929,-0.24767399,0.10439592
46834328420947,-0.9672601,-0.2759035,0.12250541
46834336263964,-0.8873653,-0.283893,0.12144015
46834344198535,-0.83729786,-0.20719394,0.128897
46834352163623,-0.8005462,-0.08628642,0.12144015
46834360037158,-0.77924097,0.041012682,0.112918034
46834368002246,-0.7456851,0.11984225,0.1107875
46834375845263,-0.68389976,0.13741912,0.11504856
46834383779834,-0.6034723,0.11132014,0.11451593
46834391683886,-0.5251754,0.06178534,0.11025487
46834399557421,-0.45806372,0.041545313,0.111852765
46834407461474,-0.41172472,0.053263225,0.11451593
46834415335009,-0.3818973,0.06977482,0.11717909
46834423269580,-0.35473305,0.030360037,0.11504856
46834431265185,-0.32011196,-0.046871636,0.12516858
46834439138720,-0.28708878,-0.13102753,0.13741912
46834447103808,-0.2625877,-0.18535602,0.14594123
46834454977343,-0.24927188,-0.19014971,0.13635385
46834462972949,-0.24394555,-0.14594123,0.13369069
46834470877002,-0.24074976,-0.09161274,0.12676647
46834478750537,-0.22796659,-0.046339005,0.112918034
46834486654589,-0.21411815,-0.01438107,0.10333065
46834494497607,-0.21997711,0.026631612,0.103863284
46834502432177,-0.21997711,0.09267801,0.103863284
46834510427783,-0.21198763,0.13422333,0.09267801
46834518362353,-0.1965413,0.13209279,0.08468852
46834526357959,-0.17949706,0.10013486,0.082025364
46834534200976,-0.16618125,0.053795855,0.08575379
46834542196582,-0.15393071,0.0053263223,0.084155895
46834550039599,-0.1438107,-0.026631612,0.084155895
46834557974170,-0.14168017,-0.02609898,0.082558
46834565969775,-0.15339808,0.013315806,0.07829694
46834573812793,-0.16085494,0.07403588,0.0793622
46834581808398,-0.17470337,0.12357068,0.07829694
46834589773486,-0.18216023,0.128897,0.08894958
46834597647021,-0.18429075,0.05752428,0.087884314
46834605612109,-0.1768339,-0.06657903,0.087884314
46834613455127,-0.1571265,-0.18056233,0.09853696
46834621328662,-0.13688648,-0.25726137,0.09960223
46834629232714,-0.11824436,-0.2743056,0.094808534
46834637106250,-0.1123854,-0.24181503,0.09161274
46834645040820,-0.10918961,-0.1486044,0.08522116
46834652883837,-0.12410331,-0.044208474,0.08149273
46834660848925,-0.14434333,0.043675844,0.084155895
46834668783496,-0.14434333,0.096939065,0.076166406
46834676657031,-0.13901702,0.11025487,0.06231797
46834684622119,-0.13688648,0.09534117,0.056991648
46834692434619,-0.13422333,0.05486112,0.049534798
46834700430224,-0.12516858,-0.007456851,0.044208474
46834708303759,-0.11504856,-0.058056913,0.041012682
46834716177295,-0.10333065,-0.08362326,0.043675844
46834724111865,-0.09534117,-0.08841695,0.046339005
46834732076953,-0.09054748,-0.06924219,0.046339005
46834740011523,-0.09321064,-0.027164243,0.047404267
46834747976611,-0.087884314,0.02609898,0.04527374
46834755850146,-0.082025364,0.07190535,0.03888215
46834763845752,-0.076166406,0.10226539,0.037284255
46834771719287,-0.07190535,0.10918961,0.034088463
46834779653857,-0.06924219,0.07563378,0.029827405
46834787527392,-0.06977482,0.0026631611,0.027164243
46834795400927,-0.06977482,-0.07669904,0.027696876
46834803274462,-0.08522116,-0.118776985,0.033023197
46834811147998,-0.13209279,-0.099069595,0.04527374
46834819021533,-0.17257284,-0.007989483,0.053795855
46834826956103,-0.16458336,0.11504856,0.04474111
46834834829638,-0.12410331,0.20240025,0.02396845
46834842794726,-0.08628642,0.25726137,0.00958738
46834850668261,-0.06338324,0.2711098,0.0053263223
46834858602832,-0.051132694,0.25353295,0.013315806
46834866506884,-0.04527374,0.20026971,0.021837922
46834874380420,-0.037284255,0.13209279,0.02130529
46834882345507,-0.027164243,0.06924219,0.025033714
46834890188525,-0.0127831735,0.028229509,0.02130529
46834898092578,-0.0015978967,0.0,0.01917476
46834906057666,0.00479369,-0.015978966,0.017044231
46834913992236,0.00479369,-0.014913702,0.014913702
46834921957324,0.006924219,0.0026631611,0.013315806
46834929861377,0.0063915867,0.019707393,0.007456851
46834937795947,5.326322E-4,0.033023197,0.006924219
46834945700000,-0.006924219,0.041545313,0.008522116
46834953573535,-0.006924219,0.06018744,0.008522116
46834961538623,-5.326322E-4,0.07456851,0.0031957934
46834969381640,0.009054748,0.076166406,5.326322E-4
46834977255175,0.0127831735,0.06977482,0.0
46834985128711,0.013848438,0.06178534,5.326322E-4
46834993002246,0.012250541,0.05539375,5.326322E-4
46835000875781,0.008522116,0.05273059,-5.326322E-4
46835008749316,0.0058589545,0.05273059,-0.00479369
46835016683886,0.004261058,0.05965481,-0.007456851
46835024648974,0.0053263223,0.055926383,-0.007989483
46835032522509,0.006924219,0.03195793,-0.009054748
46835040487597,0.007989483,-0.002130529,-0.010652645
46835048361132,0.011185277,-0.041545313,-0.012250541
46835056356738,0.010652645,-0.07137272,-0.00479369
46835064230273,0.011717909,-0.08522116,-0.0015978967
46835072103808,0.015978966,-0.080960095,-0.0031957934
46835080038379,0.019707393,-0.05752428,-0.0058589545
46835087881396,0.017576864,-0.039947417,-0.0058589545
46835095785449,-5.326322E-4,-0.046871636,-0.0015978967
46835103658984,-0.0015978967,-0.072970614,-0.0053263223
46835111532519,-0.006924219,-0.09853696,-0.0063915867
46835119558642,-0.007456851,-0.10439592,-0.008522116
46835127401660,-0.006924219,-0.10333065,-0.007456851
46835135397265,0.0026631611,-0.101200126,-0.010120012
46835143270800,0.014913702,-0.09374327,-0.011185277
46835151205371,0.02130529,-0.08681905,-0.0058589545
46835159170459,0.03355583,-0.07190535,-0.0026631611
46835167043994,0.047404267,-0.0479369,-5.326322E-4
46835174917529,0.05965481,-0.011717909,0.004261058
46835182760546,0.06551377,0.022370555,-0.0015978967
46835190695117,0.07243799,0.05539375,-0.008522116
46835198690722,0.0644485,0.066046394,-0.01438107
46835206533740,0.04527374,0.0644485,-0.017044231
46835214498828,0.05219796,0.025566347,-0.004261058
46835222463916,0.05486112,-0.007456851,-0.017576864
46835230337451,0.053263225,-0.007456851,-0.011717909
