67077876011409,0.05273059,0.002130529,-0.00958738
67077883884944,0.05273059,0.002130529,-0.00958738
67077891788997,0.05273059,0.002130529,-0.00958738
67077899662532,0.05273059,0.002130529,-0.00958738
67077907627620,0.05273059,0.002130529,-0.00958738
67077915592708,0.05273059,0.002130529,-0.00958738
67077923466243,0.05273059,0.002130529,-0.00958738
67077931339778,0.05273059,0.002130529,-0.00958738
67077939213314,0.0037284256,-0.0974717,-0.07190535
67077947208919,0.007456851,-0.113983296,-0.07350325
67077955051937,0.014913702,-0.13528858,-0.07563378
67077962925472,0.026631612,-0.17097494,-0.07563378
67077970829524,0.03834952,-0.1949434,-0.07669904
67077978733577,0.04527374,-0.2050634,-0.07829694
67077986698665,0.051665325,-0.19707392,-0.083090626
67077994633235,0.05912218,-0.18588865,-0.08735169
67078002506771,0.060720075,-0.17736652,-0.0974717
67078010380306,0.06551377,-0.16458336,-0.10279802
67078018284358,0.070307456,-0.15925704,-0.10918961
67078026279964,0.07243799,-0.1555286,-0.11824436
67078034214534,0.0793622,-0.16564862,-0.12463594
67078042118587,0.08841695,-0.17310548,-0.1304949
67078049992122,0.09427591,-0.16724652,-0.13582122
67078057865657,0.10652645,-0.16564862,-0.14274544
67078065769710,0.112918034,-0.17150758,-0.1486044
67078073704280,0.12144015,-0.16937704,-0.1555286
67078081608333,0.13369069,-0.16724652,-0.165116
67078089481868,0.14274544,-0.17044231,-0.17150758
67078097385921,0.15499598,-0.1917476,-0.18109496
67078105381526,0.1635181,-0.221575,-0.18748654
67078113285579,0.17044231,-0.25246766,-0.19387813
67078121220149,0.18216023,-0.27803403,-0.20026971
67078129154720,0.19387813,-0.294013,-0.20719394
67078137028255,0.20932446,-0.28442562,-0.21358553
67078144932308,0.22956449,-0.28815404,-0.21944448
67078152897396,0.2412824,-0.3323625,-0.2263687
67078160770931,0.2545982,-0.3888215,-0.23116238
67078168674983,0.2759035,-0.42770368,-0.22956449
67078176579036,0.30040458,-0.4362258,-0.22956449
67078184544124,0.32011196,-0.4111921,-0.23861924
67078192478694,0.33609092,-0.38562572,-0.2514024
67078200413265,0.3637878,-0.386691,-0.26844665
67078208286800,0.39254996,-0.3818973,-0.2790993
67078216160335,0.42663842,-0.41065946,-0.29028457
67078224125423,0.46871635,-0.52357745,-0.2977414
67078232059993,0.5070659,-0.6631271,-0.3073288
67078240025081,0.5486112,-0.8277105,-0.31318775
67078247929134,0.5928197,-0.9960223,-0.31052458
67078255833187,0.63702816,-1.1579424,-0.30679616
67078263798274,0.69348717,-1.2756542,-0.30253512
67078271732845,0.753142,-1.3507553,-0.31052458
67078279667415,0.80587256,-1.3752564,-0.32863408
67078287540950,0.84688526,-1.3741912,-0.34301516
67078295414485,0.90654004,-1.3422332,-0.35739622
67078303318538,0.9709886,-1.2836437,-0.3717773
67078311253108,1.0327739,-1.1984226,-0.39095205
67078319126644,1.1110709,-1.0897655,-0.41225734
67078327091732,1.1914983,-0.97738016,-0.43089947
67078334995784,1.2799152,-0.83037364,-0.44687843
67078342991390,1.365669,-0.6673882,-0.4660532
67078350925960,1.4556838,-0.48842376,-0.48309743
67078358799495,1.5499598,-0.32490566,-0.49534798
67078366673030,1.6458336,-0.18801917,-0.4990764
67078374546566,1.7390442,-0.061252706,-0.48469532
67078382450618,1.8311896,0.06764429,-0.44581318
67078390385189,1.937716,0.18216023,-0.38935417
67078398289241,2.0293288,0.24714136,-0.32437304
67078406193294,2.0751352,0.23382555,-0.27696875
67078414066829,2.0964406,0.3472762,-0.24501082
67078422031917,2.0453076,0.4809669,-0.18375812
67078429997005,1.9222697,0.64821345,-0.16990969
67078437962093,1.748099,0.8857674,-0.17310548
67078445835628,1.5451661,1.1547467,-0.1768339
67078453739681,1.3086774,1.401888,-0.15126756
67078461704769,1.0807108,1.5094798,-0.10865697
67078469669857,0.80747044,1.4354439,-0.075101145
67078477543392,0.5139901,1.2346416,-0.070307456
67078485416927,0.26418558,0.8831042,-0.06764429
67078493290462,0.03568636,0.42237735,-0.055926383
67078501286067,-0.1768339,-0.06391586,-0.017044231
67078509220638,-0.37337518,-0.5075985,0.016511599
67078517216243,-0.56885123,-0.8527442,0.03834952
67078525120296,-0.74781567,-1.0407634,0.050600063
67078533024349,-0.8990832,-1.1222562,0.06924219
67078540989437,-1.0450244,-1.1680624,0.092145376
67078548954524,-1.1632688,-1.1446266,0.120907515
67078556828060,-1.267132,-1.041296,0.15073492
67078564732112,-1.3560816,-0.8266452,0.175236
67078572636165,-1.4407701,-0.53742594,0.1784318
67078580601253,-1.4977618,-0.2066613,0.15978967
67078588566341,-1.5185345,0.17896444,0.13741912
67078596439876,-1.5132082,0.515588,0.13156016
67078604343929,-1.5137408,0.7504788,0.12357068
67078612247982,-1.4812502,0.964597,0.14487597
67078620213069,-1.4215955,1.1893678,0.21518342
67078628147640,-1.3363743,1.433846,0.314253
67078636021175,-1.2490226,1.6964337,0.42663842
67078643925228,-1.1590078,1.973935,0.49747851
67078651829280,-0.7350325,2.7148266,0.61199445
67078659794368,-1.0743192,2.3121564,0.5656554
67078667728939,-0.8383631,2.0719395,0.68336713
67078675602474,-0.5363607,1.5020229,0.8266452
67078683506526,-0.5028048,1.0056096,0.9582054
67078691410579,-0.34194988,0.3669836,0.9321064
67078699314632,-0.12410331,0.03568636,0.8330368
67078707249202,0.007456851,-0.027164243,0.7254451
67078715122737,0.13209279,0.09534117,0.58962387
67078722996273,0.2444782,0.46978164,0.4282363
67078730900325,0.3355583,0.93157375,0.26205507
67078738895931,0.42024684,1.3156016,0.12996227
67078746861019,0.54807854,1.6820526,0.034088463
67078754795589,0.6508766,1.9568908,-0.018109497
67078762669124,0.7052051,2.12467,-0.07669904
67078770542659,0.7099988,2.191249,-0.13795175
67078778446712,0.67484504,2.160889,-0.21198763
67078786411800,0.5470133,2.072472,-0.30945933
67078794285335,0.31478566,2.1081583,-0.5022722
67078802158870,0.1107875,2.3398533,-0.7621967
67078810032405,-0.018109497,2.5268073,-0.87618
67078818028011,0.044208474,2.492719,-0.76965356
67078825962581,0.3073288,2.3212113,-0.41225734
67078833897151,0.57311225,2.0010993,-0.025033714
67078841770687,0.8202536,1.4168017,0.1784318
67078849674739,1.0402308,1.3113406,0.17204021
67078857639827,1.1728562,2.0341225,-0.0314253
67078865574398,0.96619487,2.372344,-0.22796659
67078873447933,0.73822826,2.0506341,-0.28495824
67078881321468,0.6801714,1.5355787,-0.20026971
67078889225521,0.74675035,1.1787151,-0.10013486
67078897221126,0.72970617,0.6199839,-0.01917476
67078905186214,0.6247776,-0.022370555,-0.009054748
67078913151302,0.5406217,-0.34461305,0.008522116
67078921024837,0.5273059,-0.32117724,0.056459017
67078928898372,0.5299691,-0.20026971,0.09374327
67078936893978,0.505468,-0.02396845,0.09054748
67078944828548,0.46924898,0.26205507,0.076166406
67078952702083,0.43409526,0.5581986,0.075101145
67078960575618,0.386691,0.783502,0.06870956
67078968449153,0.33076462,0.8165252,0.05486112
67078976414241,0.28549087,0.6801714,0.042077947
67078984379329,0.26738137,0.46658584,0.049534798
67078992374935,0.24873926,0.23222765,0.05539375
67079000217952,0.23595607,0.08042747,0.046871636
67079008091487,0.22530343,-0.051665325,0.039947417
67079015995540,0.22796659,-0.10652645,0.03781689
67079023930110,0.22530343,-0.0777643,0.026631612
67079031864681,0.21944448,-0.0058589545,0.013315806
67079039768733,0.20932446,0.0644485,-0.0127831735
67079047642269,0.21411815,0.13156016,-0.036751624
67079055637874,0.22530343,0.18056233,-0.053263225
67079063572444,0.23222765,0.1949434,-0.07350325
67079071537532,0.24873926,0.15339808,-0.084155895
67079079441585,0.26045716,0.07243799,-0.09161274
67079087345638,0.2790993,-0.041012682,-0.08948222
67079095249691,0.29933932,-0.15020229,-0.087884314
67079103184261,0.32277513,-0.21678132,-0.09054748
67079111057796,0.33768883,-0.257794,-0.094808534
67079116032161,0.34940675,-0.2593919,-0.098004326
67079123936214,0.36645097,-0.23755397,-0.10705908
67079131901302,0.38083205,-0.23116238,-0.11984225
67079139835872,0.38935417,-0.22743396,-0.12516858
67079147770442,0.4000068,-0.23489082,-0.128897
67079155643978,0.40959418,-0.2545982,-0.128897
67079163548030,0.4149205,-0.27057716,-0.13528858
67079171543636,0.43089947,-0.31691617,-0.13954964
67079179478206,0.44900897,-0.3371562,-0.1486044
67079187382259,0.4628574,-0.3371562,-0.1555286
67079195255794,0.4809669,-0.35153726,-0.17257284
67079203159847,0.49960902,-0.35792887,-0.1949434
67079211155452,0.51452273,-0.3387541,-0.21678132
67079219090023,0.52624065,-0.30999196,-0.23861924
67079227055110,0.5368933,-0.29880667,-0.257794
67079234928646,0.55340487,-0.3334278,-0.2796319
67079242802181,0.5784386,-0.376571,-0.3009372
67079250767269,0.6173208,-0.3888215,-0.32650355
67079258610286,0.6450176,-0.360592,-0.3616573
67079266483821,0.67271453,-0.31798145,-0.4032026
67079274387874,0.7057377,-0.2615224,-0.44528055
67079282261409,0.7387609,-0.22264028,-0.47351006
67079290165462,0.76592517,-0.19600865,-0.49641323
67079298100032,0.7984157,-0.18002969,-0.5203817
67079306034603,0.82344943,-0.18429075,-0.5305017
67079313908138,0.85327685,-0.21092236,-0.5305017
67079321781673,0.8809737,-0.24501082,-0.54648066
67079329777278,0.9139969,-0.2428803,-0.56618804
67079337742366,0.9464875,-0.22264028,-0.588026
67079345585384,0.98856544,-0.2050634,-0.60507023
67079353489437,1.0285128,-0.2146508,-0.6428871
67079361393489,1.0855045,-0.22530343,-0.7030745
67079369389095,1.1222562,-0.090014845,-0.71319455
67079377323665,1.1579424,-0.0037284256,-0.6487461
67079385288753,1.2490226,-0.11771172,-0.5640575
67079393162288,1.3997575,-0.3472762,-0.52624065
67079401066341,1.532383,-0.5571333,-0.5219796
67079409031429,1.623463,-0.63223445,-0.51452273
67079416965999,1.7113473,-0.5683186,-0.5075985
67079424839534,1.804558,-0.48735848,-0.5225122
67079432743587,1.8828549,-0.39095205,-0.5475459
67079440647640,1.9403793,-0.30626354,-0.5539375
67079448551692,1.9808593,-0.24394555,-0.5368933
67079456486263,2.001632,-0.24074976,-0.49854377
67079464451351,2.0069582,-0.21784659,-0.44794372
67079472355403,1.9755329,-0.3121225,-0.39627838
67079480259456,1.9473034,-0.46871635,-0.37550572
67079488224544,1.9313245,-0.53476274,-0.3717773
67079496128597,1.9212044,-0.55553544,-0.36591834
67079504002132,1.8913771,-0.51984906,-0.37071204
67079511875667,1.8487664,-0.3552657,-0.3584615
67079519749202,1.7827201,-0.11025487,-0.34408042
67079527744808,1.7214674,0.2615224,-0.34141725
67079535679378,1.7294569,0.7653925,-0.31158987
67079543613948,1.7971011,1.3853765,-0.23116238
67079551487483,1.7923075,1.7997643,-0.15073492
67079559361019,1.4604776,2.0325246,-0.13262543
67079567356624,0.7318367,1.7694043,-0.06870956
67079575291194,0.26738137,1.1414309,0.0
67079583164730,0.1571265,0.5422196,0.1470065
67079591038265,-0.007989483,0.014913702,0.314253
67079598942317,-0.21358553,-0.50387007,0.4463458
67079606937923,-0.4314321,-0.9960223,0.58696073
67079614872493,-0.69029135,-1.4141386,0.73290193
67079622807064,-0.9470201,-1.7102821,0.89535475
67079630711116,-1.1504856,-1.9105518,1.0663297
67079638615169,-1.3523532,-2.0490363,1.220793
67079646610774,-1.5611451,-2.1140172,1.3534185
67079654545345,-1.7241305,-2.076733,1.4817829
67079662418880,-1.8801918,-1.9504992,1.6282567
67079670292415,-2.0458405,-1.7811222,1.7773937
67079678165950,-2.2200112,-1.6223978,1.9121497
67079686070003,-2.3835292,-1.4306501,2.0314593
67079694004573,-2.5150893,-1.2357068,2.1236048
67079701939144,-2.644519,-1.019458,2.1774006
67079709812679,-2.7723508,-0.8628642,2.1438446
67079717686214,-2.8916605,-0.5320996,2.0676782
67079725651302,-3.0083067,-0.18482338,1.9744676
67079733555355,-3.1292143,0.13315806,1.8418423
67079741428890,-3.2724924,0.4564658,1.6841831
67079749302425,-3.4168358,0.73130405,1.514806
67079757206478,-3.5345476,0.95128113,1.3417006
67079765202083,-3.6384108,1.0663297,1.1883025
67079773075618,-3.7236319,1.071656,1.045557
67079780949153,-3.7891457,0.9965549,0.9267801
67079788822689,-3.8477352,0.84848315,0.8309063
67079796696224,-3.8807585,0.66525763,0.73769563
67079804691829,-3.861051,0.4596616,0.6583334
67079812595882,-3.8067226,0.24660872,0.5853628
67079820469417,-3.7358825,0.08735169,0.5219796
67079828342952,-3.5851476,-0.111852765,0.43089947
67079836247005,-3.375823,-0.23062976,0.34301516
67079844242610,-3.0882018,-0.11984225,0.294013
67079852177181,-2.6573021,0.41545314,0.21624869
67079860081233,-2.0357203,1.0753845,0.05752428
67079867954769,-2.0863204,0.8223842,-0.05965481
67079875828304,-1.5781893,1.0088054,0.046339005
67079883793392,-1.031176,0.9603359,0.112918034
67079891758480,-0.753142,1.2575446,0.17310548
67079899632015,-0.4708469,1.4141386,0.28708878
67079907505550,-0.10759171,1.3912354,0.23808661
67079915409603,0.21891184,1.506284,0.05912218
67079923374691,0.52464277,1.9281287,-0.257794
67079931309261,0.8048073,2.595517,-0.6679208
67079939182796,0.9603359,3.3129725,-1.099353
67079947086849,0.88470215,4.1630535,-1.335309
67079954990901,0.92464954,4.858671,-1.1190603
67079962894954,0.9635317,4.998221,-0.6583334
67079970829524,1.026915,4.232828,-0.39627838
67079978703060,1.1819109,3.163303,-0.036218993
67079986576595,1.315069,2.0154803,0.49747851
67079994450130,1.5504924,0.2908172,0.3222425
67080002445735,1.4301175,-0.6279734,0.31798145
67080010380306,1.1653993,-0.8538095,0.34621096
67080018314876,1.0018812,-0.7850999,0.27643612
67080026218929,0.9395633,-0.6716492,0.21891184
67080034092464,0.8314389,-0.6348976,0.12250541
67080041996517,0.6876282,-0.7717841,0.051665325
67080049931087,0.57311225,-1.0402308,0.06231797
67080057835140,0.5161206,-1.1914983,0.118776985
67080065739192,0.5187838,-1.1691277,0.1555286
67080073643245,0.51026165,-0.92944324,0.16298546
67080081608333,0.4878911,-0.46978164,0.15978967
67080089512386,0.45806372,0.12942964,0.1438107
67080097446956,0.42024684,0.7483483,0.096939065
67080105320491,0.38083205,1.2697952,0.04580637
67080113194026,0.35313517,1.5499598,0.020772656
67080121159114,0.3206446,1.6895094,-0.009054748
67080129093685,0.31798145,1.5851135,-0.017044231
67080136967220,0.3371562,1.2399678,-0.00479369
67080144840755,0.36325517,0.7547399,0.023435818
67080152714290,0.39148468,0.24394555,0.05965481
67080160679378,0.41545314,-0.17576863,0.096939065
67080168613948,0.43303,-0.44528055,0.11558119
67080176548519,0.44368264,-0.53476274,0.11451593
67080184452571,0.44741106,-0.4660532,0.10333065
67080192326107,0.4426174,-0.26205507,0.07563378
67080200321712,0.4346279,0.00958738,0.044208474
67080208195247,0.42344263,0.2892193,0.011185277
67080216068782,0.40959418,0.5139901,-0.013315806
67080223942317,0.39840892,0.6450176,-0.032490566
67080231815853,0.38935417,0.65247446,-0.041545313
67080239780941,0.3888215,0.52624065,-0.039414786
67080247746028,0.396811,0.25832662,-0.017044231
67080255680599,0.4149205,-0.049534798,0.011717909
67080263584651,0.43995422,-0.3206446,0.042077947
67080271488704,0.4575311,-0.505468,0.05912218
67080279484310,0.47297743,-0.5795039,0.06711166
67080287357845,0.48363006,-0.52411014,0.060720075
67080295261898,0.48522797,-0.42290998,0.03781689
67080303135433,0.49321744,-0.30999196,0.011185277
67080311008968,0.5134575,-0.22530343,-0.012250541
67080318974056,0.5411543,-0.1768339,-0.029294772
67080326939144,0.5704491,-0.18162759,-0.035153728
67080334934749,0.60080916,-0.20772657,-0.03781689
67080342838802,0.6380934,-0.25992453,-0.04580637
67080350712337,0.6631271,-0.2796319,-0.056991648
67080358677425,0.68336713,-0.3110572,-0.068176925
67080366520442,0.7126619,-0.39041942,-0.07669904
67080374424495,0.7547399,-0.4857606,-0.083090626
67080382328548,0.79415464,-0.5305017,-0.094808534
67080390232601,0.82877576,-0.54168695,-0.10652645
67080398197689,0.86499476,-0.531567,-0.12197278
67080406132259,0.89855057,-0.5278385,-0.13795175
67080414066829,0.92518216,-0.5225122,-0.15073492
67080421970882,0.95447695,-0.5422196,-0.15659387
67080429874935,0.984837,-0.5853628,-0.16298546
67080437840023,1.0162623,-0.63223445,-0.16724652
67080445683040,1.0498182,-0.7142598,-0.17257284
67080453556575,1.0785803,-0.77924097,-0.17789917
67080461430110,1.1254519,-0.8863,-0.18855181
67080469303646,1.1755193,-0.9289106,-0.19707392
67080477299251,1.2293152,-0.9757822,-0.19760656
67080485233821,1.2852416,-1.0322412,-0.20399815
67080493229427,1.3486248,-1.0636666,-0.21731395
67080501133480,1.401888,-1.0865698,-0.23009712
67080508976497,1.4572818,-1.1174624,-0.24714136
67080516941585,1.5254587,-1.1685951,-0.28176245
67080524784603,1.5904398,-1.2357068,-0.37284255
67080532658138,1.6751283,-0.9102685,-0.45806372
67080540562191,1.7054884,-0.5858955,-0.39521313
67080548435726,1.7550232,-0.57311225,-0.31372038
67080556339778,1.9078887,-0.66579026,-0.2908172
67080564274349,2.0516994,-0.8452873,-0.30040458
67080572239437,2.1268005,-0.9257148,-0.30839407
67080580143489,2.1891184,-0.85487473,-0.33182988
67080587986507,2.2311964,-0.71532506,-0.3685815
67080595951595,2.241849,-0.56885123,-0.41172472
67080603855648,2.2556975,-0.42397526,-0.44741106
67080611820735,2.2482407,-0.3669836,-0.4362258
67080619724788,2.2349248,-0.40053943,-0.4362258
67080627628841,2.231729,-0.3898868,-0.43569317
67080635532894,2.2237396,-0.39627838,-0.4181163
67080643467464,2.1891184,-0.37550572,-0.42024684
67080651432552,2.1236048,-0.15978967,-0.44528055
67080659275569,2.0804615,0.18375812,-0.47830373
67080667149105,2.160889,0.6764429,-0.505468
67080675144710,2.241849,1.2191951,-0.5006743
67080683109798,2.1241374,1.6943032,-0.4660532
67080690952816,1.736381,2.0165455,-0.41864893
67080698826351,1.196292,1.9254655,-0.36272255
67080706730403,0.79628515,1.7688717,-0.23222765
67080714695491,0.59388494,1.3177321,-0.046339005
67080722630062,0.3568636,0.61199445,0.077231675
67080730595149,0.14594123,-0.25726137,0.23435818
67080738468685,-0.14008227,-1.2852416,0.34461305
67080746372737,-0.52411014,-2.1534321,0.44048685
67080754368343,-0.8202536,-2.6381273,0.572047
67080762272396,-0.99548966,-2.8932583,0.74248934
67080770145931,-1.1510183,-3.0301447,0.86020106
67080778019466,-1.3736585,-3.1782165,0.9784454
67080785923519,-1.5973641,-3.3087113,1.073254
67080793919124,-1.8178738,-3.300722,1.128115
67080801853694,-2.0341225,-3.1073763,1.1712582
67080809818782,-2.2285333,-2.8192225,1.2085425
67080817692317,-2.401106,-2.5406556,1.2149341
67080825596370,-2.5790052,-2.2050974,1.2048141
67080833561458,-2.737197,-1.845038,1.1914983
67080841465511,-2.8740835,-1.4674017,1.1819109
67080849339046,-3.009372,-1.1158645,1.1696603
67080857243099,-3.1574438,-0.7520767,1.1526161
67080865116634,-3.307646,-0.37816888,1.1254519
67080873112239,-3.4679685,-0.02876214,1.0764498
67080881046810,-3.639476,0.2759035,0.99921805
67080888981380,-3.812049,0.5139901,0.89162636
67080896946468,-3.963849,0.6993461,0.76059884
67080904850521,-4.101801,0.83516735,0.62317973
67080912846126,-4.220045,0.9187906,0.47670585
67080920841732,-4.3121905,0.9731191,0.3392867
67080928776302,-4.383563,0.98430437,0.21678132
67080936649837,-4.4426856,0.92997587,0.105993815
67080944553890,-4.4938183,0.85061365,0.013315806
67080952518978,-4.5204496,0.7707188,-0.058056913
67080960453548,-4.512993,0.6695187,-0.13422333
67080968388118,-4.483698,0.58429754,-0.20186761
67080976261653,-4.416054,0.46552056,-0.2647182
67080984104671,-4.31006,0.38456047,-0.32863408
67080992069759,-4.1731734,0.31052458,-0.3552657
67080999943294,-3.9531963,0.5752428,-0.2615224
67081007816829,-3.706055,1.0823087,-0.058056913
67081015690364,-3.4296188,1.4002901,0.08575379
67081023563899,-3.1654334,1.4285196,0.20453078
67081031437435,-2.8746161,1.2346416,0.30519825
67081039372005,-2.5252094,1.0503508,0.40533313
67081047215023,-2.1907163,0.8740495,0.5299691
67081055088558,-1.7981664,0.60720074,0.6146576
67081062962093,-1.3267869,0.37284255,0.67484504
67081070957698,-0.81226414,0.18162759,0.72437984
67081078892269,-0.31052458,0.039414786,0.7797736
67081086765804,0.16138756,-0.01438107,0.8357
67081094669857,0.49002165,0.23382555,0.8793758
67081102573909,0.7350325,0.32330775,0.9219864
67081110569515,0.91452956,-0.080960095,0.91985583
67081118443050,1.3305153,-0.793622,0.98590225
67081126316585,1.7507621,-1.3864417,1.0242518
67081134159603,2.0415792,-1.5414376,1.0338391
67081142033138,2.2391858,-1.4370418,0.9965549
67081150028743,2.3531692,-1.1430287,0.92038846
67081157963314,2.433064,-0.57790595,0.7861652
67081165836849,2.3004386,0.39095205,0.69987875
67081173710384,1.4610102,1.1526161,0.4000068
67081181614437,-0.39787626,2.1257353,-0.82078624
67081189579524,-0.49694586,6.0965085,-2.398443
67081197483577,0.39095205,6.167881,-1.4689997
67081205357112,0.18269286,4.9635997,-0.8522116
67081213200130,0.4676511,3.6053874,-0.68389976
67081221073665,1.3640711,5.1984906,0.31691617
67081228947200,1.5680692,6.3425846,1.2618058
67081236790218,1.3283848,6.156163,0.78989357
67081244663753,1.4620755,5.1255198,0.18002969
67081252567806,1.2149341,4.2631884,0.21997711
67081260471858,1.1233214,3.3449304,0.10333065
67081268436946,1.1275824,2.2615564,0.29028457
67081276371517,1.051416,1.3038837,0.4426174
67081284306087,0.9539443,0.111852765,0.2876214
67081292179622,0.9406285,-1.1781825,0.27803403
67081300083675,0.948618,-2.137453,0.46658584
67081308048763,0.9555422,-2.716957,0.57790595
67081315891780,0.9800433,-3.0152311,0.61838603
67081323765316,0.9864349,-3.13241,0.58269966
67081331669368,0.9624664,-2.928412,0.5001417
67081339542903,0.9305085,-2.382464,0.42876893
67081347538509,0.8527442,-1.1265172,0.34408042
67081355473079,0.7755125,0.31478566,0.25246766
67081363407649,0.72171664,1.5616777,0.14487597
67081371311702,0.6428871,2.4016387,0.07403588
67081379185237,0.5651228,2.821353,-0.0053263223
67081387150325,0.5225122,2.8032434,-0.07137272
67081395023860,0.5134575,2.267948,-0.087884314
67081402927913,0.54435015,1.2793826,-0.028229509
67081410831966,0.6317018,0.12783173,0.11504856
67081418705501,0.7339672,-0.8117315,0.24074976
67081426609554,0.7888283,-1.3118732,0.29028457
67081434544124,0.7984157,-1.4066817,0.2657835
67081442509212,0.7866978,-1.1685951,0.20186761
67081450413265,0.7568704,-0.6897587,0.12410331
67081458256282,0.7302388,-0.12037488,0.054328486
67081466221370,0.71106404,0.36964676,-0.0031957934
67081474186458,0.6956177,0.67324716,-0.046871636
67081482059993,0.6897587,0.76485986,-0.07243799
67081489933528,0.6849651,0.65513766,-0.07563378
67081497807064,0.6924219,0.41065946,-0.05539375
67081505711116,0.7099988,0.091080114,-0.018109497
67081513645687,0.7275756,-0.22796659,0.027696876
67081521580257,0.73343456,-0.4346279,0.0479369
67081529484310,0.73609775,-0.49002165,0.056459017
67081537357845,0.7275756,-0.42290998,0.05273059
67081545353450,0.7078682,-0.27643612,0.03089267
67081553288021,0.6897587,-0.105993815,0.007456851
67081561192073,0.66845345,0.046339005,-0.016511599
67081569096126,0.65247446,0.1272991,-0.030360037
67081576969661,0.64395237,0.12996227,-0.03195793
67081584934749,0.6348976,0.08575379,-0.03195793
67081592869319,0.62744075,-0.002130529,-0.03568636
67081600803890,0.6221144,-0.094808534,-0.041012682
67081608707942,0.62264705,-0.1571265,-0.047404267
67081616581478,0.6269081,-0.22423817,-0.05273059
67081624577083,0.6396913,-0.26738137,-0.06391586
67081632511653,0.66365975,-0.2743056,-0.07829694
67081640415706,0.68336713,-0.27643612,-0.09534117
67081648289241,0.70840085,-0.27856666,-0.10972224
67081656162776,0.7387609,-0.29987195,-0.12197278
67081664127864,0.7701862,-0.32597092,-0.13635385
67081672062435,0.8005462,-0.36112466,-0.1470065
67081680027523,0.82824314,-0.39574575,-0.15659387
67081687901058,0.86233157,-0.4527374,-0.16831179
67081695805110,0.90174633,-0.4958806,-0.18801917
67081703800716,0.93849796,-0.51771855,-0.2034655
67081711735286,0.97738016,-0.5411543,-0.21997711
67081719639339,1.0205233,-0.56725335,-0.22530343
67081727482357,1.0620687,-0.6178534,-0.22530343
67081735386409,1.1126688,-0.6812366,-0.23276028
67081743382015,1.1632688,-0.7462177,-0.24714136
67081751316585,1.206412,-0.78776306,-0.2657835
67081759281673,1.2500879,-0.81013364,-0.28708878
67081767155208,1.2996227,-0.8271778,-0.32330775
67081775059261,1.3454291,-0.850081,-0.37017938
67081783024349,1.391768,-0.81226414,-0.42717105
67081790958919,1.4402375,-0.716923,-0.45593318
67081798862972,1.4807175,-0.6412892,-0.43729106
67081806767024,1.5456988,-0.6412892,-0.39521313
67081814640560,1.6437031,-0.7355651,-0.34301516
67081822605648,1.7502295,-0.892159,-0.29827404
67081830540218,1.8402443,-1.0711234,-0.27324033
67081838474788,1.9062908,-1.190433,-0.26738137
67081846348323,1.9611518,-1.2612731,-0.2615224
67081854252376,1.9936424,-1.2719258,-0.2727077
67081862217464,2.001632,-1.3065468,-0.3073288
67081870182552,1.9851203,-1.325189,-0.35100463
67081878056087,1.959554,-1.3539511,-0.40852892
67081885929622,1.9244002,-1.4791197,-0.48629323
67081893803157,1.8887138,-1.526524,-0.58056915
67081901768245,1.8375812,-1.3598101,-0.63223445
67081909733333,1.76248,-0.96086854,-0.6348976
67081917698421,1.7044232,-0.33662358,-0.63436496
67081925602474,1.7145431,0.46552056,-0.63010395
67081933476009,1.7566211,1.3289174,-0.61891866
67081941471614,1.7033578,2.23599,-0.5997439
67081949345149,1.4514228,3.080212,-0.5411543
67081957218685,1.1014835,3.3763556,-0.39787626
67081965122737,0.6332997,3.0764837,-0.27164245
67081972996273,0.35739622,2.5454495,-0.12516858
67081980930843,0.15659387,1.8200043,0.10439592
67081988865413,-0.16831179,0.8447547,0.267914
67081996830501,-0.51931643,-0.479369,0.3920173
67082004734554,-0.87990844,-1.7193369,0.4245079
67082012608089,-1.230913,-2.4543693,0.50173956
67082020603694,-1.4370418,-2.8421257,0.62264705
67082028538265,-1.6623452,-3.1361384,0.7366304
67082036442317,-1.9057581,-3.3609095,0.7957525
67082044346370,-2.0777984,-3.500459,0.8223842
67082052250423,-2.310026,-3.540939,0.83942837
67082060215511,-2.5363946,-3.384878,0.8479505
67082068150081,-2.7361317,-3.07169,0.8516789
67082076084651,-2.9103024,-2.6897926,0.85966843
67082083958187,-3.0637007,-2.2951124,0.8655274
67082091862239,-3.1947281,-1.9153455,0.87511474
67082099827327,-3.3310819,-1.5499598,0.8857674
67082107670345,-3.4653053,-1.2000204,0.88843054
67082115574398,-3.5942023,-0.8628642,0.88683265
67082123447933,-3.7172403,-0.5550028,0.87032104
67082131321468,-3.824832,-0.27217507,0.8362326
67082139225521,-3.9249668,-0.01917476,0.7850999
67082147190608,-4.000601,0.23009712,0.7238472
67082155125179,-4.0490704,0.50120693,0.66525763
67082163029232,-4.078365,0.71479243,0.61891866
67082170902767,-4.0922136,0.8644621,0.58056915
67082178898372,-4.0703754,0.9518138,0.55606806
67082186802425,-4.0149817,0.9624664,0.56885123
67082194675960,-3.9302933,0.80747044,0.58269966
67082202580013,-3.8051245,0.57577544,0.60080916
67082210484066,-3.647998,0.35153726,0.6327671
67082218449153,-3.458381,0.18961707,0.6711166
67082226383724,-3.235208,0.12783173,0.7259777
67082234318294,-2.9955237,0.11771172,0.7946873
67082242191829,-2.7132285,0.09534117,0.8490158
67082250065364,-2.3840618,0.087884314,0.9006811
67082258030452,-2.020274,0.082025364,0.9571401
67082265965023,-1.3709954,0.53263223,0.90281165
67082273838558,-1.1291803,-0.03355583,0.8841695
67082281712093,-0.8580705,-0.4644553,0.88683265
67082289585628,-0.32011196,-1.3507553,1.0796455
67082297581233,0.0793622,-1.6687368,1.1132014
67082305424251,0.36804888,-1.7976338,1.2170646
67082313328304,0.60933125,-1.7417074,1.2245215
67082321232357,0.7845673,-1.4950987,1.1084076
67082329105892,0.95660746,-1.0343717,0.958738
67082337101497,1.1142666,-0.41705105,0.7909589
67082345036067,1.1936288,0.23329292,0.62317973
67082352879085,1.2159994,0.67963874,0.51931643
67082360752620,1.2112057,1.1110709,0.44847634
67082368626155,1.1707256,1.3507553,0.4016047
67082376621761,1.0487529,1.6271914,0.25033715
67082384495296,0.7440872,1.7955033,-0.23009712
67082392368831,0.5699165,2.340386,-1.103614
67082400242366,0.5603291,2.6897926,-1.5361114
67082408115901,0.71958613,3.6384108,-0.9938917
67082416111507,1.149953,4.5247107,-0.16937704
67082424046077,1.8200043,4.2828956,-0.039414786
67082431919612,1.6468989,4.835768,0.092145376
67082439793148,1.520665,4.9087386,0.28815404
67082447697200,1.5558188,4.1209755,-0.07829694
67082455662288,1.4343786,3.228284,-0.08468852
67082463596858,1.3017532,2.0879183,0.049002163
67082471531429,1.2282499,1.3725933,0.23808661
67082479404964,1.2559468,0.74302197,0.32756883
67082487309017,1.1984226,-0.0053263223,0.23861924
67082495213069,1.055677,-0.81705785,0.17630127
67082503208675,0.9491506,-1.4663365,0.23861924
67082511082210,0.9331717,-1.6719326,0.23276028
67082518955745,0.97045594,-1.5733956,0.22104238
67082526829280,0.9470201,-1.3347764,0.1736381
67082534824886,0.86233157,-0.77604514,0.0974717
67082542759456,0.79042625,0.10226539,0.0479369
67082550694026,0.7350325,1.0285128,-0.0063915867
67082558537044,0.66845345,1.7449032,-0.06657903
67082566410579,0.5970807,2.1481059,-0.12250541
67082574406185,0.54168695,2.2509038,-0.15126756
67082582340755,0.5134575,2.010154,-0.13848437
67082590214290,0.51771855,1.4429007,-0.09640643
67082598118343,0.5384912,0.7174556,-0.033023197
67082605961360,0.572047,0.022370555,0.03089267
67082613956966,0.6013418,-0.42557314,0.07137272
67082621891536,0.6018744,-0.59122175,0.080960095
67082629856624,0.5816344,-0.5278385,0.055926383
67082637760677,0.5613944,-0.2695119,0.014913702
67082645664730,0.5384912,0.0793622,-0.027696876
67082653568782,0.5230448,0.32597092,-0.05219796
67082661503353,0.50813115,0.56938386,-0.08149273
67082669376888,0.5086638,0.6785734,-0.096939065
67082677250423,0.52144694,0.6423545,-0.10173275
67082685123958,0.5400891,0.5022722,-0.09374327
67082693089046,0.567786,0.2860235,-0.07350325
67082700993099,0.5997439,0.05273059,-0.044208474
67082708927669,0.62903863,-0.1603223,-0.017576864
67082716831722,0.65194184,-0.30466563,0.00479369
67082724705257,0.66365975,-0.37284255,0.014913702
67082732700862,0.67058396,-0.33502567,0.006924219
67082740574398,0.6737798,-0.21731395,-0.0058589545
67082748447933,0.6689861,-0.06231797,-0.02130529
67082756321468,0.66365975,0.10439592,-0.03888215
67082764225521,0.6492787,0.21837921,-0.05486112
67082772221126,0.6412892,0.24820662,-0.0628506
67082780155696,0.63915867,0.20240025,-0.060720075
67082788090267,0.6311692,0.10705908,-0.058589544
67082795963802,0.6263755,0.0063915867,-0.056459017
67082803837337,0.63223445,-0.09267801,-0.056459017
67082811802425,0.64821345,-0.18748654,-0.061252706
67082819675960,0.6498113,-0.22583607,-0.07243799
67082827580013,0.66525763,-0.21624869,-0.08948222
67082835453548,0.6812366,-0.1486044,-0.07669904
67082843327083,0.6988135,-0.17576863,-0.082025364
67082851322689,0.73982614,-0.24234766,-0.10066749
67082859257259,0.79735047,-0.29507825,-0.112918034
67082867191829,0.8538095,-0.31798145,-0.128897
67082875065364,0.89855057,-0.34301516,-0.1486044
67082882969417,0.92944324,-0.33981937,-0.1736381
67082890934505,0.9736517,-0.34141725,-0.2066613
67082898777523,1.0098706,-0.34780884,-0.23169503
67082906651058,1.0524813,-0.38562572,-0.2444782
67082914555110,1.0902982,-0.44208476,-0.25353295
67082922428646,1.1275824,-0.5118596,-0.27057716
67082930332698,1.1648667,-0.5539375,-0.28975195
67082938267269,1.1899004,-0.57364494,-0.30360037
67082946232357,1.2234563,-0.5901565,-0.3089267
67082954105892,1.2543489,-0.60293967,-0.31478566
67082962009944,1.2863069,-0.660464,-0.314253
67082969975032,1.3305153,-0.67963874,-0.32756883
67082977909603,1.3896375,-0.7728494,-0.3435478
67082985783138,1.4578145,-0.89588743,-0.38615838
67082993656673,1.5377092,-0.9369001,-0.4676511
67083001530208,1.6314526,-0.75154406,-0.5203817
67083009525814,1.6937705,-0.55340487,-0.4660532
67083017460384,1.7917749,-0.5267733,-0.3797668
67083025425472,1.9345202,-0.6540724,-0.3110572
67083033329524,2.044775,-0.8948221,-0.2625877
67083041233577,2.117213,-1.0844392,-0.22530343
67083049229183,2.1614215,-1.1073424,-0.18056233
67083057133235,2.1555626,-1.1382351,-0.14913702
67083065037288,2.1576931,-1.0892329,-0.14008227
67083072941341,2.1624868,-1.1483551,-0.15286545
67083080845394,2.1523669,-1.2410331,-0.20240025
67083088840999,2.133192,-1.2644689,-0.27217507
67083096775569,2.1118867,-1.1382351,-0.30999196
67083104740657,2.066613,-0.777643,-0.31691617
67083112644710,2.0463731,-0.21411815,-0.31372038
67083120518245,2.044775,0.43569317,-0.29134983
67083128483333,2.0762005,1.1270498,-0.23648871
67083136326351,1.9675435,1.8759307,-0.15286545
67083144230403,1.5536882,2.372344,-0.046339005
67083152103939,1.0322412,2.4074976,0.082025364
67083159977474,0.7637946,2.193912,0.21252026
67083167912044,0.50653327,1.7145431,0.4165184
67083175846614,0.1571265,0.9076053,0.61838603
67083183811702,-0.099069595,-0.1486044,0.7669904
67083191685237,-0.3834952,-1.242631,0.8926916
67083199589290,-0.6535397,-2.078331,0.9938917
67083207584896,-0.85966843,-2.6450517,1.0961571
67083215488948,-1.0849719,-3.0482543,1.1638014
67083223393001,-1.3161342,-3.341202,1.1616709
67083231266536,-1.5563514,-3.520699,1.1249193
67083239140071,-1.7837853,-3.465838,1.0684602
67083247074642,-1.995773,-3.2192292,1.015197
67083255009212,-2.2061627,-2.8767467,0.9624664
67083262943782,-2.4362597,-2.5182853,0.91985583
67083270817317,-2.6796727,-2.12467,0.88203895
67083278690853,-2.858637,-1.8397117,0.8676579
67083286655941,-3.1382692,-1.4370418,0.8671253
67083294559993,-3.294863,-1.2468921,0.87511474
67083302433528,-3.4871433,-1.0711234,0.8857674
67083310337581,-3.653857,-0.9033443,0.8873653
67083318241634,-3.8141794,-0.6940198,0.8841695
67083326206722,-3.9926112,-0.52411014,0.86606
67083334141292,-4.184891,-0.41225734,0.8410263
67083342075862,-4.3500075,-0.3339604,0.8090684
67083349949398,-4.486361,-0.28549087,0.7797736
67083357822933,-4.6035404,-0.28176245,0.753142
67083365788021,-4.70261,-0.32490566,0.7254451
67083373692073,-4.797951,-0.40852892,0.6940198
67083381565608,-4.8767805,-0.49694586,0.6679208
67083389439144,-4.9119344,-0.56938386,0.65034395
67083397312679,-4.8837047,-0.5954828,0.6562029
67083405277767,-4.808604,-0.5864281,0.6812366
67083413120784,-4.704208,-0.53795856,0.7137272
67083420994319,-4.5833,-0.42237735,0.7488809
67083428867855,-4.4384246,-0.18748654,0.7707188
67083436771907,-4.2381544,0.14327806,0.7914915
67083444767513,-4.043744,0.47404268,0.8213189
67083452702083,-3.8258972,0.73290193,0.8319715
67083460575618,-3.562777,1.0365024,0.81705785
67083468449153,-3.2756882,1.257012,0.8431568
67083476322689,-2.9816751,1.3006879,0.85753787
67083484287776,-2.634399,1.2048141,0.8069378
67083492191829,-2.1827269,1.1147993,0.727043
67083500126399,-1.6207999,1.1504856,0.6791061
67083507999935,-0.82398206,1.8061559,0.6151902
67083515903987,-0.20932446,1.3102753,0.6492787
67083523808040,0.257794,1.2825783,0.6247776
67083531742610,0.69668293,0.75420725,0.60560286
67083539616146,1.0551444,0.053795855,0.6087986
67083547520198,1.391768,-0.44208476,0.62264705
67083555424251,1.6463662,-0.7392935,0.62531024
67083563389339,1.736381,-0.773382,0.59388494
67083571293392,1.8125474,-0.5566007,0.52357745
67083579227962,1.8338528,-0.17097494,0.45486793
67083587101497,1.7864485,0.3568636,0.38775626
67083594975032,1.7358484,1.0215886,0.31691617
67083602940120,1.6921726,1.6373115,0.28868666
67083610874691,1.6650083,2.088451,0.28815404
67083618748226,1.6996294,1.9600866,0.44687843
67083626621761,1.7992316,2.018676,0.5837649
67083634525814,1.6309199,3.2698293,0.3291667
67083642521419,0.8341021,3.0626354,-0.07084008
67083650455989,0.32490566,3.1467912,-0.40213734
67083658421077,-0.05219796,2.026133,-0.12942964
67083666294612,0.22530343,0.8996158,0.05006743
67083674168148,0.89109373,-0.18375812,0.2727077
67083682133235,1.5691346,-0.50173956,0.23808661
67083690067806,1.3417006,0.2231729,-0.10226539
67083697941341,0.55553544,2.065015,-0.1438107
67083705814876,0.3568636,2.8144288,0.16245283
67083713688411,0.5006743,2.9406626,0.33449304
67083721684017,0.6428871,1.9909793,0.32597092
67083729618587,0.61199445,0.9076053,0.19387813
67083737553157,0.49641323,0.120907515,0.2593919
67083745426692,0.4213121,-0.31265512,0.39095205
67083753300228,0.3291667,-0.4596616,0.4181163
67083761295833,0.23222765,-0.41918156,0.3685815
67083769199886,0.13582122,-0.27537087,0.31372038
67083777073421,0.020772656,-0.09960223,0.28549087
67083784977474,-0.06764429,0.08681905,0.2609898
67083792881526,-0.10546118,0.23435818,0.25672874
67083800846614,-0.104928546,0.33822146,0.2657835
67083808781185,-0.10226539,0.43675843,0.283893
67083816715755,-0.108124346,0.55606806,0.3089267
67083824589290,-0.108124346,0.69508505,0.330232
67083832493343,-0.10972224,0.84368944,0.33822146
67083840458431,-0.12410331,0.95128113,0.33449304
67083848301448,-0.1486044,0.97258645,0.32490566
67083856174983,-0.17896444,0.9086706,0.314253
67083861118831,-0.19281286,0.8527442,0.3110572
67083869053401,-0.21624869,0.69508505,0.3110572
67083877049007,-0.22690132,0.48309743,0.30679616
67083884922542,-0.2263687,0.2514024,0.29933932
67083892796077,-0.21038973,0.06338324,0.28122982
67083900669612,-0.18535602,-0.05912218,0.2657835
67083908573665,-0.15073492,-0.105993815,0.25033715
67083916569271,-0.10279802,-0.11132014,0.23276028
67083924503841,-0.051132694,-0.09267801,0.21944448
67083932377376,-0.0010652645,-0.080960095,0.2034655
67083940250911,0.04261058,-0.084155895,0.18535602
67083948124446,0.07882957,-0.08894958,0.16405073
67083956120052,0.10226539,-0.10759171,0.14487597
67083963963069,0.11771172,-0.13422333,0.12783173
67083971836605,0.123038046,-0.18056233,0.1123854
67083979710140,0.12037488,-0.22743396,0.099069595
67083987583675,0.11504856,-0.2695119,0.08681905
67083995487728,0.10439592,-0.31372038,0.0793622
67084003422298,0.09374327,-0.34088463,0.07350325
67084011295833,0.08575379,-0.3536678,0.06870956
67084019199886,0.070307456,-0.34993938,0.06870956
67084027103939,0.05006743,-0.34567833,0.07243799
67084035069026,0.025566347,-0.3616573,0.076166406
67084043003597,0.0,-0.37390783,0.08362326
67084050999202,-0.036751624,-0.37763625,0.08468852
67084058872737,-0.082025364,-0.38402784,0.084155895
67084066746273,-0.12144015,-0.38083205,0.07243799
67084074650325,-0.16085494,-0.36645097,0.058056913
67084082615413,-0.20399815,-0.35420042,0.04474111
67084090549983,-0.2428803,-0.35420042,0.035153728
67084098423519,-0.26684874,-0.37124467,0.029294772
67084106297054,-0.2828277,-0.40533313,0.022903185
67084114292659,-0.29348037,-0.4415521,0.013848438
67084122227230,-0.2972088,-0.4607269,0.002130529
67084130192317,-0.29667616,-0.44741106,-0.007456851
67084138096370,-0.29348037,-0.40586576,-0.017044231
67084146000423,-0.28229508,-0.34940675,-0.029827405
67084153904476,-0.267914,-0.2647182,-0.039947417
67084161839046,-0.25193503,-0.15765914,-0.051665325
67084169743099,-0.23009712,-0.06870956,-0.07350325
67084177616634,-0.20612867,-0.0063915867,-0.101200126
67084185490169,-0.19867182,0.03568636,-0.11824436
67084193455257,-0.21038973,0.090014845,-0.12410331
67084201420345,-0.20985709,0.09960223,-0.12996227
67084209354915,-0.1949434,-0.03568636,-0.12463594
67084217228450,-0.16564862,-0.2593919,-0.1123854
67084225101985,-0.13848437,-0.43089947,-0.09161274
67084233006038,-0.1257012,-0.47244477,-0.084155895
67084240940608,-0.13209279,-0.42344263,-0.092145376
67084248814144,-0.15126756,-0.34088463,-0.111852765
67084256687679,-0.17204021,-0.2396845,-0.14434333
67084264591732,-0.19813919,-0.10439592,-0.18056233
67084272587337,-0.22796659,0.023435818,-0.21092236
67084280521907,-0.25513083,0.06764429,-0.23009712
67084288517513,-0.27537087,0.021837922,-0.23702134
67084296421566,-0.283893,-0.06657903,-0.22796659
67084304325618,-0.2908172,-0.20240025,-0.2082592
67084312229671,-0.2892193,-0.35633096,-0.18535602
67084320164241,-0.28495824,-0.46978164,-0.1667139
67084328037776,-0.2775014,-0.5139901,-0.15233281
67084335911312,-0.27324033,-0.49801114,-0.1438107
67084343784847,-0.27004454,-0.43888897,-0.14168017
67084351749935,-0.26205507,-0.31265512,-0.14274544
67084359684505,-0.25033715,-0.17576863,-0.14913702
67084367680110,-0.23435818,-0.049002163,-0.1603223
67084375584163,-0.22104238,0.07137272,-0.17204021
67084383488216,-0.2050634,0.15978967,-0.17257284
67084391453304,-0.1949434,0.18216023,-0.17630127
67084399387874,-0.18269286,0.15499598,-0.17630127
67084407261409,-0.17576863,0.08681905,-0.17044231
67084415165462,-0.175236,-0.00958738,-0.16298546
67084423038997,-0.16884442,-0.11025487,-0.15446335
67084431004085,-0.16085494,-0.19121496,-0.14114754
67084438938655,-0.15499598,-0.2647182,-0.13209279
67084446903743,-0.15339808,-0.32117724,-0.1272991
67084454777278,-0.14647387,-0.3339604,-0.12197278
67084462650814,-0.14168017,-0.304133,-0.10918961
67084470615901,-0.14114754,-0.26045716,-0.101200126
67084478550472,-0.14327806,-0.2082592,-0.10279802
67084486454524,-0.14327806,-0.12996227,-0.10066749
67084494358577,-0.14274544,-0.03355583,-0.10226539
67084502262630,-0.13795175,0.041012682,-0.10546118
67084510258235,-0.128897,0.06924219,-0.103863284
67084518192806,-0.11558119,0.072970614,-0.098004326
67084526188411,-0.099069595,0.05912218,-0.09161274
67084534092464,-0.09161274,0.025566347,-0.08681905
67084541996517,-0.077231675,-0.025033714,-0.076166406
67084549992122,-0.06657903,-0.08468852,-0.070307456
67084557926692,-0.06338324,-0.14168017,-0.06657903
67084565800228,-0.06391586,-0.19813919,-0.0644485
67084573673763,-0.066046394,-0.21518342,-0.05752428
67084581577816,-0.06498113,-0.18322548,-0.051132694
67084589542903,-0.06178534,-0.1272991,-0.049002163
67084597446956,-0.05965481,-0.07350325,-0.049002163
67084605351009,-0.056991648,-0.025033714,-0.050600063
67084613194026,-0.049534798,0.00958738,-0.049002163
67084621067562,-0.04527374,0.022370555,-0.043675844
67084628971614,-0.042077947,0.013848438,-0.040480047
67084636906185,-0.03834952,-0.007456851,-0.036218993
67084644779720,-0.03355583,-0.020240024,-0.03089267
67084652653255,-0.0314253,-0.03355583,-0.028229509
67084660526790,-0.03355583,-0.04474111,-0.025566347
67084668491878,-0.03195793,-0.056459017,-0.022903185
67084676456966,-0.033023197,-0.07137272,-0.023435818
67084684391536,-0.034621093,-0.076166406,-0.020772656
67084692295589,-0.036218993,-0.06178534,-0.02130529
67084700199642,-0.036218993,-0.037284255,-0.02130529
67084708195247,-0.03568636,-0.022903185,-0.02130529
67084716129817,-0.03355583,-0.010652645,-0.019707393
67084724003353,-0.033023197,-0.011185277,-0.018109497
67084731907405,-0.027164243,-0.023435818,-0.015446335
67084739780941,-0.022370555,-0.041545313,-0.013315806
67084747776546,-0.018642128,-0.05273059,-0.010652645
67084755711116,-0.0127831735,-0.04527374,-0.0063915867
67084763706722,-0.0063915867,-0.036218993,-0.004261058
67084771610774,5.326322E-4,-0.021837922,-0.0026631611
67084779514827,0.002130529,-0.011717909,-0.0037284256
67084787418880,0.004261058,-0.007456851,-0.004261058
67084795353450,0.007456851,-0.007456851,-0.00479369
67084803226985,0.00958738,-0.014913702,-0.0037284256
67084811100521,0.00958738,-0.022370555,-0.0010652645
67084818974056,0.011717909,-0.020240024,-0.0015978967
67084826969661,0.015978966,-0.020772656,5.326322E-4
67084834904232,0.015978966,-0.011717909,0.0
67084842838802,0.015446335,-0.0010652645,0.002130529
67084850712337,0.01917476,0.016511599,0.004261058
67084858585872,0.022370555,0.0314253,0.0058589545
67084866520442,0.018642128,0.04261058,0.0026631611
67084874455013,0.019707393,0.041012682,5.326322E-4
67084882359066,0.018642128,0.041012682,0.0010652645
67084890263118,0.016511599,0.03195793,0.002130529
67084898167171,0.015978966,0.013315806,0.0031957934
67084906162776,0.014913702,0.0015978967,0.004261058
67084914066829,0.013315806,-0.008522116,0.004261058
67084922001399,0.010120012,-0.013315806,5.326322E-4
67084929874935,-0.2066613,-0.09427591,-0.00958738
67084937778987,-0.0026631611,-0.11451593,-0.034088463
67084945744075,0.010120012,0.08468852,0.007989483
67084953709163,-0.0037284256,0.020240024,0.0037284256
67084961582698,0.010652645,-0.0127831735,-0.00958738
67084969456233,0.042077947,0.0127831735,0.011185277
67084977360286,0.06391586,0.022370555,0.014913702
67084985355892,0.043675844,-0.0053263223,0.010120012
67084993290462,0.021837922,-0.016511599,-0.0015978967
67085001225032,0.019707393,0.004261058,-0.0026631611
67085009098567,0.019707393,0.013848438,-0.0058589545
67085017002620,0.015978966,0.013848438,-0.0058589545
67085024906673,0.018109497,0.00479369,-0.00479369
