66414416694462,0.031974196,0.19915676,0.061981916
66414424629032,0.049769998,0.2838421,0.09407306
66414432563603,0.040959477,0.25368977,0.09178829
66414440467655,0.02252984,0.18142605,0.063737154
66414448432743,0.008968115,0.08118439,0.022739649
66414456275761,3.2687187E-4,0.003829956,8.814335E-4
66414464149296,-0.004083693,-0.06937981,-0.013662338
66414472022831,-0.004919827,-0.11207485,-0.020266056
66414479926884,-0.0075915754,-0.16339684,-0.023423672
66414487861454,-0.008253872,-0.1517992,-0.01898098
66414495734989,-0.0065786242,-0.1268301,-0.015126824
66414503639042,-0.0033930838,-0.07237148,-0.008561134
66414511512577,-7.741749E-4,-0.021821976,-0.003131032
66414519447148,-0.0017854273,-0.07086754,-0.008183718
66414527381718,-0.0018412769,-0.10779762,-0.007311523
66414535285771,-7.297769E-4,-0.13188076,-0.01090759
66414543159306,-0.0010301471,-0.088456154,-0.009159088
66414551032841,-0.0026684105,-0.12885666,-0.012205958
66414558906376,-0.0069229603,-0.16540718,-0.009214401
66414566840947,-0.007466793,-0.13345623,-0.00882417
66414574744999,-0.0076313615,-0.1253624,-0.010050774
66414582710087,-0.009101629,-0.13287354,-0.0040944517
66414590614140,-0.0069175363,-0.10474205,0.001368925
66414598518193,-0.003652662,-0.08963299,7.25016E-4
66414606452763,-0.0024831593,-0.107572556,0.002346173
66414614356816,-0.0013630688,-0.06312275,0.001142621
66414622291386,-0.0014970005,-0.035634995,5.696118E-4
66414630195439,-0.0018287897,-0.02454567,-2.9815733E-4
66414638068974,-0.001731813,-0.017893791,-4.7788024E-4
66414646003544,0.0015759468,0.013848305,3.156066E-4
66414653877079,-0.0027045012,-0.025644302,-4.962534E-4
66414661811650,-0.006936431,-0.06273365,-1.4187396E-4
66414669715702,0.003083706,0.027141571,-1.9581616E-4
66414677589238,0.016686797,0.14680004,-0.001654096
66414685554325,0.02054727,0.18610191,0.004138306
66414693427861,-0.0011305809,-0.008935928,-4.5087934E-4
66414701392948,-0.009935379,-0.06718445,-0.0047820807
66414709266484,0.0055247545,0.035280228,0.0030754805
66414717140019,0.011219382,0.07251167,0.008384943
66414725074589,0.0043315887,0.02579689,0.0024284124
66414732978642,0.014110327,0.078287125,0.004939139
66414740943730,0.032381535,0.17757893,0.005281985
66414748847782,0.03095746,0.17549038,0.005458802
66414756721318,0.029613495,0.16484928,0.006797105
66414764716923,0.032127142,0.17539978,0.010724843
66414772590458,0.014644027,0.08050728,0.004485309
66414780555546,0.007765889,0.041853905,0.0021397173
66414788429081,-0.0032258034,-0.01863861,-0.001342535
66414796302616,-0.01202333,-0.085121155,-0.0063712597
66414804206669,-0.012668014,-0.114458084,-0.009680569
66414812080204,-0.0070408583,-0.069431305,-0.003474325
66414819984257,0.0064170957,0.071632385,0.004077673
66414827857792,-0.003881365,-0.07628441,-0.0037044883
66414835731327,0.009910047,-0.17248249,-0.021811008
66414843665898,7.541068E-4,-0.23233509,-0.0071442723
66414851569950,0.004037231,-0.29671955,-0.014205128
66414859535038,9.2244893E-4,-0.09411335,-0.0048921704
66414867408573,-5.645007E-4,-0.026302338,-0.0026151538
66414875312626,-0.004549861,-0.12596226,-0.013041139
66414883308232,-0.008340895,-0.17280197,-0.030482173
66414891212284,-0.0041519403,-0.07301235,-0.01810813
66414899055302,0.059280753,0.44797802,0.13062286
66414906959355,0.32243276,1.3971024,0.47518158
66414914863407,0.41149354,1.7652073,0.7860553
66414922828495,0.22090495,1.42871,0.85491705
66414930702030,0.0531964,1.170001,0.81374073
66414938667118,-0.076873034,1.3158789,0.9197359
66414946571171,-0.0675177,1.7908621,1.0912342
66414954475224,0.0652045,2.6351814,1.3073664
66414962440312,0.60897124,3.9860668,1.5027165
66414970313847,1.516083,5.6599846,1.8062222
66414978187382,1.7421339,5.3786535,1.0640403
66414986060917,1.5005555,3.7006779,0.35013008
66414993934452,1.2439728,2.903553,0.1412589
66415001869023,0.51018095,1.5701084,-0.31093836
66415009742558,0.32838964,1.3835659,-0.76162434
66415017707646,0.21846199,1.5194688,-1.1415558
66415025611698,0.0877493,1.6031857,-1.3687668
66415033546269,0.1115447,2.3182168,-2.2149296
66415041480839,0.003410101,2.0936565,-1.3738594
66415049354374,-0.03465438,0.5506096,-0.29127073
66415057288945,0.0030509233,-0.026818275,0.011992693
66415065192997,0.04151082,-0.22881317,0.10861778
66415073066532,-0.009571791,0.08545303,-0.049015522
66415081031620,-0.0038706958,0.07480049,-0.042742252
66415088905155,0.007573068,-0.30227184,0.14789963
66415096870243,-0.0035714358,-0.16701603,0.07820797
66415104774296,0.030219078,0.2995329,-0.14703989
66415112678349,0.106533766,0.49567032,-0.23909616
66415120643437,0.14881968,0.44835377,-0.1892147
66415128516972,0.1407752,0.34289742,-0.095709324
66415136451542,-0.059864998,-0.12421608,0.009621143
66415144386113,0.22910357,0.42742825,-0.22860765
66415152259648,0.7260847,1.294035,-0.7563181
66415160224736,0.49262428,0.9794674,-0.34785032
66415168159306,0.3072815,0.6583433,-0.13401425
66415176124394,0.38885355,0.7098112,-0.08735037
66415183997929,0.84208775,1.3155966,-0.13231826
66415191901982,1.0356054,1.3642154,-0.1965257
66415199836552,0.7324872,0.8343172,-0.14674544
66415207740605,0.21207142,0.23183298,0.10326314
66415215705693,-0.387882,0.6625773,-3.6676702
66415223609745,0.2763402,3.4219136,-2.6612425
66415231483280,-0.47032738,0.77585316,-0.20817852
66415239387333,-0.728153,1.6737714,-2.2411413
66415247291386,-0.47202516,1.114367,-1.1442542
66415255256474,0.21939468,-0.63489485,0.37832546
66415263130009,0.17114902,-0.6702423,0.4766636
66415271003544,0.2020489,-1.1900625,1.0779223
66415278968632,0.2829194,-2.7475324,1.58021
66415286842167,-0.26992005,-2.6022348,1.2246423
66415294807255,-0.96416354,-2.2408109,1.0558622
66415302711308,-1.9878116,-2.965106,-0.40559083
66415310615361,-0.048403263,-0.24324512,0.242805
66415318549931,-0.5820843,2.472402,-1.8490739
66415326423466,-1.2405496,2.1566634,-1.1001682
66415334297001,-1.5878782,1.7199197,-0.8935795
66415342201054,-2.0965972,1.8016543,-0.774771
66415350105107,-1.697226,1.8264356,-0.118038565
66415358100712,-0.74604416,1.2985973,0.0034884643
66415365943730,-0.09306204,1.7279377,-0.06395605
66415373908818,0.612275,3.6682987,-0.7996385
66415381812870,0.85841775,5.010805,-1.5527244
66415389747441,0.20705903,4.398982,-1.4824908
66415397682011,-0.33959472,1.828618,-0.92833614
66415405555546,-0.45712638,0.8610797,-0.7303963
66415413429081,-0.49714327,0.9337249,-0.87492657
66415421302616,2.5344071,2.1929135,-0.97592735
66415429176152,5.038254,3.4523568,-0.2799616
66415437141239,6.5166893,3.5476828,0.97420835
66415445045292,6.9654255,2.7680058,2.7497694
66415453010380,6.5230393,2.303493,3.9394846
66415460883915,5.99059,2.7277288,3.5590305
66415468787968,4.9381776,3.0638628,3.1151438
66415476722538,3.6468015,3.1693516,3.2274039
66415484596073,2.9696584,3.315364,2.8933904
66415492561161,2.704255,3.2563791,2.1541843
66415500465214,2.5054226,3.1081939,1.3929529
66415508308232,2.0390863,3.0066319,1.0591493
66415516242802,1.9657822,3.1905675,1.0799279
66415524146855,2.724623,3.2500672,1.1086664
66415532111943,3.2907357,3.1830778,0.9784336
66415539985478,3.7856708,3.0055685,1.2320557
66415547889530,4.0438824,2.6981297,1.3913369
66415555885136,4.0034537,2.65899,1.6255498
66415563758671,3.679256,2.7083092,2.1051373
66415571662724,3.386149,2.7580476,2.4097223
66415579536259,2.9392087,2.7536526,2.7400668
66415587409794,2.8490453,2.8081107,2.8353407
66415595344364,2.751358,2.8695378,2.66436
66415603248417,2.5302162,2.7751846,2.413341
66415611213505,2.3104434,2.6205316,2.4352317
66415619087040,2.4390917,2.3987446,2.4551444
66415626930058,2.5141633,2.2318134,2.496829
66415634925663,2.9051561,2.2535481,2.771342
66415642799198,3.0626044,2.2531896,3.3556905
66415650764286,3.111207,2.2313318,3.5202024
66415658637822,3.1831563,2.0447268,3.5126936
66415666511357,3.1898494,1.9496307,3.4098763
66415674445927,3.043172,1.8289809,3.3387547
66415682349980,2.8308668,1.6907468,2.8313293
66415690315068,2.7260466,1.6499562,2.3950436
66415698219120,2.6430748,1.6796417,2.533234
66415706123173,2.6785088,1.7359905,2.926369
66415714118779,2.8151152,1.7625604,3.0347688
66415721992314,3.0421557,1.8355851,3.3923724
66415729957402,3.3661695,1.7462664,3.5472455
66415737830937,3.6856332,1.7683458,3.5270915
66415745765507,3.7650614,1.6933856,3.4829001
66415753700077,3.7793388,1.802259,3.1258764
66415761604130,3.6752582,1.972435,3.156314
66415769569218,3.457456,2.1890483,3.5536237
66415777442753,3.0975115,2.3716497,3.741032
66415785316288,2.7557373,2.3858056,4.1012344
66415793250859,2.8266218,2.3345442,4.325748
66415801124394,2.8808372,2.3861885,4.293688
66415809089482,2.9491518,2.5365806,4.1209393
66415816963017,2.7826986,2.8214316,4.2501698
66415824836552,2.5988271,3.2573032,4.061225
66415832771122,2.4245143,3.796733,4.0045342
66415840675175,1.9928437,3.594689,3.9121947
66415848579228,1.9249187,3.3206038,4.0843034
66415856452763,2.642307,4.166807,4.4193406
66415864326298,3.9267662,5.420485,4.762582
66415872260868,3.749564,5.111102,5.557942
66415880134404,2.4782016,3.937696,5.896251
66415888099491,2.019006,3.8064194,6.127623
66415895973027,2.1362944,4.3558607,6.089145
66415903846562,2.0553348,4.7031837,5.93013
66415911781132,2.108665,4.889236,6.40007
66415919654667,2.135573,5.145887,6.636045
66415927558720,2.1874702,5.5224323,6.301532
66415935432255,2.0838797,6.029303,5.598981
66415943305790,1.6168083,6.6198573,5.0669622
66415951240361,1.2246125,6.9135857,4.260172
66415959144413,1.461082,7.1558576,3.7313247
66415967109501,1.8480227,7.462236,3.6006935
66415975013554,1.571408,7.2346635,3.8098354
66415982917607,2.9869032,6.46689,4.8064184
66415990882695,2.145576,4.3339305,7.8738985
66415998756230,3.036729,1.9649782,9.315425
66416006721318,4.925206,0.38721895,7.0563545
66416014594853,7.5414762,-0.076042175,-0.3748002
66416022468388,7.5676365,-0.7518716,-8.305748
66416030402958,3.034071,0.8305297,-10.167098
66416038276493,0.7941742,3.0050578,-6.9415765
66416046150029,-0.76098776,2.3803983,-2.2172322
66416054023564,-2.2059639,1.985579,-0.063539505
66416061897099,-2.5098636,0.88259315,4.0621557
66416069831669,-1.6530168,-0.5153823,3.9104526
66416077735722,-0.57896805,-0.46079588,1.299025
66416085700810,0.057011127,-0.5686312,-0.16551447
66416093574345,0.6418892,-1.0543251,0.21393013
66416101447880,0.8386378,-1.2367887,2.0417
66416109351933,-0.10113919,-1.4278102,2.4529533
66416117255986,0.16202247,-1.6728859,2.059053
66416125129521,0.6298902,-1.6739454,0.21629524
66416133003056,0.97837484,-1.2521887,-0.16722012
66416140876591,0.28138494,-1.1535482,0.8145819
66416148811161,-0.3800453,-1.2709875,1.2560697
66416156684697,-0.70394516,-1.3387518,1.1741214
66416164619267,-0.8064232,-1.2692285,0.44356155
66416172523320,-0.70189416,-1.1339278,0.14669418
66416180427372,-0.5782665,-1.0899854,-0.107758045
66416188361943,-0.4920509,-1.1778965,-0.25988054
66416196235478,-0.3166542,-1.2775669,-0.8096199
66416204200566,0.004360199,-1.1538901,-1.0734215
66416212074101,-0.09568703,-1.2979827,-0.81208324
66416219947636,-0.22599113,-1.4099894,-1.1237822
66416227882206,-0.008106828,-1.0761461,-1.6311443
66416235786259,0.19342619,-0.83244705,-2.075425
66416243690312,0.61382693,-0.6777544,-2.501458
66416251563847,0.8406898,-0.6693258,-2.6474707
66416259437382,1.3576152,-0.33789253,-2.656724
66416267402470,1.7108684,0.1272316,-2.3811443
66416275276005,1.7994328,0.42050457,-3.0182643
66416283241093,1.6262867,0.23033524,-1.7257576
66416291114628,-3.0081823,-2.9342427,-6.268119
66416298988163,0.24079669,2.5663776,-14.0074005
66416306892216,-2.8282344,0.5914669,-2.3129287
66416314765751,-1.5744784,-3.3242087,-2.285115
66416322669804,-3.100533,-3.3699822,-3.953689
66416330573857,-2.7629774,-2.5201716,-2.0074902
66416338447392,-1.0162857,-1.6445885,-1.5930785
66416346412480,0.7967607,-1.3287334,-2.984682
66416354347050,1.4932077,-1.5877762,-2.5384283
66416362281620,1.9471691,-1.4299974,-1.7630334
66416370155155,2.7186007,-0.94394016,-2.047398
66416378059208,3.0881267,-0.7325449,-2.0889122
66416386024296,2.6683745,-0.89865494,-2.0008888
66416393928349,1.6858784,-0.9628258,-1.8275524
66416401832402,0.53774375,-0.73076344,-2.2710974
66416409705937,-0.8038553,-0.43464565,-3.223233
66416417579472,-2.4718595,-0.6062584,-3.4749415
66416425544560,-3.89075,-1.2961082,-3.617321
66416433448613,-4.345204,-2.1426377,-4.230793
66416441413700,-3.573772,-2.758254,-3.9511662
66416449287236,-2.42913,-2.8558936,-3.2254572
66416457191288,-1.3594904,-2.4496093,-2.9042606
66416465186894,-0.21036154,-2.0567498,-2.3171608
66416473029911,0.7635063,-1.9671187,-1.3010488
66416480964482,1.1534941,-2.0538096,-0.24001837
66416488868534,1.0281346,-2.0392709,1.2255623
66416496742070,0.7304569,-1.670332,2.7365167
66416504676640,0.34198362,-0.4900751,3.6699476
66416512611210,-0.3092752,1.2626553,5.7728405
66416520576298,-1.7110872,2.2221727,8.31308
66416528419316,-3.6941364,1.354106,6.6820507
66416536323368,-5.3596783,1.5409613,-0.74578476
66416544288456,-4.1470785,4.6361666,2.7649534
66416552161991,-3.2417924,4.9176054,1.0629393
66416560096562,-0.17699438,5.2418013,-5.9586573
66416568031132,1.8874565,6.1393223,-4.0380163
66416575874150,4.6475577,4.9004774,0.85077953
66416583839238,4.9494395,2.6446447,-3.1108127
66416591773808,3.148948,-0.2390213,-4.188674
66416599708378,0.74429864,-3.607038,-4.523283
66416607581913,-4.3778725,-4.89514,-5.062133
66416615455448,-6.776581,-2.6141372,-4.874893
66416623451054,-5.204405,-0.024308205,-3.3625257
66416631324589,-2.2889612,1.3094835,-1.7797112
66416639289677,-0.38618338,1.5344906,0.28390718
66416647193730,1.2864345,1.2228909,1.3904846
66416655067265,3.9027097,1.0674076,2.6648493
66416663032353,6.5354657,1.0698624,3.968339
66416670905888,8.257313,0.92179775,4.4957414
66416678870976,7.910546,0.4088564,3.811583
66416686775029,6.027055,-0.01719284,1.5820495
66416694679081,4.038278,0.15589428,0.18748927
66416702613652,1.368162,0.42474365,-0.3454833
66416710487187,-1.6434356,0.5927706,-0.83282566
66416718421757,-3.9110456,0.1674738,-1.332422
66416726356327,-4.239087,-0.29109478,-0.36702418
66416734260380,-2.5242054,-0.15363026,1.2260805
66416742194950,-0.051752687,0.3091879,2.4020345
66416750068486,1.778554,0.4926815,3.7785625
66416757972538,3.194812,0.36267757,4.895851
66416765846073,3.951277,0.12499428,4.6526947
66416773719609,3.5001788,0.14900303,3.683275
66416781654179,2.3058987,0.25021362,3.0886595
66416789527714,0.84545803,0.13913345,2.3933334
66416797462284,-0.055711657,-0.030546188,1.4864933
66416805305302,-0.65682316,-0.06495571,1.1272051
66416813239872,-0.742901,-0.074790955,0.9904597
66416821204960,-0.29501083,-0.03327465,0.9769342
66416829109013,0.31890023,0.07148075,1.0549598
66416837013066,1.047832,0.19130898,1.1227939
66416844917118,1.4193559,0.16313553,1.0811684
66416852790654,1.6347611,0.056602478,0.8730948
66416860755741,1.5140812,0.101662636,0.41263556
66416868629277,1.4289392,0.32453346,0.010710478
66416876563847,1.0912617,0.4782076,-0.1086843
66416884467900,0.7429738,0.56101036,-0.28825307
66416892371952,0.4086179,0.41200924,-0.40973854
66416900337040,0.1113064,0.3471365,-0.3057983
66416908210575,0.04998657,0.30614948,0.04886365
66416916114628,0.30030775,0.2650051,0.39296436
66416923988163,0.4783388,0.33599854,0.77857304
66416931861698,0.9290537,0.38990784,1.0956945
66416939826786,1.1771835,0.37865257,1.5928898
66416947730839,1.2291212,0.32863903,1.772413
66416955665409,1.2185388,0.29990673,1.7425151
66416963538945,1.1324592,0.2924614,2.0395935
66416971412480,1.086571,0.35721493,1.9325297
66416979347050,1.1819972,0.6312227,1.5711322
66416987251103,1.1777575,0.8295355,1.3478808
66416995185673,1.2183672,0.9275446,1.5867994
66417003089726,1.2952362,0.86873627,1.4783354
66417010993779,1.3077607,0.9806843,1.5960398
66417018958866,1.2366501,1.0983324,1.6719818
66417026832402,1.1611983,1.1806965,2.110076
66417034705937,1.038169,1.3023129,2.0657694
66417042579472,0.79143417,1.4585991,2.204945
66417050483525,0.42229456,1.2091045,2.4271483
66417058479130,0.19525427,0.90802,2.633711
66417066383183,0.30837357,1.1571693,2.816574
66417074348271,0.42280602,1.7122288,2.6473486
66417082252323,0.38803166,1.9610958,2.675622
66417090156376,0.33417732,1.8015432,3.3002489
66417098151982,0.6996163,2.3530188,3.2882538
66417106056034,2.480491,4.2460346,2.6675324
66417113990605,3.6681576,5.3378334,3.6218495
66417121864140,1.8601589,4.0045853,4.0217085
66417129737675,-0.22151536,2.7901793,3.4467149
66417137672245,-1.05512,2.8523216,4.6194835
66417145576298,-1.5984571,3.394537,4.2256994
66417153541386,-2.219719,4.1503897,3.2529926
66417161414921,-2.6714916,4.8189344,3.2708035
66417169288456,-2.7613282,5.266164,2.9855282
66417177223027,-2.455216,5.826007,2.2818065
66417185127079,-2.1160295,6.4820404,2.2861311
66417193031132,-1.9875335,6.663871,3.288442
66417200904667,-1.3229468,6.259094,3.1708045
66417208778202,0.6500491,5.8858933,3.848089
66417216712773,1.8310864,5.211803,7.096575
66417224586308,4.085162,4.0430765,8.779414
66417232551396,5.412408,2.3987827,11.489243
66417240455448,7.198962,0.5802951,10.397127
66417248359501,9.22216,0.6913538,2.9688404
66417256324589,9.949068,0.50452566,-6.010782
66417264198124,5.547947,0.13007832,-9.350251
66417272132695,2.2800064,2.9442916,-3.404611
66417280006230,-1.1940484,3.5360246,0.067165375
66417287879765,-4.8510423,2.0044737,-0.63300467
66417295844853,-6.8735704,0.07895279,-1.6406708
66417303718388,-6.4169207,-0.07179546,-4.416314
66417311652958,-4.4545693,1.0420413,-0.96227837
66417319557011,-4.146674,-0.23489618,3.186691
66417327522099,-3.1924767,-1.8185625,2.7631688
66417335487187,-0.7971219,-1.8474064,1.489646
66417343391239,0.9975588,-1.2860351,1.1156359
66417351234257,1.54548,-1.0500312,1.6265152
66417359138310,1.6712139,-1.3064566,2.1442413
66417367042363,1.9240601,-1.3108778,2.1677034
66417375007450,2.0099325,-1.0364466,1.7037587
66417382880986,1.8069901,-0.7461057,1.1738675
66417390815556,1.4629464,-0.49582386,0.6362076
66417398689091,1.1483482,-0.29041767,0.33270264
66417406562626,0.51628834,-0.21975994,0.017339945
66417414497197,-0.0921461,0.010719299,-0.46700788
66417422370732,-0.565275,0.30316353,-1.3018553
66417430335820,-1.041363,0.649354,-2.598384
66417438178837,-1.238631,0.86284065,-3.188496
66417446052372,-1.3145983,1.0005503,-3.2698991
66417453986943,-1.1999946,1.2456169,-3.5566943
66417461890995,-1.0883561,1.4888191,-3.2493038
66417469856083,-1.5171392,1.3650312,-3.3299887
66417477729618,-1.5272574,1.4055271,-4.245831
66417485633671,-0.9595382,1.669383,-4.7288814
66417493629277,-0.6620152,1.8350725,-5.226904
66417501502812,-0.38450497,2.0312033,-5.7888784
66417509467900,0.28376287,2.4845314,-5.3893557
66417517341435,0.37638533,2.435567,-5.474517
66417525245488,0.40397364,1.8351059,-6.09035
66417533241093,0.58532095,1.2115917,-5.36383
66417541114628,0.69166005,0.30025578,-5.2944484
66417549049198,0.9689789,-1.5136862,-4.0585585
66417556953251,-4.3253865,-4.905158,-3.8888617
66417564857304,-2.9877994,-6.0222225,-7.211348
66417572822392,-1.0274898,-4.4776573,-7.078372
66417580695927,-0.43199265,-2.8112202,-5.1128874
66417588661015,1.1589885,-1.8365307,-3.7328656
66417596565068,2.8032398,-2.7315512,-2.1315322
66417604469120,4.136275,-4.421799,-1.0946484
66417612434208,5.652696,-5.3304267,-1.6267405
66417620307743,6.2713304,-5.4345646,-1.244735
66417628150761,5.8341284,-4.92924,-1.8093833
66417636024296,4.5012364,-4.1284566,-4.61706
66417643928349,0.3694278,-3.37074,-8.265929
66417651862919,-3.254005,-1.9990287,-8.91026
66417659766972,-5.7759857,-1.9215121,-9.156987
66417667732060,-5.9074364,-1.3826838,-8.880651
66417675605595,-3.5047286,-1.532526,-6.565902
66417683509648,-0.22431761,-2.1858153,-4.1739836
66417691444218,2.8072572,-2.9803681,-4.016733
66417699348271,7.030815,-2.6370392,-3.1526535
66417707221806,9.8730755,-2.0437012,-2.3142788
66417715095341,9.932009,-1.8679938,-2.3033624
66417722999394,8.098322,-2.1240683,-3.751352
66417730933964,3.9284918,-2.9616451,-6.699994
66417738807499,0.83351535,-2.6295629,-7.009407
66417746742070,-2.5090392,-1.8767352,-6.7180357
66417754615605,-5.602514,-1.0202866,-6.3164444
66417762489140,-6.7159467,-1.023057,-6.6725063
66417770423710,-5.3399777,-2.0906234,-9.477017
66417778327763,-1.8859515,0.69727135,-6.5193253
66417786262333,-3.424572,9.039461,1.9661094
66417794166386,-10.426769,13.481669,13.855568
66417802070439,-17.145542,13.295071,15.746487
66417810066044,-16.758926,13.923605,7.2113576
66417817970097,-12.660222,9.324856,-0.9371476
66417825935185,0.16693097,1.4961491,4.1618834
66417833778202,6.9756126,-4.2981687,4.9921002
66417841682255,2.1644192,-5.089619,3.7608418
66417849677861,0.915378,-2.7723217,-8.186932
66417857551396,-1.619711,2.0256176,-11.941748
66417865485966,-6.113424,4.983307,-10.956859
66417873359501,-8.55571,2.7812138,-6.4922924
66417881233036,-7.56917,-1.5148201,-3.8849542
66417889198124,-5.8041,-3.098249,-3.793149
66417897071659,-4.3395004,-1.927269,-2.9474254
66417905006230,-1.3263783,-0.02311325,-0.32961535
66417912879765,-0.42941812,1.5799351,1.0596261
66417920753300,0.82929564,2.364502,1.4429312
66417928687870,2.4086092,2.1328573,2.8609006
66417936561405,3.9410658,1.6424017,4.3312945
66417944526493,4.9714704,0.77348804,4.390457
66417952430546,5.715703,-0.021749496,3.389547
66417960334599,4.8078985,-0.3537922,2.0762374
66417968299687,3.2599964,0.07556248,0.3963368
66417976203739,1.1825535,1.072793,-0.9443159
66417984168827,-1.5617852,1.7155437,-1.643538
66417992011845,-4.419429,1.4374838,-1.0580468
66417999885380,-5.8317914,0.4967327,-0.28113413
66418007880986,-4.805283,0.06069374,0.1927042
66418015754521,-2.528026,0.68344116,0.23943138
66418023689091,-0.7283429,1.1549883,0.73843193
66418031562626,1.0421607,1.2067776,1.5411525
66418039436161,2.3267162,0.9896164,2.2209678
66418047370732,2.934798,0.90789795,2.4083488
66418055244267,2.8081632,0.8916273,2.4348724
66418063117802,1.8720539,0.80963326,1.9789121
66418070991337,1.010734,0.88971996,1.8343661
66418078864872,-0.12545708,0.94267464,2.0068088
66418086799443,-1.2176658,0.82026386,2.4447956
66418094672978,-1.9090047,0.5354328,2.4110756
66418102607548,-2.1849113,0.31830978,2.571908
66418110481083,-1.621379,0.13298225,3.101687
66418118354618,-1.0138538,0.017970085,3.4233553
66418126289189,-0.036930114,0.110604286,3.121479
66418134162724,0.92078125,0.33654118,2.7122478
66418142127812,1.5815479,0.53530216,2.0420818
66418150001347,1.694252,0.6279993,1.4632504
66418157844364,1.5607796,0.5827255,0.9812896
66418165778935,1.0621578,0.50956726,0.6754379
66418173652470,0.4988348,0.46630287,0.3791449
66418181556523,-0.22086334,0.51058674,-0.019285679
66418189430058,-0.47824824,0.75383663,0.6294706
66418197303593,-0.4041586,0.7025137,0.94279313
66418205268681,0.0024225712,0.65613174,1.2253685
66418213111698,0.14326015,0.67273426,1.1407974
66418221046269,0.22302341,0.83756924,1.2927337
66418228919804,0.14491057,0.9349823,1.8437438
66418236823857,0.24538696,1.0707159,1.6979749
66418244758427,0.30970716,1.2024612,1.6519225
66418252631962,0.3232979,1.3417397,1.728564
66418260566532,0.22929478,1.4189138,2.1333864
66418268440068,0.1978285,1.3580065,2.2714593
66418276313603,0.2755302,1.254488,2.2018907
66418284278691,0.37893853,1.1925411,2.413831
66418292182743,0.5890286,1.2224894,2.6941886
66418300147831,0.7208032,1.3302116,2.6123657
66418308021366,0.77429336,1.3676596,2.6622577
66418315894902,0.5717764,1.2696857,2.7494335
66418323829472,0.60191846,1.2884016,2.6716814
66418331733525,0.6951675,1.3064728,2.7903833
66418339668095,0.49023238,1.1614466,2.6966665
66418347572148,0.041674074,1.0452223,2.8842201
66418355445683,0.13585605,1.9505167,2.7910664
66418363410771,1.404593,4.313899,1.8750396
66418371314823,3.728417,6.20459,4.149976
66418379249394,0.40133303,3.4057007,4.753566
66418387153447,-1.5742213,1.9837494,3.4135406
66418395057499,-1.572489,2.1530113,6.6521106
66418403053105,-1.74977,2.8290567,5.5526047
66418410926640,-1.6641116,3.9642372,4.403926
66418418861210,-1.351988,4.431985,5.4970813
66418426734745,-1.1913848,4.7420263,5.6466103
66418434608280,-0.97026366,5.248438,4.7783017
66418442573368,-1.1688421,5.2816257,4.613493
66418450446904,-1.1922604,4.837616,5.063707
66418458289921,-0.5374012,4.5397663,5.7366614
66418466163456,0.7214406,4.56476,5.598569
66418474036991,2.0623937,4.586372,5.623472
66418481971562,3.452327,3.9494905,6.004127
66418489875614,4.8392887,3.027197,5.7022514
66418497810185,5.338315,1.8164673,6.5845304
66418505714238,4.5391803,0.14326906,5.004512
66418513618290,5.320121,0.12581158,-1.3540483
66418521583378,6.1973286,2.76271,-8.580717
66418529456913,5.5655622,3.518961,-10.206812
66418537330448,1.5108483,1.7069707,-4.7158194
66418545203984,-1.420018,1.4093189,-3.4858456
66418553077519,-2.818843,1.9718385,-3.0405664
66418561012089,-4.2874775,1.2072129,-1.6268396
66418568885624,-4.9975863,-0.059172153,-0.8412099
66418576850712,-5.0101743,-0.5688286,-0.48280144
66418584754765,-4.6355066,-0.6491723,1.090435
66418592658818,-4.074648,-1.277803,1.9786558
66418600623905,-2.8705053,-1.5258803,0.9087305
66418608497441,-1.4038649,-1.5261784,0.18539572
66418616432011,0.01722294,-1.521831,0.16608
66418624336064,0.9752666,-1.4661107,0.5351391
66418632209599,1.3717265,-1.7081075,1.6715384
66418640205204,1.8763094,-2.1429944,2.5526378
66418648078739,2.77919,-2.1015415,2.4307582
66418656043827,2.800883,-1.7542715,1.4085822
66418663917363,2.73809,-1.529347,1.5536149
66418671790898,1.9007202,-1.6098881,2.0347407
66418679725468,0.84821403,-1.5669446,1.8640893
66418687599003,-0.10669309,-1.480586,1.2905316
66418695564091,-0.6024977,-1.2053471,0.23097515
66418703437626,-0.66246206,-0.81516695,-1.1897888
66418711341679,-0.8791879,-0.5196285,-1.8371344
66418719276249,-1.2634187,-0.20119762,-1.9229498
66418727210820,-1.6945549,0.073978424,-2.0117722
66418735084355,-2.208517,0.20693302,-2.4834285
66418742988407,-2.6381872,0.27969837,-2.7711368
66418750892460,-2.9914286,0.12965107,-3.4370322
66418758827030,-3.2394996,0.28444386,-4.607134
66418766700566,-3.6450367,0.5791712,-4.8930297
66418774665654,-3.8840244,0.783947,-4.797658
66418782569706,-3.7112098,0.93442154,-5.1335087
66418790473759,-3.3482926,1.1780596,-5.143489
66418798408329,-2.7793655,1.4521923,-5.1126785
66418806312382,-2.7983556,1.4746294,-4.732923
66418814185917,-2.672062,0.6396818,-4.468478
66418822089970,-1.4744804,-0.44205284,-4.23941
66418829994023,0.28289926,-0.78721523,-3.7818854
66418837989628,1.3903377,-0.28659916,-3.498192
66418845893681,1.5435988,0.4839487,-2.8887663
66418853828251,0.884727,0.871335,-3.5628462
66418861732304,0.45323777,0.677886,-3.629397
66418869636357,-0.5346575,-0.4778614,-3.9702606
66418877601445,-1.231608,-1.5002346,-4.523807
66418885505497,-1.4279435,-2.0640607,-4.4523463
66418893409550,-1.3826629,-2.5979104,-2.715745
66418901252568,-1.014187,-3.2399607,-2.2470088
66418909156620,-3.415114,-5.56082,-2.6581097
66418917091191,-3.395207,-4.2629604,-7.3247676
66418924964726,-4.1440067,-3.3411713,-1.3530247
66418932899296,-2.0168064,-6.0233345,-1.090368
66418940803349,0.48598754,-5.617656,-1.7747368
66418948707402,3.2212224,-4.5101094,-2.1059833
66418956703007,5.820675,-3.2740102,-3.51732
66418964607060,6.456794,-3.0698023,-4.6609507
66418972480595,6.0303674,-3.6356769,-5.7226973
66418980354130,4.7406387,-3.8360672,-5.584656
66418988227665,2.2847433,-3.896061,-6.054741
66418996192753,-0.43749034,-2.6058364,-7.7198315
66419004066288,-3.4285161,1.7154856,-7.5199246
66419012031376,-6.086455,12.666672,2.7495723
66419019904911,-13.316606,21.751842,21.520805
66419027778447,-19.180391,16.61353,14.441187
66419035713017,-12.906224,1.2549896,-7.4293494
66419043617070,-12.09105,-8.101329,-15.690315
66419051551640,-12.255594,-13.909092,-11.701453
66419059425175,-11.763947,-7.1017838,-5.4385037
66419067298710,1.1899159,13.689779,-11.854995
66419075233280,1.7697814,17.951733,-9.965619
66419083137333,1.6133732,3.9352589,3.0707526
66419091102421,3.7393556,-4.6159964,-2.3112123
66419098975956,-0.08844924,-7.6772695,-5.1487103
66419106880009,1.968554,-5.913148,-2.661374
66419114814579,4.623848,0.29614067,-3.9216619
66419122718632,2.960447,3.072773,-5.026091
66419130653202,2.0497413,2.5984182,-2.7870207
66419138557255,-2.2616072,0.48259258,-1.3998353
66419146461308,-6.413884,-1.024991,-0.633965
66419154395878,-6.747631,-1.3281431,-1.3124781
66419162330448,-4.4664764,-0.5869751,-1.6490908
66419170203984,-2.1555705,0.45962048,-0.62039304
66419178108036,0.30430734,1.1143808,0.8618343
66419186012089,2.8883696,1.056942,1.2069143
66419193946659,4.4183044,0.66549397,1.8602235
66419201850712,4.803795,0.378788,2.2778463
66419209785282,3.954145,0.3570099,2.19826
66419217689335,2.6742976,0.38238525,1.6002673
66419225593388,1.0769639,0.51224613,0.90666413
66419233558476,-0.46887252,0.58169746,0.4604926
66419241432011,-1.620675,0.47831917,0.19671202
66419249305546,-2.1436646,0.28838634,0.09982538
66419257179081,-1.922529,0.323143,0.13898301
66419265052616,-1.033575,0.62330246,0.5123906
66419272987187,-0.0050684214,0.8583803,1.1132362
66419280921757,0.8643092,0.73614025,1.5280886
66419288856327,1.4603184,0.6369438,1.8387259
66419296760380,1.5844337,0.57054806,1.7291024
66419304664433,1.2767794,0.51540184,1.5247238
66419312660038,0.513857,0.35651588,1.4968086
66419320564091,0.11864251,0.28588963,1.3407114
66419328407109,-0.1958391,0.27731895,1.2108083
66419336280644,-0.43235153,0.41235542,1.1488085
66419344154179,-0.6305051,0.37705803,1.3313825
66419352058232,-0.68548167,0.15498066,1.352205
66419359992802,-0.4998963,0.07663059,1.3789146
66419367927372,-0.06550795,0.15644741,1.4184833
66419375800907,0.36183304,0.36327648,1.5253042
66419383704960,0.66328245,0.36146736,1.6402882
66419391700566,0.8401862,0.3689537,1.7873013
66419399574101,0.80358404,0.40002346,1.8056486
66419407539189,0.8091262,0.33519936,1.6048685
66419415412724,0.50224954,0.32572937,1.4523764
66419423286259,0.18153262,0.33805466,1.223985
66419431251347,0.04439795,0.34116364,1.1956048
66419439124882,-0.007120371,0.41180897,1.1401713
66419447089970,-0.08477789,0.5545044,1.2319105
66419454963505,-0.1764239,0.5678377,1.5514877
66419462837040,-0.16031039,0.52364063,1.7396742
66419470771611,-0.032331705,0.46255875,1.9445803
66419478645146,0.1480214,0.38954067,2.3917131
66419486579716,0.42198038,0.31707287,2.394798
66419494483769,0.686229,0.37718773,2.3735428
66419502387822,0.6870166,0.36127186,2.3774424
66419510352909,0.5735516,0.34630013,2.3380632
66419518226445,0.4326281,0.32516575,2.2173452
66419526069462,0.32730627,0.34560013,2.2520418
66419533942997,0.50897884,0.46784306,2.076648
66419541847050,0.39437342,0.39476967,2.2891827
66419549812138,0.45637012,0.3399868,2.0932689
66419557685673,0.36898732,0.38250828,1.7592268
66419565620243,0.29999036,0.37141418,1.44717
66419573493779,0.16866642,0.17559624,1.2085955
66419581397831,0.26406097,0.3680563,0.35059333
66419589393437,0.14793521,0.8229523,0.64914465
66419597297489,-0.2269345,0.71317005,0.66016436
66419605140507,-0.106345266,0.8773308,0.2434349
66419613044560,-0.19442953,1.0863972,-0.3861513
66419620948613,-0.36595953,1.316246,-0.34065914
66419628913700,-0.23973814,1.8388691,-0.33090782
66419636817753,0.7847785,2.8670187,-0.5947895
66419644752323,0.8869121,3.1534405,0.8791425
66419652656376,-0.6605799,2.1853619,0.94365144
66419660529911,-1.0178686,1.9423704,0.8381357
66419668464482,-1.2563515,2.0706663,2.0726802
66419676338017,-1.2139727,2.3937998,2.0074208
66419684272587,-0.76226014,2.84507,1.4184618
66419692176640,-0.5771292,3.0621958,1.7910523
66419700080693,-0.8156719,2.9629288,2.1469529
66419708045780,-1.2541306,2.9027271,2.1746051
66419715949833,-1.559087,2.8427725,2.2681859
66419723914921,-1.8002272,2.6580162,2.6803846
66419731818974,-1.8063163,2.5123081,2.9650538
66419739723027,-1.5291044,2.4608965,2.957453
66419747657597,-1.0834157,2.3147306,2.9812129
66419755561650,-0.7003703,2.164526,3.2396607
66419763465702,-0.5190227,1.8198509,3.6331182
66419771369755,-0.18539804,1.3504057,3.7050157
66419779212773,0.22741061,1.0416079,3.856431
66419787177861,0.48683518,0.65668106,3.5636818
66419795081913,0.8071184,0.39966583,3.1009004
66419803016484,1.149401,0.23783112,2.52695
66419810920536,1.465912,0.07879162,1.8648212
66419818824589,1.8514512,-0.07071257,1.1187596
66419826789677,2.14965,0.0055646896,0.20127583
66419834663212,2.1429906,-0.08305836,-0.94602156
66419842597782,1.9272143,-0.059878826,-2.1787825
66419850471318,1.435852,0.013180733,-2.4734898
66419858314335,0.6678636,0.13541603,-3.1275158
66419866248905,0.3242466,0.64084816,-3.518858
66419874091923,-0.12859601,0.5673194,-2.522019
66419881965458,-0.9691858,-0.15908718,-0.96572256
66419889838993,-1.4018555,-0.6764488,-0.5888438
66419897712529,-1.4905761,-0.81686926,-1.2230515
66419905677616,-1.2855582,-0.43116665,-1.8754306
66419913551152,-1.460053,-0.65840626,-1.3549013
66419921485722,-1.397247,-0.9424958,0.33130598
66419929359257,-1.3477111,-1.5698538,1.3406138
66419937263310,-0.43347847,-1.6828842,0.797462
66419945167363,0.39359546,-1.6216145,0.27651596
66419953071415,0.9868986,-1.6577401,-0.059795856
66419960975468,1.525774,-1.5995235,0.07883263
66419968849003,1.96242,-1.6305156,0.73461723
66419976692021,2.4151478,-1.7902489,1.1984103
66419984687626,2.7894807,-1.7330537,1.8611808
66419992591679,2.841094,-1.5737925,1.6677904
66420000526249,2.759246,-1.1706452,0.6321547
66420008394798,2.3179064,-0.82213354,0.15901136
66420016242802,1.5732665,-0.67982674,-0.029132366
66420024207890,0.4854735,-0.56270504,-0.06179142
66420032050907,-0.5979305,-0.369565,-0.62024736
66420040015995,-1.7889603,-0.25007915,-1.7766433
66420047920048,-2.1863332,0.11819649,-2.5566056
66420055824101,-3.0185485,0.27645302,-2.9299238
66420063728154,-3.6892402,0.46690083,-3.663145
66420071601689,-3.6786702,0.7574129,-4.26598
66420079505741,-3.2326097,0.9541788,-4.728609
66420087348759,-2.4576247,1.1884212,-5.0215883
66420095252812,-1.5942727,1.3308296,-4.8743954
66420103248417,-1.008684,1.1725159,-4.4044943
66420111121952,-0.58315766,0.80481243,-3.8608022
66420119087040,-0.5251263,-0.10521889,-2.7919574
66420126960575,-1.5426705,-1.6872902,-2.308404
66420134834111,-2.2355924,-3.0459056,-3.2897558
66420142799198,-1.956993,-3.3349628,-4.2222257
66420150703251,-1.854814,-3.0294409,-4.176253
66420158607304,-1.7125915,-2.769277,-3.3985374
66420166511357,-1.7455764,-2.8537707,-2.507683
66420174354374,-1.3325982,-2.9670506,-2.1980042
66420182319462,-0.5906734,-3.2741184,-2.3834085
66420190223515,0.37303367,-3.8876414,-1.8210441
66420198158085,1.4133552,-4.0769134,-1.631123
66420206062138,1.6386778,-2.6275024,-1.8806251
66420213966191,0.40285367,-1.164916,-3.1477392
66420221931279,-1.779913,-0.78620815,-3.8971982
66420229804814,-4.1889086,-0.6206045,-3.973222
66420237678349,-5.3096476,0.81621647,-2.7581847
66420245551884,-4.3682585,2.462511,-0.7322277
66420253425419,-2.8232958,2.5255451,1.1032476
66420261390507,-2.180405,0.96610546,1.3387226
66420269264042,-1.7474686,0.2561512,0.9964459
66420277228183,-1.7557545,0.038146973,-0.07977855
66420285072148,-1.2038687,-0.36567497,-1.2513889
66420292976200,-0.28042528,-0.37696362,-1.8605106
66420300971806,0.8782371,0.81117344,-2.0797818
66420308845341,0.976917,2.211793,-1.138746
66420316810429,-0.048943758,1.9439077,0.25143325
66420324653447,-0.38853347,0.9645319,1.0570061
66420332526982,0.13548401,0.42119122,1.055141
66420340461552,1.2452096,0.47305584,0.27518654
66420348396122,1.4888498,0.96992207,-0.5535288
66420356361210,0.7164818,1.2794075,-0.63649416
66420364204228,0.0241808,1.0228262,-0.3226639
66420372108280,-0.3171999,0.5234728,-0.35118616
66420380103886,-0.568437,0.15033722,-0.6418203
66420387977421,-0.54389155,0.107120514,-0.41103506
66420395942509,-0.72537935,0.11613464,0.25723493
66420403846562,-0.6308981,0.08650112,0.7052809
66420411750614,-0.6772922,0.028050423,0.8577213
66420419715702,-0.5952365,0.20175552,0.9110463
66420427589238,-0.5782368,0.5237856,1.1211238
66420435493290,-0.57370824,0.80035305,1.0528867
66420443366825,-0.40294075,0.8087435,0.85931647
66420451270878,-0.41876087,0.5777092,0.85397184
66420459205448,-0.3980147,0.29150486,0.9667498
66420467078984,-0.3623115,0.07478523,0.9734929
66420475013554,-0.2428601,-0.1753254,0.8219462
66420482917607,0.15573825,-0.3487215,0.80164605
66420490913212,0.4536375,-0.4357834,0.8194225
66420498817265,0.6171943,-0.20185661,0.9065081
66420506721318,0.7560791,0.27166176,0.86897886
66420514625370,0.5382126,0.5464945,0.799291
66420522498905,0.19389643,0.4838543,0.62125903
66420530341923,-0.060830027,0.39496136,0.6052953
66420538307011,-0.44296324,0.32766724,0.8134961
66420546180546,-0.45749682,0.21973324,1.1836588
66420554115116,-0.31293666,-0.06521416,1.4889609
66420561988652,0.07060617,-0.36197472,1.6310811
66420569892704,0.6757523,-0.2514572,1.7615652
66420577857792,0.9854332,-0.097623825,1.7603196
66420585700810,0.9332179,-0.111120224,1.6469846
66420593604863,0.7997792,-0.16512108,1.5647575
66420601478398,0.6401818,-0.082448006,1.6669414
66420609351933,0.4737705,-0.13357925,1.3653297
66420617317021,0.43232083,-0.1436882,1.1681561
66420625190556,0.427747,-0.0051460266,1.2302794
66420633155644,0.5363339,0.109643936,1.45088
66420641059697,0.61835515,0.11686134,1.6522827
66420648902714,0.7290127,-0.016985893,1.7390316
66420656837284,0.7029913,-0.3948307,1.6251606
66420664710820,0.73396933,-0.52821636,1.4212463
66420672675907,0.724149,-0.30462456,1.2735312
66420680549443,0.61426854,-0.06880283,0.90274847
66420688422978,0.46477443,0.20315456,0.5701427
66420696388066,0.25963998,0.28849125,0.3135387
66420704261601,0.07801294,0.17994785,0.2518243
66420712104618,0.015333176,0.052290916,0.37518382
66420720008671,0.12835193,0.02282238,0.6374492
66420727912724,0.19159341,-0.028159142,0.88978815
66420735908329,0.4125433,-0.11015606,0.8814593
66420743812382,0.5256015,-0.30221176,0.8177985
66420751746952,0.58380884,-0.31702423,0.9027292
66420759651005,0.629986,0.00582695,0.8679756
66420767555058,0.49960077,0.19706535,0.7142259
66420775520146,0.2792819,0.09142876,0.6514944
66420783393681,0.22257018,-0.023784637,0.8540023
66420791267216,0.16411328,-0.062347412,0.9873133
66420799140751,0.2326979,-0.05057144,1.065639
66420807014286,0.40886933,-0.026737213,1.1705201
66420814948857,0.44649583,-0.033981323,1.2539356
66420822852909,0.462533,-0.08424568,1.2585797
66420830787480,0.42357492,-0.14880562,1.1944013
66420838691532,0.34639823,-0.19893837,1.0946262
66420846595585,0.33891344,-0.1700058,1.0149142
66420854560673,0.3172685,-0.16017723,0.9524954
66420862464726,0.30068594,-0.1431303,0.8095213
66420870338261,0.2843684,-0.10449791,0.73889035
66420878242314,0.22803748,-0.07065487,0.664346
66420886146366,0.16968644,-0.05115986,0.4947902
66420894111454,0.11902678,-0.04363346,0.3092045
66420901984989,0.123681605,-0.04566765,0.15786299
66420909919560,0.15022975,-0.047696114,0.05950199
66420917823613,0.15301031,-0.001821518,0.025736209
66420925727665,-0.044724405,0.051221848,0.12804858
66420933692753,-0.15369242,0.07316494,0.27748188
66420941566288,-0.18147826,0.011367798,0.48146045
66420949531376,-0.31687662,-0.06476116,0.7281229
66420957435429,-0.2823153,-0.1240921,0.9411069
66420965339482,-0.121167004,-0.1211071,1.2020725
66420973304570,0.15913576,-0.13000965,1.3648568
66420981178105,0.3979931,-0.16753387,1.4793011
66420989112675,0.61233664,-0.21214771,1.5120915
66420997016728,0.6373455,-0.17529297,1.348281
66421004920780,0.5356474,-0.06420517,1.1205504
66421012916386,0.37702864,-0.02497387,1.0015709
66421020789921,0.22845137,-0.115044594,1.048352
66421028632939,0.11599487,-0.20272541,1.1532173
66421036506474,0.12758797,-0.23528862,1.1821893
66421044380009,0.32957238,-0.24380398,1.0920298
66421052314579,0.48802876,-0.22352791,1.0571809
66421060218632,0.553055,-0.14816761,0.9318133
66421068183720,0.41279256,-0.08244324,0.72350895
66421076057255,0.24207884,-0.067050934,0.613857
66421083961308,0.1198594,-0.049326897,0.6270453
66421091895878,0.06984419,-0.038830757,0.64581406
66421099799931,0.096598685,-0.090610504,0.67006755
66421107734501,0.15685993,-0.1519661,0.6611618
66421115638554,0.17879039,-0.16304398,0.5688333
66421123542607,0.21269935,-0.06639004,0.5080679
66421131507695,0.2705295,-0.008056641,0.45510873
66421139411747,0.23295271,-0.0096178055,0.5437871
66421147254765,0.1455282,-0.075858116,0.6445549
66421155158818,0.06080872,-0.13973236,0.6569263
66421163032353,0.014517188,-0.15334225,0.6575687
66421170966923,0.1864537,0.124858856,-4.709477
66421178840458,0.5058137,-0.223279,3.8108582
66421186805546,-0.43454438,0.04784298,0.9998151
66421194679081,0.5072315,0.1538477,-0.018170714
66421202522099,0.4774047,-0.19398594,0.58533317
66421210456669,0.0012862086,-0.32860088,1.2327853
66421218360722,0.16135204,-0.1709137,1.1197002
66421226295292,0.37265497,-0.087272644,0.88480014
66421234199345,0.3395903,-0.21428204,0.7558201
66421242103398,0.3118316,-0.19071293,0.24037647
66421250099003,0.24658495,0.13206005,0.4340458
66421257972538,-0.03245032,-0.028942108,0.47223002
66421265907109,-0.054131985,-0.15187454,0.35450262
66421273780644,0.0012719035,-0.12413406,0.28890753
