46640397669740,0.018109497,0.15073492,0.00479369
46640405604310,0.018109497,0.15073492,0.00479369
46640413477845,0.018109497,0.15073492,0.00479369
46640421381898,0.018109497,0.15073492,0.00479369
46640429255433,0.018109497,0.15073492,0.00479369
46640437128968,0.018109497,0.15073492,0.00479369
46640445094056,0.018109497,0.15073492,0.00479369
46640452998109,0.018109497,0.15073492,0.00479369
46640460871644,0.0015978967,-0.024501082,-0.013848438
46640468806214,0.0010652645,0.026631612,-0.015978966
46640476649232,0.0127831735,0.048469532,-0.022370555
46640484522767,0.020772656,0.0628506,-0.030360037
46640492396302,0.029827405,0.066046394,-0.036218993
46640500269837,0.037284255,0.058589544,-0.036751624
46640508173890,0.0479369,0.049002163,-0.033023197
46640516016908,0.056459017,0.05539375,-0.027696876
46640523951478,0.06231797,0.06178534,-0.029827405
46640531855531,0.07403588,0.066046394,-0.03355583
46640539729066,0.08362326,0.07350325,-0.03568636
46640547602601,0.09267801,0.0958738,-0.039947417
46640555537171,0.0958738,0.12410331,-0.04314321
46640563502259,0.09374327,0.16618125,-0.04580637
46640571406312,0.08468852,0.21731395,-0.04527374
46640579279847,0.066046394,0.2657835,-0.053263225
46640587183900,0.042077947,0.3110572,-0.06018744
46640595118470,0.010120012,0.33981937,-0.06551377
46640602992005,-0.011717909,0.35313517,-0.070307456
46640610865541,-0.018642128,0.36591834,-0.082025364
46640618739076,-0.0127831735,0.35579833,-0.10279802
46640626643128,-0.012250541,0.33609092,-0.12250541
46640634486146,0.0063915867,0.28336033,-0.14008227
46640642451234,0.028229509,0.20719394,-0.15126756
46640650355287,0.06498113,0.09534117,-0.14807177
46640658228822,0.11025487,0.028229509,-0.13475595
46640666132875,0.2034655,-0.053263225,-0.128897
46640674067445,0.3073288,-0.15606125,-0.12996227
46640682002015,0.40053943,-0.2263687,-0.11558119
46640689875550,0.479369,-0.26844665,-0.08362326
46640697749086,0.54435015,-0.3174488,-0.06338324
46640705653138,0.58962387,-0.33981937,-0.03355583
46640713587709,0.6466155,-0.34993938,-0.010652645
46640721552796,0.716923,-0.33662358,0.012250541
46640729456849,0.8111989,-0.3089267,0.03355583
46640737330384,0.8996158,-0.27856666,0.05273059
46640745234437,1.000816,-0.22264028,0.05912218
46640753169007,1.1653993,-0.18961707,0.09267801
46640761134095,1.3422332,-0.26365295,0.07989483
46640769007630,1.5020229,-0.34674358,0.077231675
46640776881166,1.675661,-0.43569317,0.10013486
46640784815736,1.8620822,-0.5118596,0.12783173
46640792750306,2.060754,-0.47723848,0.13102753
46640800715394,2.2860575,-0.34621096,0.120907515
46640808588929,2.5427864,-0.098004326,0.112918034
46640816462464,2.817092,0.24181503,0.092145376
46640824366517,3.0956585,0.61199445,0.06764429
46640832301087,3.3784862,0.9214538,0.047404267
46640840266175,3.6607814,1.1307782,0.036218993
46640848170228,3.9510658,1.2149341,0.018109497
46640856043763,4.173706,1.2602079,0.007456851
46640863947816,4.2546663,1.3289174,0.0053263223
46640871851869,4.248275,1.4982945,-0.040480047
46640879755921,4.101801,1.8365159,-0.08522116
46640887659974,3.9281626,2.141714,-0.098004326
46640895533509,3.572897,2.5790052,-0.04580637
46640903437562,3.059972,2.952913,0.055926383
46640911311097,2.4778051,3.1286817,0.16085494
46640919276185,1.8381138,3.165966,0.21358553
46640927149720,1.2069446,2.98061,0.18748654
46640935023255,0.5123922,2.716957,0.17150758
46640942927308,-0.17150758,2.3659523,0.080960095
46640950861878,-0.84581995,1.9329224,-0.053263225
46640958826966,-1.5100124,1.4024206,-0.24820662
46640966731019,-2.1513016,0.7483483,-0.39521313
46640974604554,-2.7462518,0.007989483,-0.582167
46640982508607,-3.3262882,-0.7286409,-0.7419567
46640990382142,-3.8525288,-1.3475596,-0.8383631
46640998347230,-4.3265715,-1.814678,-0.9012137
46641006220765,-4.750547,-2.1033647,-0.9076053
46641014094300,-5.1031494,-2.2311964,-0.88896316
46641021998353,-5.39663,-2.2295985,-0.8202536
46641029963441,-5.5558867,-2.0921793,-0.74728304
46641037928529,-5.006743,-2.030394,-0.49747851
46641045802064,-4.4315,-1.6969663,-0.43409526
46641053675599,-4.36066,-0.94968325,-0.44741106
46641061610169,-4.1976748,-0.6002765,-0.48043427
46641069514222,-3.9659796,-0.7089335,-0.38083205
46641077479310,-3.8381479,-0.67058396,-0.21944448
46641085383363,-3.9207058,-0.6013418,-0.07456851
46641093287416,-3.9063249,-0.42344263,0.084155895
46641101191468,-4.0256343,-0.16937704,0.082025364
46641109126039,-4.0788975,-0.12250541,-0.05752428
46641117091127,-4.078365,-0.15819177,-0.23169503
46641124995179,-4.013384,-0.24927188,-0.38083205
46641132868714,-3.8354847,-0.47404268,-0.49055427
46641140772767,-3.6048548,-0.7978831,-0.5219796
46641148707337,-3.3316145,-1.158475,-0.47404268
46641156641908,-3.0056436,-1.4333134,-0.35739622
46641164515443,-2.6322684,-1.5947009,-0.23808661
46641172388978,-2.189651,-1.5632756,-0.13635385
46641180293031,-1.824798,-1.3747238,-0.07989483
46641188227601,-1.226652,-0.9752496,-0.023435818
46641196192689,-0.56672066,-0.5006743,0.017576864
46641204066224,0.029294772,-0.029827405,0.041545313
46641211939759,0.47191215,0.34621096,0.05219796
46641219843812,0.8085357,0.58962387,0.030360037
46641227747865,1.0801781,0.61572284,-0.007456851
46641235651918,1.310808,0.4628574,-0.0053263223
46641243555970,1.5169365,0.21571605,0.035153728
46641251429505,1.717739,-0.02876214,0.08575379
46641259333558,1.8860507,-0.18695392,0.10918961
46641267207093,2.0170782,-0.23382555,0.1123854
46641275141664,2.1145499,-0.17949706,0.10546118
46641283015199,2.1816616,-0.06924219,0.099069595
46641290919252,2.2365227,0.083090626,0.09161274
46641298823304,2.2844596,0.2412824,0.08149273
46641306757875,2.3270702,0.36325517,0.080960095
46641314753480,2.3616912,0.45007423,0.084155895
46641322657533,2.3883228,0.49375007,0.0793622
46641330561586,2.4053671,0.515588,0.077231675
46641338465638,2.404302,0.5384912,0.06657903
46641346308656,2.3936493,0.54435015,0.048469532
46641354273744,2.373942,0.5422196,0.028229509
46641362177796,2.354767,0.5299691,0.004261058
46641370051332,2.3297334,0.49854377,-0.017576864
46641377985902,2.305765,0.4527374,-0.034621093
46641385889955,2.2732744,0.4133226,-0.051132694
46641393885560,2.2413163,0.4181163,-0.06657903
46641401789613,2.2093585,0.42717105,-0.083090626
46641409663148,2.1688783,0.41918156,-0.10439592
46641417567201,2.1198764,0.3834952,-0.12996227
46641425532289,2.0735373,0.3334278,-0.15286545
46641433497377,2.0330572,0.2609898,-0.1555286
46641441370912,2.0501015,0.25086978,-0.14594123
46641449244447,2.3036344,0.0314253,-0.14753912
46641457148500,2.2210765,-0.64555025,-0.18855181
46641465083070,1.7731327,-0.25193503,0.05965481
46641473048158,1.4610102,0.20772657,0.10439592
46641480952211,1.1638014,0.46818373,0.009054748
46641488825746,1.0439591,0.37923414,-0.010652645
46641496729798,0.76752305,0.18801917,-0.03781689
46641504664369,0.41918156,0.03355583,-0.056991648
46641512629457,0.10439592,-0.20932446,-0.08149273
46641520502992,-0.22210763,-0.6114618,-0.11664646
46641528376527,-0.6061355,-1.0146644,-0.11611383
46641536280580,-1.0466223,-1.3028184,-0.06870956
46641544215150,-1.5052186,-1.4290522,-0.040480047
46641552180238,-1.8727349,-1.2841763,-0.015978966
46641560053773,-2.0085561,-0.7190535,0.10865697
46641567927308,-1.8061559,-0.5006743,0.15765914
46641575831361,-1.5435683,-0.27803403,0.09054748
46641583765931,-1.2793826,-0.072970614,0.047404267
46641591608949,-1.0237192,-0.11664646,-0.027164243
46641599543519,-0.9214538,-0.29241508,-0.14807177
46641607417054,-0.9241169,-0.4958806,-0.1587244
46641615351625,-0.9534117,-0.7344999,-0.06551377
46641623194642,-0.9635317,-0.98856544,0.013848438
46641631159730,-0.908138,-1.1638014,0.060720075
46641639033265,-0.7957525,-1.24849,0.09427591
46641646906800,-0.6737798,-1.2159994,0.11132014
46641654810853,-0.5768407,-1.077515,0.10705908
46641662745423,-0.525708,-0.8085357,0.09054748
46641670710511,-0.49854377,-0.4788364,0.060720075
46641678584046,-0.4788364,-0.1555286,0.02130529
46641686457582,-0.44421527,0.091080114,-0.0015978967
46641694331117,-0.3850931,0.20985709,-0.0058589545
46641702265687,-0.30999196,0.20240025,-0.004261058
46641710230775,-0.2396845,0.1304949,5.326322E-4
46641718104310,-0.18535602,0.044208474,0.010120012
46641725977845,-0.15126756,-0.015446335,0.02130529
46641733881898,-0.12623383,-0.03089267,0.029294772
46641741816468,-0.113983296,-0.0037284256,0.029827405
46641749751039,-0.10865697,0.06551377,0.03781689
46641757624574,-0.104928546,0.12250541,0.042077947
46641765528627,-0.10705908,0.1768339,0.028229509
46641773432679,-0.11451593,0.2082592,0.013315806
46641781367250,-0.12836437,0.21198763,0.00479369
46641789332337,-0.14594123,0.19547603,0.0026631611
46641797205873,-0.16405073,0.175236,-0.0010652645
46641805109925,-0.17630127,0.15286545,-0.0031957934
46641813013978,-0.18535602,0.11984225,-0.0015978967
46641820948548,-0.1949434,0.08042747,-0.004261058
46641828883119,-0.19867182,0.05539375,-0.0063915867
46641836756654,-0.2034655,0.050600063,-0.0037284256
46641844630189,-0.20133498,0.058056913,-0.007456851
46641852503724,-0.20080236,0.08042747,-0.017044231
46641860438294,-0.19760656,0.10705908,-0.014913702
46641868311830,-0.18908444,0.13156016,-0.013315806
46641876185365,-0.1768339,0.14966966,-0.013315806
46641884089418,-0.16138756,0.15126756,-0.017576864
46641891993470,-0.14008227,0.14966966,-0.011185277
46641899836488,-0.11611383,0.14168017,-0.004261058
46641907801576,-0.0974717,0.13475595,-0.0010652645
46641915675111,-0.07989483,0.13156016,0.0010652645
46641923548646,-0.06498113,0.13741912,0.004261058
46641931452699,-0.050600063,0.14966966,0.00479369
46641939387269,-0.04580637,0.16937704,0.007989483
46641947321839,-0.041545313,0.17576863,0.013315806
46641955195375,-0.037284255,0.16298546,0.015446335
46641963068910,-0.034088463,0.14221281,0.014913702
46641970972962,-0.02876214,0.11930962,0.016511599
46641978938050,-0.025566347,0.112918034,0.016511599
46641986903138,-0.025033714,0.11664646,0.018109497
46641994776673,-0.025566347,0.12463594,0.017044231
46642002650209,-0.025566347,0.12250541,0.014913702
46642010554261,-0.02130529,0.10013486,0.013315806
46642018488832,-0.015978966,0.07563378,0.01438107
46642026423402,-0.011717909,0.058056913,0.013315806
46642034327455,-0.010652645,0.050600063,0.015978966
46642042200990,-0.017576864,0.048469532,0.02130529
46642050135560,-0.022903185,0.049002163,0.02396845
46642058070130,-0.022903185,0.05752428,0.02609898
46642065974183,-0.020772656,0.07563378,0.018642128
46642073878236,-0.019707393,0.09853696,0.013848438
46642081751771,-0.018109497,0.123038046,0.013848438
46642089655824,-0.016511599,0.13688648,0.010120012
46642097529359,-0.013848438,0.14008227,0.009054748
46642105494447,-0.011717909,0.1257012,0.00958738
46642113367982,-0.007456851,0.09960223,0.011185277
46642121272035,5.326322E-4,0.066046394,0.011185277
46642129176087,0.004261058,0.03781689,0.0127831735
46642137110658,0.0058589545,0.017044231,0.01438107
46642145075746,0.007456851,0.007456851,0.011717909
46642152979798,0.010120012,0.0063915867,0.010120012
46642160853334,0.00958738,0.009054748,0.008522116
46642168726869,0.012250541,0.010120012,0.009054748
46642176569886,0.012250541,0.011185277,0.007989483
46642184534974,0.015978966,0.009054748,0.007989483
46642192408509,0.018109497,0.002130529,0.00958738
46642200282044,0.022370555,-0.0010652645,0.006924219
46642208186097,0.026631612,-0.008522116,0.009054748
46642216120668,0.029294772,-0.010652645,0.00958738
46642224085755,0.03089267,-0.0031957934,0.011717909
46642231959291,0.030360037,0.006924219,0.009054748
46642239832826,0.03089267,0.0127831735,0.013848438
46642247736878,0.029827405,0.017044231,0.015446335
46642255701966,0.02876214,0.011185277,0.017044231
46642263667054,0.025566347,0.0031957934,0.017044231
46642271540589,0.021837922,-0.0053263223,0.015446335
46642279444642,0.018642128,-0.0127831735,0.014913702
46642287348695,0.0127831735,-0.015978966,0.012250541
46642295283265,0.006924219,-0.014913702,0.008522116
46642303248353,0.007456851,-0.0058589545,0.004261058
46642311121888,0.0010652645,0.007989483,0.0026631611
46642318995423,-0.002130529,0.019707393,5.326322E-4
46642326899476,-0.0053263223,0.029294772,5.326322E-4
46642334834046,-0.007456851,0.026631612,0.0
46642342707582,-0.008522116,0.015978966,0.0
46642350581117,-0.03195793,-0.010120012,0.0063915867
46642358485169,-0.040480047,-0.0479369,0.0031957934
46642366389222,-0.042077947,-0.06498113,-0.0053263223
46642374232240,-0.046871636,-0.05486112,-0.00479369
46642382166810,-0.046871636,-0.03089267,-0.0010652645
46642390040345,-0.04314321,-0.0127831735,-0.004261058
46642397913880,-0.029294772,0.016511599,-0.0053263223
46642405817933,-0.00958738,0.032490566,0.002130529
46642413752503,0.0058589545,0.03355583,0.007456851
46642421717591,0.020772656,0.034088463,0.010120012
46642429591127,0.033023197,0.034088463,0.00958738
46642437464662,0.046339005,0.027164243,0.00958738
46642445368714,0.046339005,0.021837922,0.010120012
46642453303285,0.02396845,0.021837922,-0.0015978967
46642461268373,0.03781689,0.03568636,0.0
46642469172425,0.03568636,0.04261058,-0.004261058
46642477045961,0.03355583,0.058589544,-0.009054748
46642484980531,0.036218993,0.09427591,-0.008522116
46642492915101,0.03568636,0.10652645,-0.008522116
