54730795318407,-0.010187089,0.17088032,0.0012725145
54730803283495,-0.0063414574,0.12578964,0.003232658
54730811187548,-1.3500452E-4,0.0035552979,1.474917E-4
54730819091601,0.0049393475,-0.112036705,-0.0037043989
54730826965136,0.0074021816,-0.16304207,-0.004707694
54730834869189,0.0012982786,-0.0558424,-0.0019774437
54730842803759,6.104037E-4,0.1579876,0.0034161806
54730850707812,0.0046112314,0.3634653,0.005570188
54730858611864,0.0068515837,0.4436655,0.025645852
54730866546435,6.95616E-4,0.119579315,0.009868562
54730874450487,3.136862E-4,-0.19226742,-0.013295174
54730882324023,0.0026844665,-0.37565136,-0.023491561
54730890258593,0.0016182289,-0.33683777,-0.02720195
54730898162646,3.7243217E-4,-0.16097164,-0.012298822
54730906036181,2.792552E-4,-0.07371235,-0.0061995983
54730913909716,1.1275709E-4,0.022180557,0.002328515
54730921813769,4.59373E-4,-0.029557228,-0.0027951598
54730929748339,0.0035863817,-0.15298557,-0.017634988
54730937713427,0.003983319,-0.16776085,-0.01701361
54730945617480,0.0021475405,-0.16357803,-0.015080571
54730953491015,0.003348425,-0.16461658,-0.012868106
54730961456103,8.247942E-4,-0.088401794,-0.006470263
54730969329638,1.0437332E-4,0.03677082,0.002619207
54730977203173,5.4013357E-4,0.1024971,0.0075196624
54730985168261,-2.445858E-4,0.110528946,0.006052077
54730993041796,2.1163374E-4,0.05716133,0.0030580163
54731001006884,1.222752E-4,0.047880173,0.0023946464
54731008941454,-1.0594726E-5,-6.1511993E-4,-6.181002E-5
54731016814989,-6.0513616E-4,-0.0305233,-0.0014334321
54731024780077,-7.6016784E-4,-0.02935791,-0.0016017556
54731032653612,8.277595E-4,0.065398216,0.0038235784
54731040557665,0.0012731999,0.12549782,0.008423269
54731048492235,0.002567552,0.20787048,0.014211118
54731056365771,0.0021622553,0.22015953,0.01808399
54731064330859,-3.9016828E-4,0.16306877,0.01700008
54731072234911,-0.0016388893,0.05428028,0.007131815
54731080138964,-3.0991435E-4,0.007549286,0.0013011694
54731088073534,-9.0402365E-4,0.021895409,0.004446268
54731096038622,-4.3833256E-4,0.0087451935,0.0020997524
54731103942675,-0.00426054,0.073075294,0.019704342
54731111846728,-0.010279715,0.1471796,0.045392513
54731119720263,-0.01772368,0.18682384,0.06281686
54731127685351,-0.018257976,0.15463257,0.055528164
54731135558886,-0.018569708,0.13782024,0.0504508
54731143432421,-0.032161117,0.19930363,0.07512951
54731151366991,-0.060348034,0.353014,0.13363242
54731159240526,-0.08939004,0.5978956,0.22122264
54731167114062,-0.12829196,0.9307127,0.33239627
54731175079150,-0.21623206,1.4578819,0.49469304
54731182952685,-0.2590009,1.9343519,0.597203
54731190887255,-0.25887597,2.4109097,0.7270057
54731198791308,-0.29931962,3.0055962,0.84348035
54731206695360,-0.2231186,3.5711718,1.0096161
54731214599413,-0.13508126,5.081601,1.2749844
54731222472948,-0.3803326,5.6880035,1.4226725
54731230407519,-0.032145377,5.699049,1.2512705
54731238311571,0.4317376,5.6755667,0.92376506
54731246215624,0.58525825,5.349289,0.7200649
54731254089159,0.5637617,4.813941,0.5383345
54731261962694,0.5404377,4.0454607,0.3591082
54731269897265,0.5604023,3.3421106,0.22046787
54731277801318,0.37381017,1.9956074,0.11555898
54731285674853,0.20519376,0.8041439,-0.024294138
54731293548388,0.071768045,0.24914932,-0.050293207
54731301452441,-0.024757385,-0.083571434,0.02440548
54731309387011,0.037705183,0.10439205,-0.0470078
54731317321581,-0.039479733,-0.10981178,0.058567047
54731325225634,-0.13493276,-0.41353703,0.08794904
54731333129687,1.5324388,2.490283,-0.24869668
54731341003222,2.6218472,3.598216,0.059809923
54731348937792,1.4719062,2.1921062,0.113343894
54731356841845,0.15402794,0.34405518,0.01285845
54731364715380,-0.22710729,-1.3433018,-0.07196173
54731372619433,0.3730352,-2.4485917,0.04126951
54731380554003,0.58741486,-2.8724756,0.21938497
54731388427538,0.49457538,-2.9493833,0.394603
54731396331591,0.66462266,-3.0632577,0.5461873
54731404266161,0.8291657,-2.9906645,0.5701933
54731412139696,0.76021266,-2.6273866,0.557305
54731420013232,0.56212485,-2.2197733,0.53869414
54731427978319,0.38352776,-2.0548115,0.60190845
54731435851855,0.14616644,-2.0667024,0.6410856
54731443725390,-0.07803047,-2.0078015,0.63866544
54731451629443,-0.15513092,-1.7512131,0.552346
54731459594530,-0.16298783,-1.4700413,0.43449235
54731467468066,-0.1513648,-1.1553087,0.3533075
54731475433153,-0.12281394,-0.83179665,0.25598598
54731483306689,-0.08674681,-0.51637363,0.15377688
54731491271776,-0.03647816,-0.20158005,0.057955027
54731499145312,0.012013674,0.06307888,-0.017605305
54731507049364,0.036522746,0.18592072,-0.04993391
54731514922900,0.0834564,0.40143394,-0.10826135
54731522826952,0.12015414,0.5366993,-0.13916016
54731530761523,0.15764928,0.70193386,-0.17850828
54731538635058,0.18657231,0.9006891,-0.21476126
54731546569628,0.22747266,1.0773373,-0.26913834
54731554473681,0.3315766,1.374526,-0.42143416
54731562377734,0.4110489,1.559722,-0.5039575
54731570312304,0.3799467,1.4517794,-0.42793465
54731578185839,0.29687357,1.2789145,-0.3614025
54731586120409,0.20904076,1.0464401,-0.29874063
54731594024462,0.15976954,0.86490345,-0.24707723
54731601897997,0.11729014,0.6381359,-0.17834592
54731609771532,0.08463061,0.480011,-0.1552589
54731617675585,0.07211828,0.4244089,-0.15018964
54731625579638,0.05688536,0.4048977,-0.1401937
54731633453173,0.06547463,0.58456707,-0.2088964
54731641387743,0.062095523,0.73578644,-0.25078416
54731649261278,0.03345716,0.8647127,-0.25189996
54731657134814,8.589551E-4,0.93060875,-0.2513466
54731665069384,-0.009638175,0.7701912,-0.23787165
54731672942919,-0.012128264,0.40042114,-0.12153673
54731680846972,-8.8116527E-4,0.023436546,-0.007956505
54731688751025,0.0044210255,-0.23971081,0.098855734
54731696655077,-0.0053884163,-0.5865822,0.21765661
54731704528612,-0.018932372,-0.75973034,0.25157046
54731712432665,-0.054858267,-1.0271635,0.36388183
54731720367235,0.082359135,-1.1453624,0.71479845
54731728332323,-0.29121184,3.0722551,-3.6546783
54731736266894,-2.2263327,2.0010514,-0.3717121
54731744140429,-1.6809025,1.6190329,-1.1036363
54731752105517,-0.09095687,1.0183153,-0.39413953
54731759979052,0.041795254,0.15199852,-0.025039315
54731767852587,-0.011593103,-0.031046867,0.0058469772
54731775817675,0.3363247,0.7217827,-0.12957716
54731783691210,0.20281816,0.44658566,-0.09420216
54731791595263,-0.031902313,-0.06933117,0.01843381
54731799499316,-0.66490936,-0.15425777,-0.41816044
54731807403368,-2.1740217,-7.610321E-4,-0.94907165
54731815276903,-3.3384824,0.19005966,-1.3002411
54731823241991,-4.6402144,6.4458494,1.7497879
54731831115526,-6.4748626,6.766712,-0.60448503
54731838989062,-5.609311,5.4677,0.099978685
54731846862597,-11.475074,4.217593,3.354569
54731854827685,-16.869392,3.6741514,2.3841686
54731862701220,-24.84351,1.2590694,1.882261
54731870574755,-27.297401,-1.4394884,-1.1241482
54731878539843,-25.019289,-3.8574972,-7.039009
54731886413378,-19.057665,-1.330492,-9.337992
54731894347948,-18.919807,3.0128117,-3.785679
54731902282519,-17.853973,4.9086876,2.9782836
54731910156054,-7.863999,2.8471804,-0.4461813
54731918029589,1.8435767,2.194705,3.3139353
54731925903124,10.79086,1.6596689,1.9774572
54731933868212,12.888544,1.1084881,0.5734061
54731941772265,10.558573,0.5565424,2.5123484
54731949676318,7.443353,1.2959995,0.58079827
54731957610888,2.6348114,1.6842089,-0.41245782
54731965575976,-1.2518358,1.6506176,-1.7232003
54731973510546,-4.3318973,2.2991772,-1.8997276
54731981414599,-8.219452,2.601675,-1.2637291
54731989379687,-10.943844,2.5382357,-0.6933522
54731997314257,-10.520977,2.3699741,-0.09379101
54732005218310,-7.173953,1.72752,0.37663674
54732013091845,-4.507395,0.834177,1.0526788
54732021026415,-3.3699865,0.63409424,1.6935158
54732028899950,-2.7218127,0.965641,2.349628
54732036773485,-1.7976509,1.2505512,2.574683
54732044738573,-1.6673567,1.4734716,2.4364712
54732052612109,-2.6907656,1.244277,2.6699917
54732060516161,-3.83734,0.7769489,2.6316767
54732068481249,-4.724041,0.47023487,3.076123
54732076354784,-5.207427,0.2983036,3.4087334
54732084228319,-5.1672335,0.49548626,3.6944656
54732092162890,-4.319792,0.8689852,3.5179477
54732100097460,-3.644045,1.0493135,3.0895743
54732108001513,-3.5114408,1.0223236,2.326037
54732115905566,-3.3786566,0.8981323,1.8041475
54732123809618,-3.230809,0.6100006,1.470928
54732131683153,-3.3054526,0.26026058,1.5923741
54732139617724,-3.253456,-0.047540665,1.511792
54732147521776,-2.7095244,-0.1497469,1.3148217
54732155395312,-2.2663126,0.022270203,1.3947408
54732163299364,-1.6803491,0.4851303,1.2591025
54732171233935,-1.3445456,0.8773365,1.0057641
54732179107470,-1.4670097,1.1544676,0.92752457
54732187011523,-1.9130753,1.2880554,0.77457666
54732194946093,-2.4401143,1.2898283,0.57320595
54732202850146,-2.9735339,1.2242422,0.41393352
54732210723681,-3.5675733,1.0532436,0.40132213
54732218688769,-3.9135442,0.88454247,0.47487283
54732226562304,-3.8284187,0.8188772,0.55929065
54732234435839,-3.3591504,0.8969221,0.60731316
54732242339892,-3.0182636,1.0203619,0.66854835
54732250304980,-2.871232,1.1317253,1.0247008
54732258178515,-2.7655642,1.1491985,1.1998718
54732266113085,-2.7634711,1.0731525,1.2193646
54732274047655,-2.6932168,1.0070496,1.4650059
54732282012743,-2.6752884,0.9025068,1.6709672
54732289916796,-2.6354988,0.7671585,1.6710018
54732297851366,-2.4789586,0.73048687,1.5559819
54732305724901,-2.2088912,0.75940704,1.5564035
54732313598437,-2.1855607,0.79373837,1.5669688
54732321563525,-2.480512,0.78072643,1.5133879
54732329437060,-2.5583093,0.7729492,1.4642353
54732337371630,-2.383273,0.9619417,1.3140342
54732345275683,-2.385525,1.1228046,1.2792833
54732353179735,-2.497256,1.1070623,1.5375181
54732361083788,-2.5443232,0.89347744,1.7802731
54732368957323,-2.183967,0.6834183,1.6886115
54732376891894,-1.667622,0.639637,1.7771752
54732384795946,-1.619399,0.60425854,1.8911461
54732392699999,-1.6828251,0.6200075,2.230547
54732400573534,-1.8331685,0.77085304,2.358109
54732408477587,-1.7499937,0.9779835,2.2740898
54732416412157,-1.7896103,1.1696863,2.285399
54732424285693,-1.973907,1.3435793,2.3630977
54732432189745,-2.2543814,1.4804049,2.5287151
54732440063280,-2.7355046,1.5134792,2.6636543
54732447936816,-3.2258615,1.483571,2.9378588
54732455871386,-3.6058476,1.3288784,3.1294842
54732463744921,-3.966012,1.2723455,3.6628845
54732471618456,-4.4711475,1.2929049,4.25168
54732479553026,-5.0946274,1.2452374,4.7630987
54732487487597,-5.500132,1.3816624,5.5046463
54732495391650,-5.5554013,1.9140768,5.9868164
54732503265185,-5.5558014,2.9275227,6.823728
54732511199755,-5.121428,4.3099756,7.3639116
54732519073290,-4.8732433,6.139374,7.821665
54732526946825,-4.963373,8.316721,7.6679187
54732534911913,-4.9827194,10.823264,6.7598004
54732542785448,-5.01384,12.802839,6.3525434
54732550658984,-5.2628307,13.420777,5.3386946
54732558532519,-4.810817,12.771463,3.4053707
54732566497607,-3.203693,11.563587,1.9705236
54732574401659,-0.80922973,9.170466,2.3534136
54732582305712,1.8849609,6.4732704,1.912786
54732590240282,2.9670367,4.896164,-0.32686853
54732598144335,2.4614856,3.896885,-1.1423206
54732606017870,1.9518247,2.3454666,-3.4979367
54732613952441,1.9773767,1.1941419,-6.58759
54732621856493,2.7733808,-2.3274288,-6.0860887
54732629730028,-3.2121415,-7.078934,4.4795527
54732637603564,-4.309164,-5.3315673,4.6955557
54732645477099,-2.4987323,-2.573999,6.079082
54732653442187,-1.511569,-2.5225368,4.7045774
54732661315722,-0.16728222,-2.28271,3.7046306
54732669219775,1.2210112,-1.7455959,2.9820225
54732677154345,1.4712135,-1.9226694,3.9395611
54732685027880,1.099458,-2.6012597,4.6189466
54732692901415,0.5554453,-3.4420438,4.1264625
54732700805468,0.33709085,-4.042964,3.3673162
54732708770556,-0.18278944,-4.3497715,2.794192
54732716674609,-0.59281826,-4.5830774,2.0385904
54732724548144,-1.1485066,-4.600063,1.8150315
54732732482714,-1.3754312,-4.1474166,1.4968283
54732740386767,-1.3034178,-3.4480677,0.9108443
54732748260302,-1.8330002,-2.899623,0.3468151
54732756194872,-2.4067504,-2.4182644,-0.35258722
54732764098925,-2.779497,-1.9994063,-0.63212967
54732772002978,-3.20967,-2.3241086,-1.1004548
54732779937548,-3.4455369,-2.7291331,-1.0832827
54732787872118,-3.3966556,-2.8469982,-1.4122753
54732795745653,-3.0488381,-2.623281,-1.5215111
54732803619189,-2.6692994,-2.206264,-1.7267687
54732811553759,-2.044235,-1.5486403,-1.429002
54732819457812,-1.3859885,-0.9171934,-1.4113669
54732827361864,-0.7128604,-0.5275631,-1.6019588
54732835265917,-0.046083122,-0.26017284,-2.335184
54732843139452,-0.02539134,0.119698524,-2.6349196
54732851074023,-0.47508097,0.2788868,-2.8557856
54732858978075,-1.179739,0.14479446,-2.8664079
54732866851610,-1.6890167,-0.034923553,-3.1357043
54732874755663,-2.2549202,-0.26524544,-2.54275
54732882690234,-2.3074892,-0.42422962,-2.5433996
54732890624804,-1.5508102,-0.45084763,-3.0713837
54732898498339,-0.61245096,-0.3871107,-2.5402303
54732906371874,0.2973527,-0.4720297,-2.5618272
54732914275927,1.2783806,-0.4023676,-3.662727
54732922149462,2.3188603,-0.0735054,-3.707181
54732930114550,2.8800092,0.3632946,-2.7960036
54732937988085,3.429657,0.14881325,-2.8319407
54732945861620,3.0588741,-1.2600889,-6.4668546
54732953765673,-2.0358117,1.319603,-6.0210686
54732961730761,-4.373544,-0.100691795,0.5830261
54732969604296,-2.0059445,-0.07237339,-2.9775617
54732977508349,-0.206606,0.7916374,-1.9091066
54732985442919,-0.88778096,0.09747696,-1.5220301
54732993316454,-0.46299803,-0.6159687,-1.7199209
54733001189989,0.41415566,-0.8222637,-2.052717
54733009124560,-0.19126374,-0.03036213,-1.3339567
54733017028612,0.71976304,2.2887135,-0.9340432
54733024902148,2.4592285,1.8016806,-1.7673969
54733032775683,2.573134,1.1494608,-3.7407851
54733040679735,2.419438,0.98803234,-3.981554
54733048614306,0.45866176,1.2266636,-3.7225177
54733056487841,1.6371052,-0.9572201,-5.9813747
54733064361376,-6.715712,-6.1692276,-17.980627
54733072265429,-16.072258,-4.061277,-14.645749
54733080169482,-13.5358,4.44905,-4.763103
54733088043017,-12.173924,11.595802,4.9656844
54733096008105,-20.223743,5.436326,-2.781964
54733103912157,-12.260892,-0.1876936,0.8258006
54733111785693,-0.62984043,-0.82661057,1.0648372
54733119659228,3.78556,-1.0834446,-2.3688369
54733127624316,6.876313,-0.75239277,-1.5451633
54733135497851,11.267596,0.2729807,0.11114824
54733143401903,5.67498,0.28845692,2.6525064
54733151305956,2.050214,-0.0029277802,1.5778202
54733159179491,5.1081867,0.36912727,-0.04670739
54733167114062,6.263018,1.1461134,-0.99111676
54733175018114,2.7041864,1.4131613,-0.55642486
54733182922167,-0.9648621,1.0833769,-0.7883607
54733190826220,-2.8169446,0.7670374,-1.0881648
54733198699755,-2.3501673,0.77508926,-2.431279
54733206634325,-1.8647511,1.0115042,-1.8333647
54733214538378,-2.745995,0.90932274,-0.30599713
54733222442431,-2.452119,0.8810549,-0.017812967
54733230346484,-0.79573745,0.8600693,-0.47650075
54733238250536,0.30859542,0.6230898,-0.5375953
54733246185107,0.28416562,0.3587799,0.05816436
54733254089159,0.32807022,0.42870808,0.048821926
54733261962694,0.53713876,0.38005733,-0.16181326
54733269836230,0.15685058,0.1962452,-0.5076635
54733277770800,-0.57019526,0.12618542,-0.50811434
54733285705370,-0.9814032,0.13900852,0.10593915
54733293609423,-1.0845029,0.20383072,0.44233513
54733301513476,-0.7370491,0.25127792,0.7476351
54733309417528,-0.5895856,0.19299221,1.0707968
54733317291064,-0.84094346,-0.07867813,1.4863694
54733325225634,-1.265624,-0.3409214,2.2177339
54733333129687,-1.774598,-0.66325665,2.903083
54733341003222,-1.8418705,-0.8809118,3.5406046
54733348907275,-1.2260134,-0.9407902,3.9948034
54733356872362,-0.54850864,-0.8471441,3.7383742
54733364745898,-0.27203473,-0.7293329,3.6759205
54733372649950,0.050979674,-0.6351166,3.2069387
54733380584521,0.047063053,-0.22195244,2.691243
54733388488573,-0.22156009,0.40009117,2.1630929
54733396362109,-0.98182,0.7807245,1.5147259
54733404296679,-1.8143215,0.7862892,0.76516104
54733412200732,-2.143849,0.74988747,0.097067356
54733420104784,-1.7658279,0.63039494,0.03273511
54733427978319,-1.4271708,0.602334,0.28628874
54733435943407,-1.0602342,0.5962076,0.68702257
54733443816943,-0.75801,0.52796936,1.2987158
54733451690478,-0.6829402,0.53636265,1.7283627
54733459625048,-0.44846714,0.52112675,1.8953445
54733467498583,0.007333994,0.6258526,1.9071045
54733475433153,0.14094663,0.70939064,1.8382097
54733483367724,0.07966417,0.71642685,1.6495659
54733491271776,0.022443593,0.618557,1.2657199
54733499145312,-0.0643056,0.6670933,1.1149276
54733507018847,-0.29831514,0.62509537,1.147556
54733514983935,-0.67611825,0.61245155,1.2853949
54733522857470,-0.681412,0.7582989,1.1541913
54733530731005,-0.5160431,0.907135,1.0486194
54733538665575,-0.5408046,1.027812,1.2057064
54733546539110,-0.5984219,0.9766331,1.1414894
54733554412646,-0.46206632,0.9762163,1.195599
54733562347216,-0.5347285,0.91155434,1.4638296
54733570251269,-0.6161252,0.9695616,1.522691
54733578124804,-0.589341,1.1024466,1.6333003
54733585998339,-0.7393396,1.1806564,1.6870613
54733593871874,-0.8337363,1.1423397,1.7713181
54733601806444,-1.0039251,1.0737009,1.7543747
54733609679980,-0.96612346,1.0659637,1.7180687
54733617553515,-0.7348229,1.0925283,1.8003991
54733625457568,-0.70480454,1.1009836,1.642931
54733633331103,-0.76872694,1.0747919,1.7321165
54733641296191,-0.8687769,1.0088863,1.7439289
54733649169726,-0.9309619,0.9513998,1.717182
54733657043261,-0.97426885,0.9835615,1.7231797
54733665008349,-1.0845959,1.1226025,1.7271097
54733672912401,-1.2667257,1.2487154,1.702234
54733680785937,-1.3912978,1.4094362,1.930107
54733688659472,-1.6522111,1.3682384,2.090971
54733696624560,-1.6646155,1.331212,2.295187
54733704498095,-1.4927869,1.365551,2.2412808
54733712402148,-1.5682621,1.3724012,2.5380049
54733720367235,-1.6522715,1.6013899,2.7651963
54733728240771,-1.8591686,1.8153868,3.2169895
54733736205859,-2.2495193,2.1033792,3.61149
54733744079394,-2.6481206,2.4992714,4.4281535
54733751952929,-3.1074598,2.918851,5.158348
54733759856982,-2.9903936,3.5871077,5.490357
54733767791552,-2.9530702,4.369519,5.7723794
54733775695605,-2.9640636,5.3025513,5.7875996
54733783569140,-3.2104976,6.4699774,5.4495873
54733791473193,-3.3670528,7.680232,4.6192474
54733799407763,-3.9571347,8.899001,4.6050215
54733807281298,-4.725205,9.35363,5.3583646
54733815154833,-5.248776,9.515185,4.715817
54733823028368,-4.0993543,9.46194,4.0188994
54733830993456,-2.6657407,8.665441,3.2552485
54733838897509,-1.8130684,8.106855,2.6989992
54733846801562,-0.48370206,8.046066,1.8898101
54733854736132,0.89593184,7.8957896,1.6772528
54733862640185,3.1291757,7.633783,1.7234669
54733870574755,3.7823865,6.9183207,2.44697
54733878539843,3.2172074,4.9710565,2.4617891
54733886413378,3.1916506,1.8159041,-0.088943005
54733894286913,3.7842565,-2.099341,-4.5322514
54733902160448,4.3032384,-8.734732,-5.5924687
54733910125536,-0.14937252,-9.334401,1.2570457
54733918029589,-0.9732883,-4.410964,1.7929688
54733925903124,0.9534788,-1.5589595,3.879687
54733933837694,0.8797567,-0.29290724,5.5222054
54733941711230,0.44682664,0.080002785,5.3872757
54733949615282,0.7576053,-0.13938618,4.5197115
54733957549853,1.0581646,-0.71972466,3.837142
54733965423388,0.6112194,-1.8643746,3.8296394
54733973327441,-0.056266963,-3.1595855,3.6431065
54733981200976,-0.17995176,-3.9126725,3.2670624
54733989074511,-0.33378512,-4.450746,2.8247266
54733997009081,-0.5612772,-4.900857,2.1772285
54734004882616,-1.1179101,-4.835423,1.6382382
54734012756151,-1.9800978,-4.6256227,0.8758192
54734020721239,-2.7764273,-4.3776035,0.67410564
54734028594775,-3.1541762,-4.168714,0.019191265
54734036529345,-3.5628402,-3.6945896,-0.5806155
54734044463915,-4.365707,-3.6354446,-1.1519103
54734052337450,-5.0751095,-3.115868,-1.6349425
54734060210985,-5.301321,-2.7492518,-2.0555675
54734068145556,-4.7864366,-2.4458733,-2.466481
54734076080126,-3.6092813,-2.1164446,-2.5086908
54734083984179,-2.1499355,-2.0848465,-2.527042
54734091888232,-1.2294736,-1.9687734,-2.6577322
54734099792284,-0.80848056,-1.5750523,-3.1610885
54734107696337,-0.6013976,-1.1690826,-3.2214978
54734115630907,-0.4477049,-0.8795805,-3.1182785
54734123534960,-0.567479,-0.4267187,-3.5368893
54734131408495,-0.5954486,0.032704353,-4.3344216
54734139312548,-0.6290537,0.5669813,-4.9097624
54734147247118,-0.57609165,1.05264,-4.8005404
54734155120653,-0.32814908,1.3826923,-4.139892
54734162994189,-0.05530393,1.5228109,-4.2123895
54734170928759,0.20979536,1.4911175,-4.6288977
54734178832812,0.76021576,1.4108353,-5.142487
54734186706347,1.2250874,1.44413,-4.993737
54734194640917,1.334487,1.4921055,-4.8149085
54734202544970,1.5820886,1.5181398,-4.3556213
54734210418505,1.9713173,1.6049786,-3.844055
54734218292040,2.4891763,1.385706,-3.7717159
54734226196093,3.377316,1.0008125,-3.6529782
54734234130663,4.1102104,0.61254025,-3.7655947
54734242004198,4.046249,0.036337852,-3.6680439
54734249877734,3.1032953,-1.1282501,-5.747671
54734257781786,0.8088634,-1.7857842,-7.130843
54734265655321,-1.7890902,-1.8402114,-6.145108
54734273528857,-3.2083504,-1.901648,-4.063838
54734281432909,-0.346308,-1.0966005,-3.5032487
54734289367480,2.1712954,-0.9060154,-1.3147359
54734297271532,3.83105,-1.2363739,-1.7406276
54734305145068,4.386364,-1.1737995,-1.7140734
54734313079638,3.812025,-0.8511038,-1.8251898
54734320983691,3.2000933,-0.3015604,-1.8570457
54734328887743,1.2464607,0.22958279,-2.8653069
54734336761278,-1.7910166,-0.4256525,-2.7776046
54734344634814,-1.9716177,-1.8197384,-2.6148977
54734352569384,-0.60064423,-1.5634136,-2.344826
54734360473437,0.76257193,-0.788249,-2.4210613
54734368408007,0.7119312,-0.31901264,-2.425072
54734376312060,0.20029402,-0.12518597,-2.524319
54734384185595,0.91061354,-0.27233315,-2.338521
54734392120165,2.3933532,-0.51587296,-2.147964
54734400024218,2.4902763,2.2045374,-0.6050439
54734407928271,3.8469257,2.4452782,-1.4735659
54734415832323,4.5492544,1.5753555,-0.58224374
54734423705859,2.0966864,2.7704744,1.0157299
54734431609911,-0.77235246,4.1197977,5.7161527
54734439544482,-7.897408,4.0646667,6.1095834
54734447448534,-13.038668,1.0363674,2.7628129
54734455322069,-15.91747,-2.8266172,-5.0501986
54734463195605,-11.494916,-4.498885,-17.493544
54734471069140,-14.254884,-2.3106294,-13.094385
54734479034228,-27.542688,4.8461113,1.3330121
54734486938280,-19.303507,6.313304,1.3760523
54734494903368,-0.608366,4.5554857,0.12969464
54734502807421,4.425248,1.3316498,1.118385
54734510680956,8.48022,-0.683692,0.8024218
54734518646044,15.478505,-2.0295944,-0.4434042
54734526550097,19.783169,-2.6849866,0.39457798
54734534454150,10.669706,-1.1286955,-0.49316478
54734542327685,5.446932,0.32590294,-1.337683
54734550262255,2.7146437,1.3600588,-0.6547154
54734558166308,-0.84104514,1.9856892,-0.58477104
54734566070360,-4.0173564,1.7979431,-0.25379932
54734573943896,-4.6453614,1.2654123,-0.7298628
54734581908984,-3.8797867,0.6205416,-1.0081542
54734589782519,-2.0723662,0.3755026,-1.2716086
54734597656054,-0.5962778,0.34997654,-0.68075466
54734605621142,0.25402823,0.3304615,0.31758475
54734613555712,0.64686644,0.4083891,1.2469244
54734621429247,0.82374597,0.61557865,2.55835
54734629363818,0.518027,0.48026466,3.032924
54734637298388,0.0614578,0.17235756,3.4103234
54734645171923,-0.72917646,0.007475853,3.708053
54734653137011,-1.7618241,-0.15060997,3.5969024
54734661010546,-2.3980448,-0.06428528,3.2398365
54734668945116,-2.4231653,0.08931255,2.4071157
54734676849169,-2.3659244,0.2795601,1.8574282
54734684722704,-2.1888227,0.3888979,1.1634563
54734692596239,-1.6133758,0.39811325,0.95452964
54734700469775,-0.9651211,0.18753624,0.76148355
54734708434862,-0.37541533,-0.15188313,0.6128707
54734716308398,0.002178803,-0.40233707,0.42217398
54734724212450,0.031402558,-0.5137348,0.38972783
54734732147021,-0.04595336,-0.41391563,0.38032317
54734740020556,-0.42602643,-0.19154358,0.6618396
54734747924609,-0.7188959,0.08848667,0.4695413
54734755889696,-0.913703,0.3543558,0.5791075
54734763763232,-1.3068486,0.5125065,0.6572492
54734771636767,-1.981137,0.36199093,0.63995504
54734779601855,-2.1478314,0.15668964,0.62088346
54734787505907,-1.659746,0.15034771,0.606961
54734795379443,-1.0518475,0.13229465,0.6724217
54734803314013,-0.4742229,0.093070984,0.74334955
54734811187548,-0.03991817,0.12352848,0.89826226
54734819061083,0.34293288,0.14218044,1.2805735
54734826995653,0.5533774,0.27122402,1.4644518
54734834899706,0.8612711,0.45533752,1.6980653
54734842773241,1.0490336,0.6011381,1.7395856
54734850677294,0.7434876,0.67967606,1.8565316
54734858611864,0.2827996,0.83483505,1.8772798
54734866576952,-0.5259031,1.0137625,1.6242111
54734874450487,-1.2126722,1.0229731,1.6613312
54734882324023,-1.8197973,1.0376778,1.7217898
54734890228075,-1.9918642,0.9838152,1.7269027
54734898101610,-1.747318,1.0578918,1.7799714
54734906036181,-1.5797552,0.9889202,1.9682192
54734913970751,-1.5267227,0.9665537,2.2714906
54734921844286,-1.4461023,1.1869812,2.0835924
54734929809374,-1.1522276,1.4900532,1.9988585
54734937713427,-1.284482,1.7178211,2.05324
54734945586962,-1.1906846,1.6591358,2.0131454
54734953552050,-1.0641172,1.5470037,2.0815701
54734961456103,-1.0817937,1.4507475,2.0114937
54734969329638,-0.98632956,1.4273853,1.9500628
54734977233691,-0.82786745,1.4559612,1.8627133
54734985168261,-0.93615276,1.5867186,2.017416
54734993041796,-1.2940836,1.8509016,2.0838213
54735000915331,-1.1917315,2.3008013,2.6881466
54735008880419,-1.3362843,2.4680433,3.2313378
54735016753954,-1.4406375,2.6014194,3.839586
54735024658007,-1.6423689,2.899125,4.365519
54735032623095,-1.9066199,3.0850468,5.013422
54735040496630,-2.1582694,3.2514544,5.4718733
54735048461718,-2.4454823,3.6244955,5.659046
54735056335253,-2.5849912,4.319066,5.754073
54735064239306,-3.3705823,5.384509,6.0565734
54735072112841,-4.2031565,6.555829,5.9643536
54735080016894,-5.0177574,7.6486826,6.0469456
54735087981982,-5.487081,8.579996,5.733165
54735095886034,-6.058609,9.1302,5.8525467
54735103759569,-6.1395965,9.255072,5.953765
54735111663622,-5.4931107,9.147613,5.032162
54735119598193,-4.193401,8.863215,3.784523
54735127471728,-2.7533696,8.821215,2.9777641
54735135436816,-1.2719319,8.978576,3.0027108
54735143340868,0.049546123,8.794374,3.2539759
54735151214403,0.34770608,8.082306,2.5970051
54735159087939,0.9582505,7.463891,2.5447502
54735166991991,1.1641265,6.973321,2.8600285
54735174896044,0.988513,5.373675,3.5086706
54735182830614,1.8044196,2.2803187,2.3322163
54735190704150,2.937264,-0.29990864,-1.7673421
54735198608202,5.3337545,-6.4508824,-6.6215677
54735206481737,1.484602,-11.068802,1.0586596
54735214385790,-0.5738249,-5.841789,3.3830566
54735222289843,2.3621001,-2.117879,3.19614
54735230224413,2.4982996,-1.458879,4.99472
54735238128466,1.6001348,-1.3826003,4.3077545
54735246002001,0.3988213,-1.3823781,3.2943714
54735253875536,-1.3516438,-1.9435663,3.2075727
54735261810107,-2.1355507,-2.845202,3.4493823
54735269683642,-2.6011236,-3.6774588,2.5913632
54735277587694,-3.0190024,-4.392732,2.0620742
54735285491747,-2.9500287,-4.815607,1.3289533
54735293365282,-2.651611,-5.032159,0.95653486
54735301299853,-3.3437517,-5.1111465,0.51770353
54735309203905,-4.0818176,-4.949538,0.23196316
54735317107958,-4.488201,-4.4156537,0.462327
54735324981493,-3.7156384,-3.726729,0.24453115
54735332855028,-3.1804192,-3.3244138,-0.2744341
54735340820116,-2.7005553,-2.9071836,-0.37080383
54735348693651,-2.428731,-2.7320437,-0.77823496
54735356597704,-2.13266,-2.5342827,-1.0523205
54735364562792,-1.6940637,-2.1052794,-1.2117424
54735372466845,-1.079221,-1.6406732,-1.2250996
54735380340380,-0.8940186,-1.2008748,-1.600544
54735388305468,-1.0786974,-0.93968487,-1.6683469
54735396209521,-0.8774352,-0.43558693,-1.418102
54735404113573,-0.10342121,-0.20302963,-1.9068816
54735411987109,0.54334646,-0.17733955,-2.6003482
54735419952196,0.7911054,-0.26326752,-3.011187
54735427856249,0.882612,-0.21781445,-3.2732763
54735435760302,0.861473,0.15732098,-2.8444078
54735443633837,0.860235,0.69152737,-2.6592295
54735451507372,0.9656536,1.0715075,-2.9237866
54735459472460,1.1352795,1.338089,-3.0240264
54735467345995,1.4118086,1.4672365,-3.2940767
54735475219530,1.6283017,1.5380592,-3.28393
54735483093066,1.3660815,1.5432425,-3.0905824
54735490966601,1.3527302,1.6140203,-3.0614557
54735498901171,1.4822156,1.6493101,-3.2875993
54735506805224,1.2752753,1.6844568,-3.3321564
54735514709276,1.1772821,1.5510368,-3.1947885
54735522613329,1.2219684,1.3985386,-3.2032743
54735530486864,1.6038339,1.0624762,-3.3303404
54735538390917,1.9756318,0.762249,-3.303744
54735546356005,2.0855176,0.24622917,-3.5067556
54735554260058,2.093976,-0.6934328,-4.015363
54735562194628,1.7258527,-1.8749976,-6.6165085
54735570098681,-0.14473891,-1.4486055,-5.055362
54735578002734,-1.8796849,-1.7267118,-4.2439475
54735585967821,-2.2879317,-1.652122,-3.7853703
54735593841357,-0.89287686,-1.0993423,-2.8615775
54735601806444,0.1935997,-0.96055603,-2.1506298
54735609710497,1.7709699,-1.051712,-1.8967154
54735617584032,2.9742358,-0.94142246,-1.8083032
54735625549120,3.3137107,-0.9382191,-2.0059724
54735633453173,3.4063675,-1.3032703,-2.284069
54735641357226,3.5177183,-1.6228213,-2.772707
54735649230761,3.4342303,-1.5923443,-3.178286
54735657104296,2.9800653,-1.3963003,-3.4282875
54735664977831,2.2744253,-1.14221,-3.6486936
54735672912401,1.8244942,-0.9731436,-3.8355756
54735680785937,1.3252938,-0.66514015,-4.1436777
54735688659472,0.82839054,-0.5696697,-4.6301255
54735696594042,1.0747882,4.5000563,-1.6493723
54735704498095,4.0429115,5.9661894,0.9239532
54735712371630,4.271624,6.517556,1.396158
54735720245165,-1.818193,7.0053015,4.082822
54735728179735,-16.86897,1.8622227,0.3421768
54735736114306,-25.862892,-2.0651908,1.9801681
54735743987841,-20.220879,-3.8230572,-0.37138736
54735751891894,-8.581854,-2.7709417,-0.46612582
54735759856982,-6.373147,-1.7401772,-0.3493705
54735767761034,-7.2177067,0.26795673,-4.2316914
54735775634569,-7.4769506,2.3113756,-4.5077653
54735783569140,-7.3027983,2.2380753,-2.9447653
54735791534228,-5.5179443,0.6465759,-0.9133891
54735799438280,-1.1143223,0.2744007,3.6399384
54735807311816,4.755685,0.27561474,1.7911475
54735815246386,11.717309,0.9974165,-0.31560975
54735823150439,14.85085,0.17341518,-2.3830743
54735831023974,14.436491,-0.2906227,-2.6548986
54735838989062,9.073612,0.17112064,-1.530752
54735846893114,1.8868989,0.017814636,-2.1079369
54735854797167,-2.284704,0.012223244,-2.2324944
54735862762255,-2.8391564,0.90114784,-2.8811488
54735870666308,-3.5938833,1.3191576,-1.9214445
54735878570360,-3.4948459,1.4025307,-2.1219876
54735886443896,-2.2401507,1.5029459,-0.92556
54735894378466,-0.45948005,1.3374443,-0.73920465
54735902313036,2.0766149,1.3743773,-0.4863491
54735910186571,2.4664693,0.93392277,-0.44573593
54735918151659,1.1997806,0.52642727,0.15355217
54735926055712,0.33572105,0.39880657,0.609761
54735933929247,0.24408758,0.5489502,0.6443448
54735941894335,0.80014527,0.7257271,0.48110366
54735949767870,1.0586805,0.67523384,0.42619705
54735957641405,1.1099217,0.7179394,0.3453554
54735965514941,1.2170769,0.5896225,0.549114
54735973449511,0.9169629,0.40259266,0.5509381
54735981353564,0.13885462,0.2622509,0.7748201
54735989227099,-0.7360624,0.15719223,0.69161975
54735997192187,-1.0272162,0.19992065,0.45485342
54736005065722,-0.9392294,0.10072994,0.6245401
54736012969775,-1.1590934,-0.027519226,0.98144734
54736020934862,-1.3090196,-0.20621586,1.4353713
54736028808398,-1.1342349,-0.2895069,2.0024939
54736036712450,-0.9345096,-0.36631775,2.7221887
54736044647021,-1.0852895,-0.47507477,3.3089795
54736052551073,-1.2687203,-0.569952,4.09233
54736060424609,-1.3885818,-0.52568626,4.903331
54736068359179,-1.2601035,-0.37349033,5.073934
54736076232714,-1.1441004,-0.30950737,4.8323374
54736084106249,-1.3498452,-0.28285503,4.465661
54736092040819,-1.5068153,-0.17355728,3.7739651
54736099944872,-1.3069308,-0.07260513,3.0038266
54736107818407,-1.0384455,0.029641151,2.136079
54736115691943,-0.8399924,0.08529568,1.594274
54736123657030,-0.637156,0.3480444,1.3060066
54736131530566,-0.26609832,0.37671757,0.8545815
54736139404101,0.11898206,0.38218784,0.42237568
54736147308153,0.11595103,0.34760284,0.35848904
54736155273241,0.13732347,0.44529533,0.30820966
54736163146776,0.21671441,0.5146761,0.37855983
54736171050829,0.4565093,0.60356617,0.456774
54736179015917,0.40959084,0.48275948,0.49479485
54736186889452,0.5571557,0.44855595,0.50478673
54736194762987,0.520856,0.3428917,0.50334525
54736202667040,0.31276625,0.26870918,0.6268594
54736210601610,-0.089934826,0.2690277,0.93722355
54736218505663,-0.3834715,0.23361397,1.0247523
54736226409716,-0.48710257,0.27251053,1.2483069
54736234283251,-0.67026544,0.29961014,1.6009358
54736242187304,-0.7609879,0.35322094,1.7427139
54736250060839,-0.76472676,0.3373642,1.8525873
54736257934374,-0.5577879,0.42251778,1.8914353
54736265899462,-0.568985,0.35282326,2.039775
54736273834032,-0.5355059,0.3415165,2.2477026
54736281707568,-0.5500299,0.37675667,2.168318
54736289642138,-0.43401572,0.38164616,2.0090234
54736297546191,-0.6151023,0.32324028,1.7066766
54736305419726,-0.817116,0.19194889,1.5507277
54736313384814,-0.94580585,0.20619106,1.1857452
54736321258349,-0.7676506,0.49726582,0.54348207
54736329162401,-0.49851736,0.8153639,0.52425647
54736337127489,-0.45375296,1.0444489,0.66681385
54736345062060,-0.3415338,1.1094227,0.9399779
54736352935595,-0.49776158,1.1323586,1.0083382
54736360839648,-0.63645345,1.0558119,1.1017408
54736368774218,-0.39750412,1.1499996,1.1786866
54736376678271,-0.071964875,1.4372492,1.1379268
54736384551806,-0.015948966,1.8472824,1.1976767
54736392516894,-0.15170535,2.210824,1.0842028
54736400390429,-0.17132396,2.2353182,1.1124539
54736408263964,-0.31767654,2.1720238,1.4185402
54736416229052,-0.25116003,2.3926182,1.2973347
54736424102587,0.041257903,2.7382994,1.4797473
54736432006640,-0.10700609,3.144744,1.8228085
54736439910693,-0.40476972,3.2958612,1.9193776
54736447784228,-0.5152981,3.2248325,1.9531987
54736455749316,-0.62599874,3.2936459,2.3009534
54736463622851,-0.9956821,3.5182695,2.2764473
54736471526903,-1.4234599,3.76828,2.2559886
54736479491991,-1.9037571,4.143977,2.6151626
54736487365526,-1.9567187,3.953041,3.5455694
54736495239062,-2.2354012,3.574666,3.933549
54736503112597,-1.8141444,3.0539198,4.152265
54736511016650,-0.9690417,2.2176895,4.369067
54736518981737,-0.424445,1.8678417,3.997738
54736526855273,0.4024334,2.3288012,3.2648644
54736534759325,1.5554055,2.7984838,2.9119997
54736542693896,1.8709184,2.9806776,2.2977185
54736550597948,1.6503409,2.7528477,1.0997982
54736558471484,1.8040987,3.110567,-1.4070196
54736566406054,1.6258644,3.2057953,0.29928255
54736574310107,1.1271406,2.5872307,-1.5008812
54736582214159,1.2261727,3.2196517,-1.7230463
54736590087694,-0.14583324,1.1513152,3.183224
54736597961230,-0.7256836,1.3011179,3.7321203
54736605926318,-0.3942191,0.42624044,4.074062
54736613799853,0.43000734,-1.0306664,3.2662477
54736621703905,1.0315573,-1.4808378,3.492975
54736629638476,1.2802503,-1.6256547,3.6787572
54736637512011,1.498589,-1.7455082,4.2434797
54736645446581,1.4167393,-1.8478575,4.0249844
54736653320116,1.2601056,-1.8586135,3.6734893
54736661193651,0.7450109,-1.9207649,2.7582917
54736669067187,-0.19559126,-1.8616467,2.0360873
54736676971239,-1.0511092,-1.9617248,1.2287128
54736684905810,-1.5193585,-1.9334764,0.33195305
54736692779345,-2.1419513,-1.7816405,-0.37421656
54736700683398,-2.6639957,-1.5272293,-0.6568961
54736708556933,-3.2129393,-1.5158939,-0.9665351
54736716430468,-3.7739127,-1.4501357,-1.395724
54736724365038,-3.6413417,-1.5106273,-1.9592013
54736732269091,-3.142621,-1.5547743,-2.281797
54736740173144,-2.4127455,-1.4404964,-2.4218566
54736748077196,-1.6060324,-1.3212104,-2.76779
54736755950732,-1.157126,-1.1047535,-2.9212065
54736763885302,-1.0806515,-0.88776493,-3.3447769
54736771758837,-1.4136647,-0.6958847,-3.8132894
54736779662890,-1.9138402,-0.51255035,-4.3081083
54736787566943,-2.3970418,-0.3283863,-4.7484794
54736795440478,-2.587193,-0.23385811,-4.6334667
54736803375048,-2.5064068,-0.30787277,-4.7678328
54736811279101,-2.2399309,-0.5181074,-4.798552
54736819152636,-1.891726,-0.49475574,-5.0162563
54736827026171,-1.5667639,-0.3295803,-5.0242314
54736834899706,-1.2481875,-0.22882557,-4.9720583
54736842803759,-0.89411855,-0.053639412,-4.913066
54736850768847,-0.21572536,0.054035187,-4.8515716
54736858672900,0.8125509,0.29055214,-6.2358046
54736866637987,0.9610715,0.2603197,-6.5560074
54736874542040,0.49228638,0.10186958,-5.393453
54736882415575,-0.17938626,0.03259182,-5.3173122
54736890350146,-0.86961865,0.009297371,-5.5982633
54736898284716,-1.3009315,0.09120178,-5.9142494
54736906158251,-1.4977741,0.1213913,-5.9668527
54736914031786,-1.5965362,0.16868114,-5.6158047
54736921966357,-1.5235364,0.16745949,-5.0466933
54736929900927,-1.1007007,-0.024193764,-4.6239877
54736937804980,-0.59519327,-0.3306284,-4.4521027
54736945709032,-0.0894531,-0.6877184,-4.2947483
54736953582568,0.64320296,-1.2804632,-4.0039763
54736961486620,1.5987167,-2.1862674,-4.202958
54736969451708,1.8967075,-2.736836,-4.186748
54736977355761,1.0239224,-2.1422648,-3.4378862
54736985229296,1.9499114,-1.877377,-3.4953058
54736993102831,2.0025957,-2.38551,-4.337803
54737001067919,1.2539812,-2.3508592,-4.228396
54737008941454,1.1391727,0.47226143,-1.6977336
54737016845507,-0.45566022,2.4286242,1.7175337
54737024780077,-2.7833338,3.6766539,4.7555604
54737032653612,-4.758856,3.7630854,5.7621717
54737040557665,-7.4120617,1.8248653,3.6367087
54737048431200,-7.184411,-0.5998335,2.1549184
54737056365771,-4.846897,-2.1671524,0.26574704
54737064330859,-3.7887645,-2.5893798,-1.4907398
54737072234911,-4.857161,-1.8490391,-1.5688158
54737080138964,-6.6298327,-0.11923504,-0.017142564
54737088104052,-6.3301735,1.8653412,1.1094936
54737095977587,-3.9374232,2.5898533,1.5528555
54737103942675,-0.32250535,2.005558,0.92664254
54737111846728,3.4225445,0.9381933,0.52879214
54737119750780,6.6255965,0.32404327,0.7695099
54737127715868,6.1904783,0.42095852,0.92334616
54737135650439,3.1361163,0.3085699,1.2192945
54737143585009,0.32929254,-0.32021618,1.3675086
54737151458544,-1.1281303,-0.8312235,1.2968478
54737159393114,-1.3283566,-0.81285477,1.1645555
54737167327685,-0.7776506,-0.47366238,1.1131433
54737175201220,0.29115593,-0.08432293,1.0261489
54737183166308,1.3856965,0.16851139,0.9981699
54737191039843,2.015535,0.16519833,1.1896334
54737198913378,2.1397536,0.14751434,1.2822206
54737206847948,1.7412615,0.09862995,1.0895082
54737214752001,1.1130785,-0.06264877,1.1418059
54737222625536,0.48433018,-0.20682812,1.1221046
54737230529589,-0.14765322,-0.23346138,1.1253273
54737238433642,-0.4434917,-0.20251942,1.0967036
54737246398730,-0.5277078,-0.15232658,1.1084113
54737254272265,-0.4843006,-0.1044426,1.1047558
54737262237353,-0.39034224,-0.11877537,1.1092188
54737270141405,-0.3009951,-0.09955788,1.052002
54737278014941,-0.26656592,-0.080251694,1.0390875
54737285918993,-1.0102576,-0.19736004,0.85756004
54737293853564,-0.19595397,-0.03955078,1.0686554
54737301727099,0.4937529,0.06561756,0.8697388
54737309600634,0.5839719,0.041775703,0.6866256
54737317535204,0.28821957,-0.012867928,0.56708205
54737325469775,0.04784894,-0.04828453,0.622097
54737333373827,0.12333095,0.043190002,0.5045204
54737341277880,0.380849,0.12993622,0.4075848
54737349242968,0.6364023,0.08512306,0.4863792
54737357116503,0.7569296,-0.0121126175,0.5568012
54737364990038,0.5477958,-0.17623997,0.32922557
54737372955126,0.5920474,-0.182333,0.7056377
54737380828661,0.9173472,0.25706482,0.60705495
54737388702196,0.67926145,0.4597044,0.8543668
54737396636767,0.42783642,0.24354649,1.0407106
54737404540819,0.35413843,-0.06108761,0.8719319
54737412414355,0.32816786,-0.24830341,0.9491771
54737420379443,0.24003184,-0.2869978,1.2069609
54737428252978,0.19049478,-0.1939497,1.0983274
54737436187548,0.12413788,-0.115133286,1.0038922
54737444061083,0.19082189,-0.11018467,1.1066704
54737451965136,0.32765198,-0.13127422,1.2310622
54737459899706,0.33808303,-0.1281786,1.1955945
54737467803759,0.40244603,-0.13703537,1.1058173
54737475707812,0.72599787,-0.23443413,1.1493814
54737483672900,0.558886,-0.28609753,1.1688085
54737491546435,0.36911535,-0.15793133,1.0962255
54737499511523,0.043009043,-0.06774044,1.0662352
54737507415575,-0.051169634,-0.080272675,1.0529151
54737515319628,-0.090456605,-0.1620884,0.93956715
54737523284716,-0.10158968,-0.22224617,0.900491
54737531188769,-0.05891657,-0.23927689,0.8899814
54737539092821,-0.010508299,-0.17498493,0.7841955
54737547057909,0.02398467,-0.13000584,0.6981093
54737554931444,0.025377631,-0.13309956,0.6795885
54737562804980,-0.015692353,-0.12448788,0.4565125
54737570739550,-0.0040706396,-0.12335873,0.36595333
54737578613085,0.04128623,-0.110601425,0.18575609
54737586486620,0.022123933,-0.045469284,0.07562256
54737594421191,0.029582381,-0.006887436,0.07561779
54737602325243,-6.3312054E-4,0.03631401,0.051553965
54737610198778,-0.035161972,0.02436161,0.067103386
54737618133349,-0.012056708,-0.030732155,0.11437893
54737626067919,0.07348287,-0.064291954,0.22902119
54737634002489,0.1326409,-0.06673241,0.2502998
54737641906542,0.11754972,-0.059576035,0.23783553
54737649841112,0.183658,-0.061986923,0.20593584
54737657714648,0.18043923,-0.08590317,0.22399986
54737665588183,0.07924855,-0.09306145,0.24947095
54737673522753,-0.033519983,-0.08582592,0.16254091
54737681426806,-0.15790534,-0.09777641,-0.031473875
54737689300341,-0.06758332,-0.27725506,0.0867573
54737697204394,0.22428483,-0.23407269,0.092908025
54737705169482,-0.14635909,-0.061525345,0.1732353
54737713043017,-0.15802956,0.022434235,0.21749854
54737720916552,-0.043135643,0.03935814,0.1943866
54737728820605,0.030969143,-0.017884254,0.29039025
54737736785693,0.08357608,-0.041581154,0.3670485
54737744689745,0.13865155,0.008964539,0.40527654
54737752563280,0.19107938,0.0068769455,0.45247638
54737760528368,0.14794475,-0.040662766,0.41574323
54737768432421,0.026004553,-0.02593708,0.32400227
54737776305956,-0.012104273,0.019950867,0.33011746
54737784179491,-0.097800374,-0.0083761215,0.27664578
54737792144579,-0.1812334,-0.043907166,0.17774427
54737800018114,0.12774462,-0.18484783,0.08640635
54737807891650,0.20591152,-0.17484474,0.15108871
54737815856737,-0.30263007,-0.34205246,0.27110124
54737823760790,-0.18187046,-0.25798702,0.243361
54737831664843,-0.084607124,-0.1020937,0.24476802
54737839538378,-0.063976526,-0.01565075,0.28465366
