54893858502013,0.029294772,0.0058589545,0.013315806
54893866406065,0.029294772,0.0058589545,0.013315806
54893874340636,0.029294772,0.0058589545,0.013315806
54893882214171,0.029294772,0.0058589545,0.013315806
54893890148741,0.029294772,0.0058589545,0.013315806
54893898083311,0.029294772,0.0058589545,0.013315806
54893905987364,0.029294772,0.0058589545,0.013315806
54893913891417,0.029294772,0.0058589545,0.013315806
54893921764952,-0.017044231,-0.007456851,0.013848438
54893929699522,-0.016511599,0.007456851,0.01438107
54893937603575,-0.015978966,0.0053263223,0.01917476
54893945507628,-0.0063915867,-0.009054748,0.01917476
54893953411681,0.004261058,-0.03355583,0.015446335
54893961285216,0.009054748,-0.034621093,0.015978966
54893969219786,0.008522116,-0.027696876,0.0031957934
54893977093321,0.01438107,-0.03781689,-0.013315806
54893984997374,0.0314253,-0.033023197,-0.01438107
54893992901427,0.049534798,-0.029827405,-0.012250541
54894000835997,0.075101145,-0.017044231,-0.02396845
54894008770567,0.09427591,0.008522116,-0.03568636
54894016644102,0.10865697,0.032490566,-0.043675844
54894024548155,0.11824436,0.06231797,-0.05219796
54894032452208,0.1438107,0.06764429,-0.072970614
54894040325743,0.16937704,0.03834952,-0.091080114
54894048260313,0.19068234,0.025566347,-0.0958738
54894056194884,0.21944448,0.039414786,-0.11132014
54894064068419,0.24820662,0.06338324,-0.123038046
54894072002989,0.28868666,0.09161274,-0.13475595
54894079876524,0.32384038,0.12996227,-0.14434333
54894087811095,0.3669836,0.17204021,-0.14913702
54894095684630,0.4111921,0.19547603,-0.16405073
54894103588683,0.4564658,0.18535602,-0.17257284
54894111462218,0.49801114,0.15606125,-0.17257284
54894119396788,0.5368933,0.1587244,-0.16937704
54894127331358,0.57790595,0.1587244,-0.16884442
54894135174376,0.60933125,0.15393071,-0.17310548
54894143078429,0.66152924,0.17097494,-0.17576863
54894150982481,0.69987875,0.19121496,-0.17310548
54894158886534,0.7435546,0.21198763,-0.17949706
54894166821104,0.79735047,0.23595607,-0.17310548
54894174694640,0.8644621,0.24980451,-0.17257284
54894182629210,0.91825795,0.24501082,-0.16618125
54894190563780,0.9752496,0.2412824,-0.14966966
54894198437315,1.0365024,0.19973709,-0.12836437
54894206371886,1.0902982,0.10759171,-0.11824436
54894214214903,1.1531488,-0.032490566,-0.09960223
54894222118956,1.2181299,-0.17630127,-0.068176925
54894230053526,1.2873721,-0.30999196,-0.034621093
54894237927061,1.3507553,-0.43569317,-0.004261058
54894245892149,1.4008228,-0.5470133,0.046871636
54894253765684,1.4386396,-0.6775082,0.12250541
54894261669737,1.4620755,-0.82398206,0.23861924
54894269543272,1.4487597,-0.93903065,0.36751625
54894277477843,1.4056164,-1.010936,0.49641323
54894285412413,1.3518206,-1.0503508,0.6428871
54894293285948,1.3022858,-1.0562097,0.77604514
54894301190001,1.2873721,-1.0120013,0.8815063
54894309094054,1.3235911,-0.87777793,0.9576728
54894316998106,1.3784522,-0.7036072,0.93849796
54894324932677,1.4647386,-0.57098174,0.8474179
54894332806212,1.5025555,-0.47564057,0.76912093
54894340740782,1.4317155,-0.44528055,0.7621967
54894348644835,1.3299826,-0.505468,0.7462177
54894356487852,1.1813782,-0.588026,0.67484504
54894364422423,0.99762017,-0.73769563,0.63223445
54894372326475,0.80374205,-0.7957525,0.6375608
54894380261046,0.5725796,-0.84422207,0.4809669
54894388195616,0.31478566,-0.74941355,0.2743056
54894396069151,0.040480047,-0.6396913,0.111852765
54894404003722,-0.25566345,-0.65034395,-0.039414786
54894411877257,-0.5496765,-0.7137272,-0.19707392
54894419781309,-0.8266452,-0.8341021,-0.33662358
54894427715880,-1.0338391,-1.0444918,-0.4362258
54894435619933,-1.2277173,-1.3566142,-0.5161206
54894443585020,-1.419465,-1.8061559,-0.52837116
54894451458556,-1.5137408,-2.1443772,-0.53795856
54894459362608,-1.6016251,-2.489523,-0.53316486
54894467236143,-1.6703347,-2.6876621,-0.49321744
54894475170714,-1.7390442,-2.6951191,-0.42663842
54894483105284,-1.8002969,-2.5124261,-0.3685815
54894490978819,-1.8386464,-2.1662152,-0.31957933
54894498882872,-1.8354506,-1.7342505,-0.28122982
54894506817442,-1.7832527,-1.2713932,-0.24873926
54894514721495,-1.7385116,-0.8410263,-0.20240025
54894522656065,-1.695901,-0.4889564,-0.13422333
54894530560118,-1.6298546,-0.21252026,-0.077231675
54894538464171,-1.5462314,0.0015978967,-0.041545313
54894546368224,-1.4434333,0.18482338,-0.027164243
54894554272276,-1.3267869,0.45540056,-0.044208474
54894562206847,-1.0439591,0.94329166,-0.28868666
54894570080382,-0.92464954,0.96299905,-0.73822826
54894577984434,-0.86233157,0.5299691,-0.35952675
54894585888487,-0.6860303,0.03568636,0.45060685
54894593792540,-0.47137952,0.120907515,0.5187838
54894601696593,-0.4063984,0.773382,0.27164245
54894609570128,-0.37923414,1.1201255,0.36218992
54894617474181,-0.2775014,1.5355787,0.47191215
54894625408751,-0.15978967,2.0804615,0.49694586
54894633343321,-0.036751624,2.3025692,0.5267733
54894641277891,0.07989483,2.3073628,0.49215218
54894649151427,0.16138756,2.392584,0.45327002
54894657055479,0.21092236,2.5513084,0.43675843
54894664929015,0.2615224,2.6407907,0.40266997
54894672863585,0.32011196,2.6636937,0.3355583
54894680798155,0.39041942,2.6636937,0.28708878
54894688641173,0.44421527,2.6770096,0.2790993
54894696545225,0.47031426,2.748915,0.26365295
54894704449278,0.46924898,2.7563717,0.2130529
54894712353331,0.4426174,2.4309335,0.24873926
54894720287901,0.42344263,2.1321268,0.36485308
54894728161436,0.41545314,2.0687435,0.39095205
54894736065489,0.41225734,2.2152174,0.30999196
54894744000059,0.4250405,2.5182853,0.21092236
54894751873595,0.42077947,2.8181572,0.16245283
54894759808165,0.3616573,2.893791,0.32437304
54894767681700,0.38083205,3.0029805,0.28176245
54894775616270,0.49694586,3.8855522,-0.24341293
54894783550841,0.6535397,4.4032707,-0.5384912
54894791424376,0.86020106,4.567854,-0.515588
54894799358946,1.0295781,4.417119,-0.47830373
54894807262999,1.0940266,4.0224385,-0.36005938
54894815167052,1.0988203,3.2037828,-0.24181503
54894823071104,1.045557,2.1720743,-0.101200126
54894830944640,0.8697884,1.2751216,0.09161274
54894838909727,0.7392935,0.3206446,0.38722363
54894846813780,0.6860303,-0.45593318,0.5965481
54894854717833,0.6988135,-1.0327739,0.5587312
54894862652403,0.73609775,-1.1638014,0.545948
54894870556456,0.7387609,-1.0045444,0.7073356
54894878521544,0.6679208,-0.55074173,0.7440872
54894886425597,0.5475459,0.06657903,0.4511395
54894894329649,0.47137952,0.45060685,0.13688648
54894902264220,0.43303,0.59867865,0.023435818
54894910137755,0.41971418,0.62264705,0.01917476
54894918072325,0.42024684,0.53795856,0.07456851
54894925945860,0.44794372,0.30360037,0.15233281
54894933849913,0.47351006,0.11132014,0.1933455
54894941723448,0.47723848,-0.01438107,0.21252026
54894949627501,0.47191215,-0.026631612,0.2263687
54894957562071,0.4463458,0.06924219,0.2396845
54894965435606,0.4101268,0.16405073,0.2066613
54894973339659,0.37071204,0.22104238,0.11611383
54894981243712,0.34514567,0.21038973,0.01917476
54894989178282,0.3158509,0.14647387,-0.034621093
54894997143370,0.30200246,-0.0063915867,-0.06498113
54895005016905,0.30786142,-0.14061491,-0.09161274
54895012890440,0.314253,-0.18109496,-0.09960223
54895020825011,0.30945933,-0.11824436,-0.10173275
54895028729063,0.31158987,-0.06018744,-0.118776985
54895036663634,0.33129725,0.048469532,-0.14966966
54895044567686,0.35952675,0.14594123,-0.15446335
54895052441222,0.37923414,0.18801917,-0.12942964
54895060375792,0.42557314,0.15073492,-0.105993815
54895068249327,0.49481535,0.099069595,-0.08894958
54895076183897,0.5651228,0.07243799,-0.056459017
54895084087950,0.62371236,0.050600063,-0.02130529
54895092022520,0.660464,0.048469532,0.0010652645
54895099926573,0.7057377,0.06870956,0.01917476
54895107891661,0.7462177,0.05752428,0.01438107
54895115795714,0.76912093,0.07563378,0.0063915867
54895123699766,0.7803062,0.092145376,-0.0037284256
54895131634337,0.7819041,0.123038046,-0.025033714
54895139568907,0.76912093,0.15073492,-0.039947417
54895147442442,0.7435546,0.15659387,-0.068176925
54895155377013,0.7206514,0.12250541,-0.10705908
54895163281065,0.70147663,0.08575379,-0.13262543
54895171185118,0.6801714,0.007456851,-0.15659387
54895179089171,0.6609966,-0.054328486,-0.18322548
54895186962706,0.6487461,-0.083090626,-0.19760656
54895194897276,0.64395237,-0.09640643,-0.2066613
54895202770811,0.6450176,-0.07669904,-0.22210763
54895210674864,0.6540724,-0.05006743,-0.23542345
54895218609434,0.6711166,-0.021837922,-0.24234766
54895226482970,0.6956177,0.01438107,-0.24554345
54895234417540,0.72437984,0.04474111,-0.2514024
54895242291075,0.7536746,0.084155895,-0.25246766
54895250195128,0.7781757,0.13156016,-0.24980451
54895258068663,0.81066626,0.15286545,-0.24980451
54895266003233,0.8511463,0.1768339,-0.25406557
54895273937804,0.88843054,0.2034655,-0.25726137
54895281841856,0.9310411,0.21145499,-0.26045716
54895289745909,0.9736517,0.221575,-0.27483824
54895297649962,1.0141318,0.23915187,-0.28016454
54895305523497,1.0439591,0.22796659,-0.27483824
54895313458067,1.077515,0.21411815,-0.27004454
54895321362120,1.1227888,0.19014971,-0.27483824
54895329266173,1.154214,0.17736652,-0.27803403
54895337170225,1.2053467,0.17470337,-0.27696875
54895345043761,1.2596753,0.16245283,-0.26684874
54895352978331,1.3267869,0.12942964,-0.2396845
54895360851866,1.4093449,0.058056913,-0.19707392
54895368755919,1.5153387,-0.024501082,-0.15286545
54895376629454,1.6378441,-0.08575379,-0.090014845
54895384564024,1.7608821,-0.11930962,-0.006924219
54895392498595,1.8823223,-0.13528858,0.08948222
54895400372130,2.0010993,-0.17044231,0.19547603
54895408276183,2.108691,-0.24021713,0.31318775
54895416210753,2.197108,-0.34567833,0.44794372
54895424114806,2.2642195,-0.47510794,0.5837649
54895432079893,2.3318639,-0.6428871,0.7254451
54895439953429,2.4021714,-0.8825716,0.871919
54895447857481,2.4213462,-1.0588728,0.92731273
54895455731016,2.3510387,-1.1845741,0.99708754
54895463665587,2.3089607,-1.2825783,1.1100056
54895471630675,2.3297334,-1.2319783,1.1574098
54895479504210,2.3094933,-1.0839065,1.1462245
54895487408263,2.2168152,-0.9374327,1.1014835
54895495281798,2.1385183,-0.7813715,0.98430437
54895503216368,2.0229373,-0.6854977,0.8697884
54895511150938,1.8727349,-0.8165252,0.8149273
54895519024474,1.5883093,-1.2181299,0.78723043
54895526898009,1.2543489,-1.5318503,0.7621967
54895534802061,0.87777793,-1.7864485,0.72011876
54895542736632,0.040480047,-1.2756542,0.63010395
54895550671202,-0.23915187,-1.4487597,1.200553
54895558544737,-0.6247776,-1.4327807,1.3273195
54895566479308,-0.8159926,-1.4631407,1.1558119
54895574413878,-1.0583402,-1.5403724,1.0253171
54895582287413,-1.3576796,-1.4524881,0.9012137
54895590221983,-1.6740631,-1.1787151,0.8159926
54895598095518,-1.9659456,-0.8223842,0.73609775
54895605969054,-2.1656826,-0.62584287,0.6775082
54895613873106,-2.4208136,-0.509729,0.5763081
54895621777159,-2.6280074,-0.45380265,0.42717105
54895629711729,-2.8021781,-0.4745753,0.29933932
54895637585265,-2.9332056,-0.5747102,0.17576863
54895645489317,-3.0376017,-0.7238472,0.096939065
54895653393370,-3.1164312,-0.928378,0.04314321
54895661297423,-3.1670313,-1.1638014,0.009054748
54895669231993,-3.2112398,-1.3773869,-0.015978966
54895677105528,-3.2671661,-1.4711303,-0.010120012
54895685040099,-3.3177662,-1.4141386,5.326322E-4
54895692974669,-3.3662357,-1.2170646,0.0127831735
54895700878722,-3.410977,-0.90920323,0.03834952
54895708813292,-3.4386737,-0.4426174,0.05219796
54895716686827,-3.4722295,0.17470337,0.012250541
54895724621397,-3.4993937,0.6892261,-0.066046394
54895732525450,-3.5009916,1.0338391,-0.128897
54895740398985,-3.4732947,1.2080098,-0.16990969
54895748303038,-3.4285536,1.2170646,-0.1784318
54895756176573,-3.3768883,1.0950918,-0.18162759
54895764080626,-3.3081787,0.9395633,-0.1949434
54895772015196,-3.2314796,0.83037364,-0.21571605
54895779919249,-3.1537154,0.7930894,-0.23702134
54895787853819,-3.1004522,0.82398206,-0.26684874
54895795788390,-3.053048,0.9038769,-0.3009372
54895803692442,-2.9928606,1.0333065,-0.3552657
54895811565977,-2.9209552,1.164334,-0.40852892
54895819500548,-2.8607676,1.3006879,-0.42983422
54895827435118,-2.8064392,1.4519554,-0.44048685
54895835278136,-2.7712855,1.536644,-0.41545314
54895843182188,-2.7302728,1.5286545,-0.37337518
54895851055724,-2.6839337,1.448227,-0.34248254
54895858990294,-2.6051042,1.274589,-0.30626354
54895866924864,-2.4495757,1.2085425,-0.30253512
54895874828917,-2.1161478,1.0663297,-0.50120693
54895882732970,-2.0032299,0.79735047,-0.93849796
54895890667540,-1.9451729,0.5949502,-0.5123922
54895898541075,-1.8120148,0.57364494,0.0777643
54895906475645,-1.5696672,0.72437984,0.36751625
54895914379698,-1.3821807,1.0839065,0.24980451
54895922283751,-1.2181299,1.685781,0.11025487
54895930187804,-1.0476876,2.4453146,0.07669904
54895938122374,-0.85540736,3.0748858,0.1603223
54895946056944,-0.6151902,3.4716969,0.20985709
54895953899962,-0.35792887,3.6245623,0.20080236
54895961804015,-0.10333065,3.6362803,0.24554345
54895969677550,0.23755397,3.5702338,0.294013
54895977581602,0.7089335,3.4445326,0.3882889
54895985516173,1.0540792,3.6272254,0.42770368
54895993389708,1.0066749,4.1433463,0.30999196
54896001293761,0.7307714,4.792625,0.23062976
54896009167296,0.65460503,4.788364,0.108124346
54896017101866,0.94808537,4.083691,-0.09853696
54896025036436,1.3086774,2.9944584,0.0010652645
54896032940489,1.5414376,1.2708606,0.33822146
54896040814024,1.5382419,-0.25726137,0.77444726
54896048748595,1.6655409,-1.2420983,1.4434333
54896056622130,1.7528926,-1.5994946,1.8801918
54896064556700,1.7102821,-1.4956313,1.9020296
54896072430235,1.5494272,-1.0849719,1.5531555
54896080334288,1.33957,-0.60773337,1.1568772
54896088207823,1.1494204,-0.13688648,1.0290455
54896096142393,0.9736517,0.36005938,0.95607483
54896104076964,0.8309063,0.84209156,0.700944
54896111950499,0.6689861,1.019458,0.44421527
54896119854552,0.5470133,0.80107886,0.2657835
54896127758604,0.479369,0.45486793,0.17150758
54896135632140,0.43729106,0.1784318,0.20186761
54896143597227,0.4048005,-0.058589544,0.30679616
54896151470763,0.36005938,-0.25885928,0.396811
54896159374815,0.34141725,-0.47723848,0.43089947
54896167248350,0.34088463,-0.5432849,0.4101268
54896175182921,0.330232,-0.42184472,0.3669836
54896183117491,0.28655612,-0.16618125,0.3158509
54896190960509,0.23755397,0.06870956,0.21997711
54896198864561,0.19973709,0.24021713,0.13954964
54896206799132,0.18162759,0.16831179,0.108124346
54896214672667,0.19281286,-0.053795855,0.10652645
54896222576720,0.20879184,-0.2790993,0.14966966
54896230480772,0.23808661,-0.3920173,0.18588865
54896238384825,0.27483824,-0.43995422,0.18269286
54896246319395,0.30519825,-0.39041942,0.17150758
54896254223448,0.34248254,-0.22530343,0.16085494
54896262158018,0.39414784,-0.049002163,0.15765914
54896270031554,0.4495416,0.03834952,0.1454086
54896277966124,0.5187838,0.08468852,0.1470065
54896285900694,0.60507023,0.08468852,0.175236
54896293774229,0.6854977,0.068176925,0.22530343
54896301739317,0.7462177,0.094808534,0.26897928
54896309612852,0.7914915,0.13262543,0.2892193
54896317516905,0.8266452,0.22956449,0.28016454
54896325390440,0.8607337,0.34194988,0.2514024
54896333325011,0.88843054,0.3717773,0.21571605
54896341259581,0.9060074,0.31798145,0.18801917
54896349133116,0.928378,0.22956449,0.16990969
54896357037169,0.94755274,0.12357068,0.18535602
54896364910704,0.9219864,0.033023197,0.19014971
54896372845274,0.87618,0.03834952,0.14807177
54896380779845,0.8586032,0.046339005,0.13795175
54896388683897,0.84848315,0.08468852,0.12410331
54896396587950,0.84209156,0.15446335,0.07882957
54896404461485,0.83250415,0.221575,0.049002163
54896412396056,0.81226414,0.20985709,0.026631612
54896420330626,0.8000136,0.19068234,0.016511599
54896428234679,0.7914915,0.128897,0.036218993
54896436138731,0.80533993,0.009054748,0.06178534
54896444042784,0.8186557,-0.08948222,0.10226539
54896451916319,0.8341021,-0.12197278,0.13688648
54896459850890,0.85061365,-0.12463594,0.15499598
54896467754942,0.8655274,-0.14966966,0.1768339
54896475658995,0.8857674,-0.1555286,0.18855181
54896483532530,0.9060074,-0.13741912,0.2082592
54896491467100,0.9305085,-0.16458336,0.22956449
54896499401671,0.9720538,-0.21198763,0.23169503
54896507305724,1.0120013,-0.22796659,0.2412824
54896515209776,1.0572749,-0.26312032,0.25885928
54896523144347,1.113734,-0.29827404,0.2561961
54896531017882,1.170193,-0.32170987,0.24501082
54896538952452,1.2255868,-0.3270362,0.23489082
54896546825987,1.2660668,-0.31691617,0.23861924
54896554730040,1.3166668,-0.29134983,0.23755397
54896562603575,1.3630059,-0.2130529,0.21358553
54896570507628,1.4152038,-0.12942964,0.18961707
54896578472716,1.4807175,-0.068176925,0.20133498
54896586346251,1.5595472,-0.06231797,0.22104238
54896594219786,1.6543556,-0.046871636,0.23595607
54896602123839,1.7640779,-0.043675844,0.2561961
54896610027891,1.8775285,-0.047404267,0.2860235
54896617962462,1.9920446,-0.04261058,0.33289513
54896625866515,2.0905814,-0.02396845,0.36325517
54896633740050,2.2008364,0.027696876,0.3898868
54896641644102,2.3036344,0.06498113,0.43782368
54896649578673,2.4106934,0.10013486,0.50173956
54896657513243,2.5252094,0.11451593,0.58429754
54896665417296,2.663161,0.06924219,0.69029135
54896673321349,2.795254,-0.035153728,0.8309063
54896681225401,2.908172,-0.18908444,1.005077
54896689159972,2.9870014,-0.34887412,1.1914983
54896697033507,3.1318774,-0.53103435,1.375789
54896704907042,3.218164,-0.7850999,1.6021577
54896712780577,3.1909997,-1.0887003,1.8333201
54896720715147,3.1547806,-1.2522184,1.9622171
54896728619200,3.141465,-1.3358417,2.000034
54896736584288,3.0770164,-1.5760587,2.0895162
54896744457823,2.9678268,-1.8050907,2.176868
54896752361876,2.7467844,-1.9068234,2.0804615
54896760265929,2.5007083,-1.9771309,1.929194
54896768139464,2.3222766,-2.0511668,1.8317223
54896776104552,2.1587584,-2.1145499,1.6612799
54896783978087,1.7752632,-2.021872,1.2687299
54896791912657,1.041296,-1.3496901,0.69348717
54896799847227,0.57364494,-0.5363607,0.64555025
54896807720763,0.03568636,-0.20985709,0.99229383
54896815655333,-0.61572284,0.19228023,1.0695255
54896823528868,-1.0599382,0.42717105,1.0333065
54896831432921,-1.496164,0.4788364,0.89375687
54896839336974,-1.9121497,0.50387007,0.6982809
54896847271544,-2.2951124,0.51665324,0.5448828
54896855206114,-2.6589,0.39947417,0.396811
54896863110167,-3.0115025,0.10972224,0.2412824
54896871044737,-3.3273535,-0.30146983,0.08628642
54896878979308,-3.579821,-0.7552725,-0.0793622
54896886883360,-3.7955372,-1.1829761,-0.18375812
54896894817931,-3.981426,-1.5334482,-0.21891184
54896902721983,-4.1486726,-1.768339,-0.22796659
54896910626036,-4.2978096,-1.8546255,-0.26897928
54896918530089,-4.458132,-1.824798,-0.36005938
54896926434141,-4.60141,-1.7981664,-0.49641323
54896934368712,-4.709534,-1.856756,-0.65034395
54896942242247,-4.781972,-1.9371834,-0.7499462
54896950146300,-4.845888,-1.9270633,-0.7813715
54896958050352,-4.9353704,-1.7949706,-0.8223842
54896965984923,-5.05468,-1.5984293,-0.8852348
54896973919493,-5.141499,-1.3603427,-0.9534117
54896981793028,-5.162804,-1.0407634,-0.9901633
54896989666563,-5.1553473,-0.65194184,-1.0072075
54896997570616,-5.1968927,-0.21624869,-1.0583402
54897005474669,-5.2112737,0.2775014,-1.1526161
54897013409239,-5.190501,0.7339672,-1.2447615
54897021282774,-5.164402,1.0839065,-1.3422332
54897029186827,-5.0930295,1.2985574,-1.4359765
54897037060362,-4.999286,1.3672669,-1.4881744
54897044994933,-4.857606,1.3608754,-1.5286545
54897052960020,-4.7105994,1.3092101,-1.530785
54897060833556,-4.5524077,1.2405005,-1.4972292
54897068737608,-4.401673,1.1446266,-1.4418354
54897076641661,-4.237622,1.0034791,-1.3709954
54897084545714,-4.024569,0.8186557,-1.3038837
54897092480284,-3.772634,0.6066681,-1.2250541
54897100384337,-3.5270905,0.38242993,-1.103614
54897108288390,-3.273025,0.1667139,-0.96779275
54897116192442,-2.992328,-0.007989483,-0.8330368
54897124127013,-2.6839337,-0.15393071,-0.67324716
54897132061583,-2.3947146,-0.36591834,-0.4527374
54897139935118,-2.0469058,-0.7222493,-0.13369069
54897147839171,-1.598962,-0.60293967,-0.15286545
54897155773741,-1.1158645,-0.15925704,-0.40852892
54897163708311,-0.69295454,-0.04474111,-0.2146508
54897171642882,-0.26738137,-0.090014845,0.2775014
54897179546934,0.13369069,-0.04527374,0.63010395
54897187450987,0.4926848,0.112918034,0.7456851
54897195324522,0.7914915,0.40852892,0.763262
54897203259093,0.9709886,0.7584683,0.819721
54897211193663,1.1147993,1.1973573,0.89642006
54897219067198,1.32945,1.6516925,0.9171927
54897227001768,1.5472966,2.0165455,0.8857674
54897234905821,1.6889768,2.360626,0.90707266
54897242840391,1.8050907,2.610963,1.0013486
54897250805479,1.9297266,2.7696877,1.073254
54897258679015,1.9664782,2.7462518,1.1345067
54897266583067,1.5169365,2.7350664,0.9550096
54897274517638,1.0450244,3.1664987,0.38615838
54897282391173,0.5006743,4.43949,-0.49534798
54897290325743,0.304133,5.219263,-0.57311225
54897298199278,0.4777711,5.603291,0.08362326
54897306103331,0.7526093,5.164402,0.3568636
54897314007384,1.3054816,4.127367,0.5113269
54897321880919,1.6383767,3.1691618,0.93157375
54897329815489,1.500425,2.561961,1.3709954
54897337689024,1.4370418,2.1667478,1.407747
54897345593077,1.635181,1.5153387,1.3283848
54897353497130,1.861017,0.4426174,1.4088123
54897361431700,1.8599517,-0.15020229,1.7443706
54897369396788,1.7507621,-0.29827404,2.1177456
54897377270323,1.582983,-0.108124346,2.117213
54897385143858,1.4492923,0.11984225,1.5701998
54897393078429,1.3086774,0.34621096,1.1286477
54897401012999,1.0924287,0.56618804,0.89801794
54897408947569,0.9187906,0.60773337,0.6317018
54897416821104,0.86179894,0.30306774,0.4426174
54897424755675,0.8181231,-0.05219796,0.49747851
54897432690245,0.7765778,-0.27057716,0.6146576
54897440563780,0.74302197,-0.48522797,0.7302388
54897448498350,0.6849651,-0.6135923,0.7483483
54897456371886,0.61838603,-0.5928197,0.6849651
54897464275938,0.5384912,-0.3850931,0.57577544
54897472210509,0.4543353,0.027164243,0.41705105
54897480084044,0.37230992,0.41385525,0.29188246
54897488049132,0.30253512,0.6114618,0.19600865
54897495922667,0.267914,0.3568636,0.1257012
54897503826720,0.26312032,-0.020772656,0.11451593
54897511700255,0.27643612,-0.4111921,0.16937704
54897519634825,0.28122982,-0.61891866,0.24234766
54897527599913,0.29134983,-0.67324716,0.25672874
54897535473448,0.28975195,-0.40852892,0.19973709
54897543377501,0.28708878,-0.26684874,0.1587244
54897551251036,0.28655612,-0.18855181,0.13741912
54897559185606,0.31372038,-0.18642128,0.14594123
54897567120177,0.35473305,-0.25832662,0.17896444
54897575024229,0.39468047,-0.35420042,0.23276028
54897582928282,0.4346279,-0.40107206,0.2790993
54897590832335,0.48309743,-0.42557314,0.3073288
54897598705870,0.53476274,-0.41864893,0.3174488
54897606640440,0.5800365,-0.39468047,0.32437304
54897614544493,0.60080916,-0.41385525,0.32863408
54897622448546,0.608266,-0.39361522,0.34834146
54897630352599,0.61891866,-0.31638354,0.36218992
54897638287169,0.63383234,-0.26205507,0.31638354
54897646221739,0.6487461,-0.24234766,0.27483824
54897654125792,0.65673554,-0.20186761,0.24341293
54897662060362,0.66579026,-0.10865697,0.19707392
54897669994933,0.6945524,0.020240024,0.14966966
54897677868468,0.7419567,0.08522116,0.108124346
54897685803038,0.7930894,0.07563378,0.090014845
54897693737608,0.84581995,0.05486112,0.10333065
54897701641661,0.88470215,0.010120012,0.15339808
54897709515196,0.922519,-0.06178534,0.2050634
54897717449766,0.96140116,-0.08681905,0.2146508
54897725384337,1.0120013,-0.076166406,0.22530343
54897733288390,1.0524813,-0.053263225,0.22849922
54897741161925,1.1020161,-0.029294772,0.23595607
54897749096495,1.1536814,-0.015978966,0.2412824
54897756970030,1.2042814,0.030360037,0.24660872
54897764904600,1.2516857,0.10226539,0.23861924
54897772778136,1.2921658,0.20080236,0.21571605
54897780651671,1.3283848,0.25566345,0.1917476
54897788586241,1.3619406,0.27643612,0.17576863
54897796459776,1.3869743,0.221575,0.17310548
54897804394347,1.4130733,0.10972224,0.19547603
54897812298399,1.4370418,-0.03355583,0.21731395
54897820232970,1.4567492,-0.16724652,0.23009712
54897828137022,1.4721955,-0.25353295,0.2247708
54897836010558,1.484446,-0.304133,0.21252026
54897843945128,1.4855113,-0.29614353,0.21145499
54897851849181,1.4892397,-0.26205507,0.18961707
54897859783751,1.4919028,-0.23009712,0.1571265
54897867687804,1.5020229,-0.17576863,0.15126756
54897875591856,1.5158713,-0.10759171,0.16777915
54897883556944,1.5425029,-0.07989483,0.17630127
54897891430479,1.5824504,-0.09427591,0.18748654
54897899334532,1.6293219,-0.10972224,0.20293288
54897907208067,1.6799221,-0.13954964,0.2396845
54897915142638,1.7390442,-0.1784318,0.2657835
54897923077208,1.8002969,-0.21038973,0.2860235
54897930981261,1.8722023,-0.20293288,0.31691617
54897938885313,1.9494339,-0.18375812,0.34141725
54897946819884,2.034655,-0.165116,0.34141725
54897954723936,2.1198764,-0.098004326,0.35792887
54897962658507,2.2146847,-0.027164243,0.40586576
54897970532042,2.304167,0.0314253,0.4495416
54897978436095,2.4234767,0.12410331,0.5044027
54897986340147,2.5337315,0.22050974,0.5608617
54897994274718,2.6306705,0.2796319,0.6263755
54898002209288,2.706837,0.267914,0.727043
54898010113341,2.7766118,0.16458336,0.85327685
54898018047911,2.8613002,-0.053795855,1.0221212
54898025951964,2.8948562,-0.44581318,1.267132
54898033825499,2.8671594,-0.8676579,1.5297197
54898041760069,2.8064392,-1.2399678,1.6943032
54898049633604,2.7308054,-1.6271914,1.7678064
54898057537657,2.5869946,-2.1161478,1.8535602
54898065411192,2.538525,-2.5284052,1.9734024
54898073345763,2.5726137,-2.6578348,1.9025623
54898081280333,2.442119,-2.6061695,1.6522251
54898089153868,2.3584955,-2.6013758,1.4519554
54898097057921,2.2844596,-2.541721,1.2596753
54898104931456,1.8093517,-2.2775354,0.9464875
54898112866026,1.0871024,-1.5425029,0.6263755
54898120800597,0.6125271,-0.8271778,0.8431568
54898128704649,0.015446335,-0.59388494,1.2181299
54898136639220,-0.53263223,-0.34674358,1.3273195
54898144573790,-0.9187906,-0.29561087,1.3507553
54898152447325,-1.2820457,-0.2908172,1.2681973
54898160381895,-1.6399746,-0.42290998,1.1936288
54898168285948,-1.9680761,-0.59867865,1.1286477
54898176190001,-2.2855248,-0.7707188,1.0966897
54898184094054,-2.606702,-0.9219864,1.0887003
54898191998106,-2.896454,-1.0434265,1.071656
54898199902159,-3.113768,-1.2069446,1.0098706
54898207775694,-3.2879388,-1.3422332,0.88843054
54898215679747,-3.4477284,-1.4130733,0.7664578
54898223553282,-3.6213665,-1.4429007,0.64182186
54898231457335,-3.7561226,-1.5398397,0.51718587
54898239391905,-3.879693,-1.7614148,0.37763625
54898247265440,-3.914847,-2.0341225,0.2796319
54898255169493,-3.9244342,-2.4916537,0.1438107
54898263073546,-3.9484026,-2.896454,0.08894958
54898271038634,-3.969708,-3.1164312,0.07190535
54898278942686,-3.9771647,-3.1334753,0.009054748
54898286816222,-4.010188,-2.9017804,-0.09054748
54898294720274,-4.085289,-2.3600934,-0.1965413
54898302624327,-4.1731734,-1.5952336,-0.31052458
54898310497862,-4.236024,-0.7121293,-0.47191215
54898318432433,-4.25946,0.058056913,-0.72970617
54898326367003,-4.234426,0.59867865,-0.9763149
54898334271056,-4.200338,0.9470201,-1.1558119
54898342144591,-4.182228,1.2096078,-1.2676647
54898350079161,-4.149205,1.3970944,-1.3315805
54898358013731,-4.0980725,1.4924355,-1.3624732
54898365887266,-4.048005,1.5116103,-1.3848438
54898373821837,-3.9888828,1.4620755,-1.4146712
54898381725890,-3.9111185,1.3406353,-1.4306501
54898389599425,-3.8173752,1.1414309,-1.4093449
54898397533995,-3.711914,0.9667275,-1.3608754
54898405407530,-3.5473306,0.86392945,-1.2405005
54898413311583,-3.384878,0.73609775,-1.0263823
54898421185118,-3.222425,0.6215818,-0.8772453
54898429119688,-3.00085,0.54275227,-0.8319715
54898437054259,-2.7941887,0.531567,-0.7909589
54898444958311,-2.5683527,0.56725335,-0.71958613
54898452862364,-2.3382554,0.6066681,-0.6380934
54898460766417,-2.10443,0.6396913,-0.5422196
54898468670470,-1.8519622,0.67324716,-0.42770368
54898476635558,-1.6197346,0.74248934,-0.30040458
54898484509093,-1.4162691,0.79681784,-0.16724652
54898492413145,-1.2239889,0.8367652,-0.04314321
54898500286681,-1.0460896,0.8479505,0.084155895
54898508221251,-0.84688526,1.0141318,0.13475595
54898516155821,-0.70200926,0.9171927,-0.1454086
54898524059874,-0.6412892,0.7520767,-0.24074976
54898531963927,-0.6045376,0.2514024,0.5539375
54898539898497,-0.4383563,-0.05219796,1.0285128
54898547802550,-0.350472,-0.11025487,1.0077401
54898555767638,-0.31478566,0.0053263223,0.8181231
54898563641173,-0.283893,0.14807177,0.6828345
54898571545225,-0.23116238,0.3387541,0.6423545
54898579418761,-0.18908444,0.5917544,0.7078682
54898587353331,-0.13369069,0.72437984,0.753142
54898595287901,-0.08681905,0.71159667,0.7142598
54898603130919,-0.013315806,0.65194184,0.68656296
54898611034972,0.10013486,0.5390238,0.7030745
54898618908507,0.1571265,0.31372038,0.79202414
54898626843077,0.38562572,0.22050974,0.809601
54898634777647,0.6311692,0.91825795,0.47137952
54898642651183,0.72917354,2.338788,-0.1587244
54898650555235,0.6689861,3.7587857,-0.9289106
54898658428770,0.37763625,4.6626625,-0.9491506
54898666363341,0.3616573,5.623531,-0.09321064
54898674328429,0.49321744,5.2927666,0.53263223
54898682201964,0.8676579,4.101801,0.753142
54898690136534,1.1462245,3.0013826,0.8809737
54898698040587,1.1190603,2.118811,0.93903065
54898705975157,1.2202604,1.0215886,1.0183928
54898713909727,1.5286545,-0.165116,1.3821807
54898721783263,1.6623452,-0.7057377,1.8125474
54898729687315,1.5904398,-0.7030745,2.1150825
54898737560850,1.4524881,-0.26205507,1.9925772
54898745495421,1.3022858,0.2609898,1.3891048
54898753429991,1.1414309,0.7344999,0.6641924
54898761303526,0.93636745,1.0253171,0.36804888
54898769207579,0.7552725,1.2080098,0.25726137
54898777111632,0.6514092,1.1329087,0.123038046
54898785046202,0.5906891,0.72171664,0.13954964
54898792980772,0.55606806,0.34993938,0.24501082
54898800854308,0.5411543,0.08149273,0.406931
54898808727843,0.525708,-0.15339808,0.6194513
54898816662413,0.545948,-0.3270362,0.77231675
54898824535948,0.57577544,-0.360592,0.8048073
54898832470518,0.55606806,-0.18002969,0.77924097
54898840344054,0.5336975,0.072970614,0.7137272
54898848248106,0.5091964,0.41705105,0.5906891
54898856121641,0.49215218,0.6061355,0.47031426
54898864056212,0.48469532,0.60933125,0.37603834
54898871990782,0.47297743,0.43089947,0.3222425
54898879833800,0.46818373,0.13635385,0.29561087
54898887737852,0.48629323,-0.21837921,0.28549087
54898895641905,0.5123922,-0.4213121,0.29507825
54898903515440,0.5139901,-0.42397526,0.32756883
54898911450011,0.49534798,-0.31372038,0.32650355
54898919354063,0.46232477,-0.15819177,0.29880667
54898927258116,0.4250405,0.015446335,0.27377295
54898935192686,0.39627838,0.20186761,0.27004454
54898943096739,0.38029942,0.29348037,0.26844665
54898951000792,0.3584615,0.2860235,0.26205507
54898958874327,0.35420042,0.19867182,0.267914
54898966747862,0.38029942,0.033023197,0.27856666
54898974682433,0.41225734,-0.13475595,0.29241508
54898982555968,0.45167214,-0.25992453,0.31851408
54898990490538,0.5001417,-0.27377295,0.3355583
54898998364073,0.5502091,-0.2412824,0.340352
54899006298643,0.58269966,-0.18535602,0.32863408
54899014202696,0.6103965,-0.10652645,0.31691617
54899022076231,0.6450176,-0.039947417,0.30146983
54899030010802,0.6562029,-0.0031957934,0.2727077
54899037914854,0.65726817,0.010652645,0.24767399
54899045818907,0.66206187,-0.006924219,0.22264028
54899053692442,0.66632295,-0.03834952,0.20772657
54899061627013,0.6641924,-0.087884314,0.19387813
54899069561583,0.6556703,-0.13848437,0.18535602
54899077435118,0.65513766,-0.1587244,0.17630127
54899085339171,0.65513766,-0.16405073,0.165116
54899093273741,0.6514092,-0.16085494,0.14807177
54899101147276,0.64555025,-0.16138756,0.13475595
54899109081847,0.644485,-0.16990969,0.12676647
54899116985899,0.6450176,-0.1784318,0.118776985
54899124889952,0.64821345,-0.20186761,0.1107875
54899132794005,0.65673554,-0.22956449,0.10013486
54899140728575,0.66365975,-0.25300032,0.0958738
54899148663145,0.6759103,-0.25885928,0.09374327
54899156567198,0.6892261,-0.26631612,0.09321064
54899164471251,0.7052051,-0.27217507,0.09054748
54899172344786,0.721184,-0.24660872,0.08735169
54899180279356,0.73769563,-0.23169503,0.08468852
54899188213927,0.7488809,-0.22104238,0.09161274
54899196117979,0.75580513,-0.20026971,0.103863284
54899204022032,0.76965356,-0.19068234,0.103863284
54899211926085,0.7866978,-0.18162759,0.10066749
54899219799620,0.80800307,-0.1768339,0.10013486
54899227764708,0.8319715,-0.17310548,0.09960223
54899235607725,0.8527442,-0.14913702,0.098004326
54899243511778,0.8692558,-0.13848437,0.09374327
54899251415831,0.88203895,-0.12996227,0.08628642
54899259319884,0.89588743,-0.11984225,0.07456851
54899267254454,0.91346425,-0.1304949,0.06657903
54899275127989,0.92944324,-0.15073492,0.06338324
54899283032042,0.9422264,-0.17736652,0.061252706
54899290936095,0.96140116,-0.21038973,0.053795855
54899298870665,0.97897804,-0.23808661,0.047404267
54899306805235,0.9938917,-0.24554345,0.04261058
54899314709288,1.0120013,-0.22583607,0.041012682
54899322613341,1.0333065,-0.21145499,0.03195793
54899330517393,1.0610034,-0.18216023,0.024501082
54899338390929,1.091896,-0.16884442,0.024501082
54899346325499,1.1270498,-0.15233281,0.01917476
54899354199034,1.1653993,-0.13422333,0.013315806
54899362103087,1.222391,-0.11558119,0.0031957934
54899370007140,1.2793826,-0.08575379,-0.010652645
54899377941710,1.3582122,-0.049002163,-0.014913702
54899385906798,1.4604776,-0.030360037,-0.006924219
54899393780333,1.5994946,-0.017576864,-0.011717909
54899401684386,1.7006947,0.010120012,0.008522116
54899409557921,1.8194717,0.019707393,0.104928546
54899417492491,1.9361181,-0.022903185,0.24767399
54899425427061,2.0532973,-0.06498113,0.40586576
54899433300597,2.1624868,-0.14114754,0.57577544
54899441204649,2.2152174,-0.26365295,0.7595336
54899449078184,2.2567627,-0.4165184,0.9305085
54899456982237,2.237588,-0.56885123,1.0689929
54899464916808,2.181129,-0.72491246,1.2026836
54899472790343,2.1656826,-0.76965356,1.2836437
54899480694395,2.3073628,-0.7036072,1.293231
54899488598448,2.3936493,-0.59867865,1.2650015
54899496471983,2.2892532,-0.59761333,1.196292
54899504406554,2.1475732,-0.700944,1.0668623
54899512280089,1.9419771,-0.7440872,0.9353022
54899520184141,1.5089471,-0.783502,0.8383631
54899528118712,1.0285128,-0.92784536,0.83250415
54899536022765,0.61838603,-1.0141318,0.8367652
54899543957335,0.13475595,-0.93796533,0.7840346
54899551861388,-0.32437304,-0.7861652,0.773382
54899559765440,-0.8048073,-0.60720074,0.6854977
54899567638975,-1.2735237,-0.45859635,0.5704491
54899575573546,-1.7193369,-0.36485308,0.4777711
54899583538634,-2.1321268,-0.29933932,0.38562572
54899591412169,-2.5086977,-0.3206446,0.29188246
54899599346739,-2.838397,-0.46552056,0.21198763
54899607281309,-3.123888,-0.71958613,0.15765914
54899615185362,-3.3694315,-0.99708754,0.11930962
54899623150450,-3.5665054,-1.2452941,0.09267801
54899631023985,-3.743872,-1.4231933,0.054328486
54899638928038,-3.904727,-1.5595472,-0.00479369
54899646832091,-4.027232,-1.6868463,-0.080960095
54899654705626,-4.1167145,-1.7710022,-0.15499598
54899662640196,-4.1907506,-1.8002969,-0.21678132
54899670513731,-4.236024,-1.7923075,-0.28176245
54899678448302,-4.2504053,-1.7097495,-0.3787015
54899686382872,-4.2589273,-1.4839134,-0.48469532
54899694286925,-4.270645,-1.2367721,-0.55127436
54899702221495,-4.2786345,-0.8564726,-0.63862604
54899710125548,-4.2962117,-0.45540056,-0.7089335
54899717999083,-4.3137884,-0.040480047,-0.77924097
54899725933653,-4.2924833,0.31638354,-0.84368944
54899733807188,-4.236024,0.5949502,-0.91186637
54899741772276,-4.1310954,0.78296936,-0.9715212
54899749645811,-3.9414785,0.908138,-1.010936
54899757580382,-3.716175,1.0833739,-1.0785803
54899765484434,-3.510579,1.2522184,-1.1185277
54899773357970,-3.2490566,1.3779196,-1.0860372
54899781292540,-2.9981868,1.4455639,-1.0434265
54899789166075,-2.7441213,1.3907027,-0.9534117
54899797070128,-2.4873924,1.1712582,-0.8186557
54899805004698,-2.1832595,0.8681905,-0.6876282
54899812908751,-1.8594191,0.49055427,-0.5475459
54899820843321,-1.5217303,0.061252706,-0.3616573
54899828747374,-1.1510183,-0.49481535,-0.11345066
54899836681944,-0.6679208,-0.7824367,0.056459017
54899844585997,-0.22210763,-0.948618,0.18056233
54899852490050,0.23222765,-1.0146644,0.34141725
54899860363585,0.52837116,-0.7584683,0.42184472
54899868267638,0.29880667,0.24980451,0.22370553
54899876171690,-0.07084008,1.257012,-0.04474111
54899884106261,-0.28016454,1.4935007,-0.080960095
54899892040831,-0.15659387,1.8716697,0.23489082
54899899975401,0.18588865,1.653823,0.20612867
54899907848936,0.37816888,0.77125144,0.13156016
54899915752989,0.37337518,0.2396845,0.2892193
54899923626524,0.31691617,0.32650355,0.58696073
54899931561095,0.26631612,0.48682585,0.6380934
54899939495665,0.21678132,0.1571265,0.515588
54899947369200,0.18588865,-0.34674358,0.4660532
54899955273253,0.14966966,-0.7803062,0.45859635
54899963207823,0.13901702,-0.9832391,0.42290998
54899971081358,0.1571265,-0.9166601,0.42876893
54899979015929,0.1454086,-0.6562029,0.4149205
54899986889464,0.10279802,-0.283893,0.32170987
54899994824034,0.07243799,-0.047404267,0.24394555
54900002728087,0.046339005,0.17204021,0.17470337
54900010662657,0.046339005,0.22903186,0.12463594
54900018627745,0.048469532,0.16085494,0.092145376
54900026501280,0.06498113,0.07829694,0.08468852
54900034405333,0.098004326,-0.00958738,0.090014845
54900042339903,0.1454086,-0.11025487,0.10652645
54900050213438,0.18322548,-0.18002969,0.13582122
54900058148009,0.19973709,-0.18801917,0.15819177
54900066052061,0.2146508,-0.16085494,0.15606125
54900073986632,0.21571605,-0.10279802,0.1438107
54900081890684,0.20612867,-0.044208474,0.14061491
54900089825255,0.20719394,0.0127831735,0.13262543
54900097759825,0.20932446,0.08575379,0.12410331
54900105633360,0.19867182,0.11558119,0.11558119
54900113567931,0.16777915,0.118776985,0.128897
54900121502501,0.15925704,0.092145376,0.11824436
54900129406554,0.16192019,0.046339005,0.083090626
54900137371641,0.16564862,0.050600063,0.05219796
54900145245177,0.15765914,0.06870956,0.05006743
54900153149229,0.14061491,0.0777643,0.05006743
54900161053282,0.13422333,0.076166406,0.048469532
54900168926817,0.13422333,0.06977482,0.046871636
54900176861388,0.12783173,0.056459017,0.047404267
54900184765440,0.11611383,0.049534798,0.082558
54900192669493,0.11824436,0.014913702,0.07190535
54900200604063,0.11771172,-0.02876214,0.042077947
54900208508116,0.1123854,-0.056459017,0.0314253
54900216473204,0.11611383,-0.05965481,0.0314253
54900224346739,0.12836437,-0.058589544,0.02396845
54900232250792,0.12676647,-0.05219796,0.017576864
54900240124327,0.13209279,-0.037284255,0.017044231
54900248058897,0.13422333,-0.020240024,0.009054748
54900255993468,0.1304949,-5.326322E-4,0.0
54900263867003,0.12037488,0.0010652645,-0.011185277
54900271740538,0.1272991,0.019707393,-0.02396845
54900279675108,0.11717909,0.023435818,-0.033023197
54900287609679,0.10279802,0.02396845,-0.037284255
54900295574766,0.091080114,0.009054748,-0.04474111
54900303448302,0.075101145,-0.0026631611,-0.06018744
54900311352354,0.0628506,0.018109497,-0.061252706
54900319225890,0.053795855,0.05219796,-0.06018744
54900327160460,0.037284255,0.08948222,-0.061252706
54900335095030,0.02609898,0.080960095,-0.066046394
54900342968565,0.022903185,0.051665325,-0.068176925
54900350872618,0.024501082,0.013848438,-0.06870956
54900358776671,0.024501082,-0.022370555,-0.06391586
54900366650206,0.025033714,-0.034088463,-0.056991648
54900374615294,0.027164243,-0.025033714,-0.053795855
54900382488829,0.0314253,-0.015446335,-0.0479369
54900390423399,0.032490566,-0.011717909,-0.04474111
54900398357970,0.034088463,-0.002130529,-0.039947417
54900406231505,0.041545313,-0.004261058,-0.03834952
54900414166075,0.05006743,-0.007456851,-0.041012682
54900422039610,0.053795855,-0.018642128,-0.039947417
54900429943663,0.056459017,-0.024501082,-0.034621093
54900437878233,0.055926383,-0.017576864,-0.035153728
54900445751768,0.055926383,-0.0053263223,-0.035153728
54900453686339,0.05486112,0.0026631611,-0.032490566
54900461559874,0.058589544,0.010120012,-0.032490566
54900469463927,0.058056913,0.0127831735,-0.032490566
54900477337462,0.051665325,0.010652645,-0.029827405
54900485210997,0.049002163,0.0037284256,-0.028229509
54900493145567,0.044208474,-0.00479369,-0.028229509
54900501019102,0.041545313,-0.01438107,-0.029294772
54900508923155,0.03781689,-0.01917476,-0.034621093
54900516827208,0.03089267,-0.020772656,-0.03355583
54900524761778,0.024501082,-0.021837922,-0.034088463
54900532726866,-0.015446335,-0.08468852,-0.025566347
54900540600401,0.0026631611,-0.07563378,-0.054328486
54900548504454,-0.021837922,-0.07989483,-0.044208474
54900556439024,-0.02396845,-0.04580637,-0.046339005
54900564373595,-0.027696876,-0.05486112,-0.041012682
54900572308165,-0.03888215,-0.049534798,-0.043675844
54900580212218,-0.039414786,-0.044208474,-0.04527374
54900588146788,-0.034088463,-0.034088463,-0.04527374
54900596081358,-0.033023197,-0.021837922,-0.04527374
54900603985411,-0.028229509,-0.007456851,-0.04580637
54900611919981,-0.01917476,0.009054748,-0.0479369
54900619793516,-0.012250541,0.023435818,-0.041545313
54900627728087,-0.0037284256,0.039947417,-0.03568636
54900635662657,0.011185277,0.040480047,-0.03195793
54900643536192,0.018642128,0.036751624,-0.028229509
54900651470763,0.02396845,0.029294772,-0.022370555
54900659344298,0.03089267,0.021837922,-0.017576864
54900667278868,0.034088463,-0.002130529,-0.0026631611
54900675182921,0.035153728,-0.00958738,-0.013848438
54900683086974,0.03195793,0.0010652645,-0.01917476
54900691021544,0.02876214,0.03568636,-0.016511599
54900698895079,0.026631612,0.050600063,-0.011185277
54900706799132,0.027164243,0.0479369,-0.013848438
