48972903232457,0.0049704313,0.07884979,0.011662245
48972911167027,0.015979111,0.24978161,0.03948772
48972919071080,0.011257768,0.19206524,0.03163469
48972926944615,0.0050218105,0.07609177,0.011675358
48972934879185,-0.0016124249,-0.025931358,-0.003673911
48972942752720,-0.0013750196,-0.032234192,-0.005080104
48972950656773,5.0245225E-4,0.023256302,0.0042140484
48972958530308,-0.0016442835,-0.05805874,-0.009177089
48972966464879,-0.0040016472,-0.112231255,-0.016487122
48972974429966,-0.0013615191,-0.027341843,-0.0042738914
48972982303502,0.0010242462,0.01791954,0.0025800467
48972990238072,0.0012792945,0.023617744,0.0037198067
48972998142125,-0.0024892688,-0.047348976,-0.0070142746
48973006015660,-0.0036679804,-0.083571434,-0.010193348
48973013950230,-0.0032382011,-0.10189915,-0.0124892
48973021823765,-0.0021971166,-0.091516495,-0.0114399195
48973029758336,-0.0012106895,-0.047715187,-0.006288171
48973037631871,-2.3061037E-4,-0.0033740997,-5.3822994E-4
48973045566441,3.3959746E-4,0.00784874,0.0010111332
48973053531529,-8.265972E-4,-0.017420769,-0.0022672415
48973061435582,-0.0045130253,-0.09960747,-0.013363004
48973069400670,-0.0024806857,-0.057857513,-0.006610155
48973077274205,-4.2760372E-4,-0.009174347,-0.0010153055
48973085147740,-3.3664703E-4,-0.014281273,-0.0017828941
48973093082310,-0.0022323132,-0.081181526,-0.009627581
48973100955845,-0.0052469075,-0.11390209,-0.014131188
48973108920933,-0.0064681172,-0.10403538,-0.014807105
48973116794468,-0.005098641,-0.07460594,-0.010825276
48973124729039,-0.00895977,-0.11730766,-0.0150796175
48973132694127,-0.011606991,-0.15155602,-0.017855406
48973140567662,-0.0064561367,-0.08999634,-0.0082576275
48973148532750,-6.7943335E-4,-0.012134552,-0.0010001063
48973156436802,-9.086132E-4,-0.045693398,-0.0033704638
48973164310338,-5.6898594E-4,-0.027040482,-8.1285834E-4
48973172275425,-5.9846044E-4,-0.020092964,-8.16524E-4
48973180148961,-2.2544246E-4,-0.15836048,-0.009181082
48973188114049,-0.0033591688,-0.15992641,-0.0064217746
48973196018101,-7.748604E-5,-0.001039505,-4.0262938E-5
48973204013707,0.0030373335,0.036741257,0.0023735166
48973211948277,0.004550457,0.062740326,0.0017007887
48973219821812,0.014234424,0.19181633,-0.004009649
48973227756383,0.019996941,0.30019855,-0.0077634156
48973235629918,0.012864381,0.27008343,-0.00649406
48973243533970,0.0034014732,0.13526344,-0.0032926947
48973251499058,3.5254657E-4,0.017085075,-1.7788261E-4
48973259372593,-7.491559E-4,-0.059038162,-1.3041683E-4
48973267307164,-7.355958E-5,-0.025399208,-3.5835803E-4
48973275180699,-1.9907951E-5,0.0036945343,1.398027E-4
48973283115269,-1.4480948E-4,0.019804955,9.074509E-4
48973291049840,3.6587566E-4,0.08986187,0.005437374
48973298984410,0.002287209,0.082998276,0.008268952
48973306918980,0.0048245788,0.098734856,0.011925936
48973314792515,0.022245467,0.2835579,0.03687346
48973322666050,0.05254221,0.5103617,0.07393384
48973330600621,0.06291425,0.5867348,0.121534824
48973338504674,0.063880324,0.5076256,0.1271503
48973346469761,0.075463295,0.5192337,0.16337872
48973354343297,0.11956978,0.7223892,0.28242373
48973362308384,0.1679728,0.86437225,0.34755516
48973370273472,0.26310575,1.2425709,0.49760222
48973378147008,0.2933122,1.4916677,0.6275482
48973386081578,0.31421876,1.6368818,0.6879499
48973393985631,0.3056357,1.7838049,0.7398896
48973401889683,0.3282286,2.2599258,1.0609837
48973409854771,0.3014686,2.2351437,0.8925257
48973417728306,0.41268826,2.6869783,0.61188245
48973425662877,0.50426984,3.5793362,0.57259715
48973433566929,0.50199044,3.872984,0.35495746
48973441562535,0.46632218,4.3334026,-0.29735345
48973449527623,0.11790705,4.3944902,-0.6268183
48973457401158,-0.08287327,3.6558619,-1.1737006
48973465335728,0.0049433373,2.7258577,-1.0366745
48973473239781,-0.018837608,1.7212639,-0.8563194
48973481113316,0.0017375099,1.7867327,-1.238071
48973489078404,0.073150635,1.6574202,-0.95681953
48973496951939,0.16373527,1.8609638,-0.7425108
48973504917027,0.2913295,1.884367,-0.5616803
48973512912633,0.32541418,1.3837137,-0.4437728
48973520816685,0.24196362,1.0153971,-0.46941328
48973528781773,0.07753587,0.54551697,-0.25069618
48973536655308,0.0014472753,0.079013824,-0.03205371
48973544589879,0.020705879,-0.21774673,0.084789276
48973552493931,-0.0028426647,0.015125275,-0.007905483
48973560397984,-0.054384947,0.18819523,-0.11102581
48973568363072,0.056530237,-0.13469791,0.07150793
48973576267125,0.19071293,-0.32494926,0.18567228
48973584171177,0.2336216,-0.31844997,0.2213397
48973592044713,0.7673664,-1.0430288,0.60441494
48973599948765,1.4041722,-2.045918,1.0887847
48973607913853,0.6109202,-1.0974936,1.1009307
48973615817906,0.27035308,-0.7394657,0.7368045
48973623782994,0.2606641,-0.9721303,0.7197647
48973631687047,0.0628432,-0.2860756,0.18902397
48973639591099,-0.20056176,1.1756983,-0.7809596
48973647556187,-0.32606483,1.9970913,-1.0586967
48973655460240,-0.28688288,1.1745667,-1.5776529
48973663364293,-0.005703181,4.797476,-1.6016014
48973671237828,-0.5222881,3.4304352,-2.3736453
48973679172398,-2.687341,5.023851,-7.9056997
48973687137486,-2.2703295,4.951721,-5.4597497
48973695041539,-1.0851238,3.4218197,-0.4444996
48973703006627,-0.89049673,2.4712086,0.84371066
48973710880162,-0.19155145,0.4452362,-0.24389553
48973718753697,0.0124313235,-0.3699875,0.19137001
48973726688267,-0.05494082,-0.36635685,0.15016341
48973734592320,0.0154943615,0.83125305,-0.43824053
48973742557408,-0.02074761,1.6017838,-0.8923564
48973750430943,-0.06719428,0.88281155,-0.4278841
48973758334996,0.38130307,-1.2614827,0.63620305
48973766300084,1.3210611,-1.8178787,1.6333461
48973774204136,1.3128071,-1.1670318,1.7929616
48973782169224,1.1660042,-1.0876658,1.5838394
48973790012242,0.97216177,-1.1793423,1.1941018
48973797946812,0.6263304,-1.099793,0.89566183
48973805881383,0.35609984,-1.2276745,0.85420704
48973813785435,0.15202487,-1.3621821,0.8069291
48973821720006,0.037020117,-1.3615727,0.68431926
48973829593541,0.073277146,-1.2333994,0.56965065
48973837558629,0.21220338,-1.3673363,0.54376864
48973845523716,0.35187507,-1.1973028,0.5527799
48973853397252,0.22175288,-0.59398127,0.31290388
48973861362340,0.18662906,-0.4627304,0.1834724
48973869205357,0.15204954,-0.37229538,0.122458935
48973877139927,0.023756027,-0.06452465,0.023448944
48973885074498,-0.07173419,0.2431593,-0.08327532
48973892948033,-0.097132206,0.39253616,-0.1012311
48973900913121,-0.11695528,0.5296402,-0.111448765
48973908786656,0.1633811,0.8604889,0.16076899
48973916751744,0.3983786,1.1342525,0.40147293
48973924716832,0.76972413,1.4637632,0.7148273
48973932620884,0.99755716,1.6221457,0.86575854
48973940555455,1.2889061,1.5917292,1.0730811
48973948459508,1.6068218,1.3981886,1.3626548
48973956333043,1.9484138,1.2070131,1.4725229
48973964328648,2.0351684,1.1252842,1.1255211
48973972232701,2.110312,1.3013935,0.7730198
48973980106236,2.0957954,1.503233,1.0158975
48973987979771,1.9745836,1.4522581,1.2952201
48973995883824,2.0913193,1.3152475,1.226126
48974003848912,2.4135973,1.2583818,1.2516801
48974011752965,2.36446,1.2266855,1.4358256
48974019718052,2.1399918,1.2754211,1.2610013
48974027622105,2.0763533,1.5290241,1.0309265
48974035526158,1.978519,1.5671549,1.6969165
48974043491246,1.6745431,1.1398726,2.085282
48974051364781,1.614678,1.0823832,1.3343139
48974059329869,1.9201119,1.2989655,0.9027438
48974067203404,1.9458845,1.0293322,0.43779564
48974075137974,0.59731877,2.780075,-2.134726
48974083103062,-0.5846381,6.201041,5.028838
48974090976597,-0.9615462,5.410838,13.080272
48974098972203,0.63919425,0.80890274,11.067415
48974106815220,2.7888935,-1.7791071,7.6899004
48974114749791,6.268853,-0.61568546,5.044857
48974122684361,9.707681,1.4003239,2.4913993
48974130557896,9.603892,3.209609,1.6592
48974138553502,9.186153,3.9356346,-0.3625791
48974146457554,9.248551,3.957263,-0.5238919
48974154422642,7.6405163,2.4204483,3.3403232
48974162387730,4.6026974,-0.5126505,5.677579
48974170261265,2.8650002,-2.2980099,5.1916723
48974178226353,3.1394145,-1.9727831,3.4668303
48974186130406,3.0303736,-0.11882496,2.224884
48974194003941,0.93815166,1.4352951,2.274058
48974201969029,-2.3080106,2.2752066,3.2955852
48974209873082,-4.315191,2.2432804,4.2349167
48974217746617,-3.8419068,1.9381342,4.6638165
48974225650670,-1.9767172,1.5577717,4.19637
48974233615758,-0.4438256,0.9590063,2.7541332
48974241550328,0.40159535,0.49377823,1.3330742
48974249423863,1.0232182,0.25485706,0.61494863
48974257358433,1.7519913,0.054813385,0.6010447
48974265262486,2.6186857,-0.14740276,0.4100728
48974273136021,3.432611,-0.15559387,0.051891387
48974281070591,3.6656709,0.12835407,0.14471316
48974288944127,3.028713,0.46045303,0.3235705
48974296878697,1.9649919,0.6183586,0.3593512
48974304752232,0.75429195,0.688406,0.4627792
48974312686802,-0.2856499,0.68777466,0.70998365
48974320682408,-1.048316,0.4941454,0.983492
48974328555943,-1.1752644,0.15991783,1.0851642
48974336490513,-0.77456254,-0.068528175,0.82383716
48974344394566,-0.18031448,-0.5098419,0.59319174
48974352268101,0.44711876,-0.7642355,0.61526936
48974360202672,1.049667,-0.44629383,0.6123855
48974368076207,1.2664659,0.27642918,0.2756688
48974376010777,1.234271,0.7502794,-0.04622245
48974383884312,1.0468796,0.6400099,-0.19912165
48974391818883,0.7194319,0.21385288,-0.314133
48974399783970,0.49814975,0.008038521,-0.21971703
48974407657506,0.36168718,0.02021885,-0.14502087
48974415470006,0.47945717,0.025313377,-0.0037775338
48974423374058,0.83421123,-0.0677042,0.39743367
48974431278111,1.0497808,-0.1702404,0.7476677
48974439243199,1.1259875,-0.15538692,0.918151
48974447147252,1.22082,-0.11649132,0.80897844
48974455081822,1.0124887,-0.036738396,0.9108575
48974462985875,0.7619945,0.05513954,0.93414617
48974470981480,0.69886863,0.029844284,0.8267162
48974478916050,0.75343186,-0.07672596,0.6196915
48974486789586,0.83482337,-0.12332058,0.6027622
48974494663121,0.97866225,-0.08603001,0.72252846
48974502567174,1.1245799,-0.07021332,0.7374246
48974510440709,1.2415731,-0.06389332,0.6716982
48974518405797,1.2579193,-0.08623314,0.6443883
48974526309849,1.1049702,-0.08214474,0.6818012
48974534244420,0.87898564,-0.063589096,0.68151927
48974542117955,0.6708805,-0.01381588,0.703379
48974550052525,0.605038,0.033652306,0.6666244
48974558017613,0.6234145,0.059628487,0.72608554
48974565921666,0.62573695,-0.036435127,0.76274455
48974573825718,0.6953981,-0.11569214,0.6732433
48974581699254,0.8011276,-0.08956337,0.5656748
48974589572789,0.8569751,-0.013116837,0.5379307
48974597507359,0.78170705,0.00829792,0.53456175
48974605411412,0.656948,-0.03489113,0.4050419
48974613376500,0.49241185,-0.05171299,0.27865255
48974621250035,0.2380197,-0.0038604736,0.21275003
48974629245640,0.06631525,0.02964878,0.03567855
48974637210728,0.05805987,-0.018221855,0.021334432
48974645084263,0.13363945,-0.037348747,0.28688642
48974652957799,0.31407335,-0.08041,0.37783426
48974660831334,0.5396344,-0.08276081,0.2246581
48974668735386,0.66879237,-0.037229538,-0.122544
48974676700474,0.68784326,0.037068367,-0.26041397
48974684604527,0.66169953,0.08985138,-0.2489713
48974692600133,0.5548895,0.03972721,-0.16325513
48974700473668,0.5154225,-0.031888008,0.0678194
48974708438756,0.41455555,-0.10103893,0.3523805
48974716403843,0.35052058,-0.14139843,0.43258995
48974724277379,0.3255682,-0.11945057,0.5288769
48974732120396,0.32489347,-0.073506355,0.6270604
48974740024449,0.38475725,-0.030078888,0.65077144
48974747928502,0.4899825,-0.039308548,0.78005373
48974755893590,0.64511395,-0.07006931,1.0003548
48974763797642,0.7592203,-0.15828228,1.0845914
48974771793248,0.7345098,-0.17705154,1.0851741
48974779666783,0.63885385,-0.14242935,0.85552335
48974787601353,0.56578654,-0.09101963,0.58527625
48974795596959,0.5206833,-0.04202652,0.40892467
48974803501011,0.47972536,0.014058113,0.24588731
48974811344029,0.5260913,0.005437851,0.22193214
48974819248082,0.5278399,-0.06306934,0.24500382
48974827152134,0.4684016,-0.11965084,0.20741984
48974835117222,0.34881705,-0.07337856,0.12392628
48974842990758,0.14068261,-8.69751E-4,0.1879986
48974850955845,0.016604364,0.040406227,0.1959947
48974858829381,-2.2871792E-4,0.040870667,0.13372928
48974866763951,0.055479497,0.007760048,0.21603635
48974874729039,0.12578876,-0.09718037,0.42291683
48974882633091,0.27959216,-0.1494255,0.49555087
48974890506627,0.46818772,-0.096274376,0.49600762
48974898410679,0.47657004,-0.08623028,0.33197862
48974906284215,0.35399514,-0.054730415,0.052157223
48974914249302,0.18966445,0.005378723,-0.12065813
48974922122838,0.053003013,0.031879425,-0.17033109
48974930057408,-0.037061676,0.029575348,-0.17122445
48974937961461,-0.109411776,-0.0062885284,-0.15755409
48974945957066,-0.15719615,-0.049370766,-0.1650284
48974953922154,-0.123356834,-0.10682869,-0.19878098
48974961856724,0.0010375679,-0.08525658,-0.15608907
48974969730259,0.3447588,-0.00863266,-0.62498206
48974977603795,0.69909376,0.0944109,-1.0707914
48974985477330,0.21793902,-0.16849422,1.2287108
48974993442418,-0.33631396,-0.019927025,-0.1532532
48975001346470,-0.34250957,0.040062904,-0.33099625
48975009311558,-0.26345244,-0.065021515,0.3394143
48975017185093,-0.07034336,-0.10311508,0.40062857
48975025180699,0.06746435,-0.1005764,0.29563725
48975033145787,0.1499345,-0.078873634,0.41803914
48975041019322,0.20097432,-0.06435394,0.5166667
48975048892857,0.34245372,-0.073830605,0.09458828
48975056796910,0.68911517,0.28298664,-0.38664162
48975064670445,0.30724037,-0.15245724,0.5400207
48975072605015,0.23847684,-0.25749397,0.41819078
48975080509068,0.03881061,-0.180686,0.12323052
48975088474156,-0.024036676,-0.06320953,0.1422854
48975096347691,0.08995226,-0.019950867,0.18306065
48975104282261,0.1461947,-0.06050968,0.19080621
48975112247349,0.19759208,-0.07234001,0.25605738
48975120120884,0.1533702,-0.043484688,0.21141386
48975128055455,0.11887175,-0.0026931763,0.08348882
48975135928990,0.08717936,0.0045280457,0.0017033815
48975143833043,0.055814713,-0.024193764,-0.07493359
48975151767613,0.017716974,-0.045783997,-0.13895106
48975159671666,-0.015205979,-0.048239708,-0.11430529
48975167545201,-0.021862507,-0.05069828,-0.14694917
48975175418736,-0.025926858,-0.0435915,-0.15081859
48975183322789,-0.01342836,-0.02689743,-0.07813972
48975191287877,0.05656585,-0.050875664,0.008390069
48975199161412,0.07845646,-0.067661285,0.0062633157
48975207095982,0.062010854,-0.05571556,-0.022188306
48975215000035,0.055136293,-0.02940464,-0.06261939
48975222904088,0.010047674,-0.03660488,-0.12235871
48975230838658,-0.0158948,-0.029444695,-0.21076393
48975238712193,0.008353442,-0.02945137,-0.22995672
48975246555211,0.018176347,-0.02943325,-0.16577014
48975254459263,0.063694894,-0.02221489,-0.10651705
48975262454869,0.08528283,-0.03413582,-0.109787196
48975270419957,0.06611201,-0.024492264,-0.07499963
48975278324009,0.6035618,0.101439476,-4.1003647
48975286258580,0.030272424,-0.07252121,3.9508634
48975294162633,-0.79842603,-0.3024845,-0.19724798
48975302066685,0.0776197,-0.024869919,-0.7722186
48975310001256,7.646084E-4,-0.15878391,0.5180174
48975317905308,-0.25303984,0.0064821243,0.5935104
48975325809361,-0.004681647,0.056718826,-0.18596378
48975333682896,0.0017076731,0.26263714,-0.52104247
48975341647984,0.4050173,-0.09870148,0.22581458
48975349613072,0.19839215,-0.18475723,0.1544559
48975357486607,0.14043194,-0.09604168,0.19318485
48975365421177,0.18749699,0.0022678375,0.0881452
