47018001317631,0.04580637,-0.00479369,-0.008522116
47018009221684,0.04580637,-0.00479369,-0.008522116
47018017095219,0.04580637,-0.00479369,-0.008522116
47018025090824,0.04580637,-0.00479369,-0.008522116
47018032994877,0.04580637,-0.00479369,-0.008522116
47018040929447,0.04580637,-0.00479369,-0.008522116
47018048802983,0.04580637,-0.00479369,-0.008522116
47018056676518,0.04580637,-0.00479369,-0.008522116
47018064550053,-0.0010652645,0.08841695,-0.020240024
47018072423588,-0.0037284256,0.09321064,-0.02396845
47018080266606,-0.007456851,0.08841695,-0.02396845
47018088170658,-0.007989483,0.08894958,-0.026631612
47018096074711,-0.010652645,0.10226539,-0.0314253
47018104009281,-0.0058589545,0.12942964,-0.039414786
47018111913334,0.006924219,0.16298546,-0.047404267
47018119817387,0.02876214,0.18535602,-0.05486112
47018127660404,0.034088463,0.20133498,-0.061252706
47018135564457,0.027696876,0.22849922,-0.056991648
47018143499027,0.03888215,0.25353295,-0.068176925
47018151403080,0.04474111,0.26205507,-0.075101145
47018159307133,0.04261058,0.25726137,-0.082558
47018167211186,0.05539375,0.24501082,-0.0958738
47018175084721,0.06338324,0.24234766,-0.108124346
47018182988774,0.0628506,0.25193503,-0.11451593
47018190892826,0.051665325,0.3073288,-0.12516858
47018198766361,0.051132694,0.33662358,-0.13901702
47018206639897,0.046339005,0.4383563,-0.14966966
47018214513432,0.0628506,0.5001417,-0.17044231
47018222478520,0.0777643,0.5603291,-0.18269286
47018230382572,0.10279802,0.5635249,-0.19547603
47018238286625,0.12623383,0.55979645,-0.19068234
47018246160160,0.1470065,0.5432849,-0.19281286
47018254033695,0.1667139,0.5592638,-0.19121496
47018261937748,0.1917476,0.5635249,-0.19813919
47018269872318,0.19387813,0.67324716,-0.20559604
47018277684818,0.22583607,0.716923,-0.22583607
47018285588871,0.22743396,0.8048073,-0.24181503
47018293492924,0.24767399,0.8538095,-0.24873926
47018301366459,0.24714136,0.88683265,-0.2647182
47018309270512,0.26205507,1.0322412,-0.2711098
47018317205082,0.3387541,1.1307782,-0.28975195
47018325139652,0.35473305,1.2554141,-0.30306774
47018333043705,0.4245079,1.3480922,-0.3158509
47018341039311,0.4958806,1.3896375,-0.32597092
47018348912846,0.531567,1.4578145,-0.30200246
47018356847416,0.5640575,1.4839134,-0.27324033
47018364720951,0.61625546,1.567004,-0.25992453
47018372625004,0.6641924,1.6729978,-0.24554345
47018380468022,0.7025419,1.80296,-0.24873926
47018388402592,0.7451525,1.9057581,-0.25832662
47018396245610,0.7946873,1.9707392,-0.2593919
47018404149662,0.8628642,2.0655477,-0.24873926
47018412053715,0.94488955,2.1875205,-0.24714136
47018419988285,1.0689929,2.3164175,-0.2561961
47018427922856,1.1829761,2.5023062,-0.26897928
47018435826908,1.3070794,2.7233486,-0.27856666
47018443730961,1.4359765,3.0546458,-0.30519825
47018451604496,1.591505,3.520699,-0.36325517
47018459539067,1.76248,4.0714407,-0.4495416
47018467473637,1.9419771,4.6738477,-0.55287224
47018475316654,2.1528995,5.344432,-0.6689861
47018483220707,2.3510387,6.0554957,-0.819721
47018491094242,2.5252094,6.7436566,-0.9667275
47018498967777,2.7100327,7.3375416,-1.1185277
47018506932865,2.8772793,7.749799,-1.2330436
47018514867436,3.0056436,7.918111,-1.2415657
47018522710453,3.1009848,7.8834896,-1.2373047
47018530614506,3.1004522,7.473363,-1.27885
47018538549076,3.0796795,6.876815,-1.3267869
47018546422611,2.9374666,6.0618873,-1.3997575
47018554357182,2.595517,5.2581453,-1.5520903
47018562261235,2.1150825,4.479437,-1.8274611
47018570134770,1.4940335,3.6762276,-2.0282636
47018578038822,0.84209156,2.9172268,-2.241849
47018585942875,0.15126756,2.3068302,-2.4719462
47018593785893,-0.48043427,1.7411747,-2.6951191
47018601659428,-1.0524813,1.226652,-2.8943236
47018609563481,-1.5680692,0.83942837,-3.0658312
47018617498051,-2.0474384,0.5486112,-3.246926
47018625402104,-2.4884577,0.2593919,-3.4067156
47018633306156,-2.968892,-0.18162759,-3.5579834
47018641210209,-3.4812841,-0.8133294,-3.617638
47018649083744,-3.78595,-1.3235911,-3.6037896
47018657048832,-4.152401,-2.0240026,-3.5169706
47018664922367,-4.3713126,-2.8192225,-3.307646
47018672795902,-4.163586,-3.8397458,-2.2253375
47018680699955,-3.7332194,-3.5979307,-1.5387745
47018688573490,-3.7273602,-2.092712,-1.6911073
47018696447026,-3.7252297,-1.0189254,-2.63866
47018704351078,-3.6911414,-0.51505536,-2.992328
47018712194096,-3.7364151,-0.57577544,-2.9454563
47018720037113,-3.7193708,-1.3944311,-2.8218856
47018727971684,-3.7651772,-2.706837,-2.5326662
47018735906254,-3.5159054,-4.4528055,-2.1145499
47018743840824,-3.1814122,-6.109824,-1.5339808
47018751744877,-2.7851338,-7.051518,-0.9518138
47018759648930,-2.4032366,-7.5585837,-0.49801114
47018767552983,-2.0229373,-7.616641,-0.15659387
47018775487553,-1.6671388,-7.135674,0.017044231
47018783391606,-1.2921658,-6.266418,0.040480047
47018791234623,-0.9267801,-5.219263,-0.03195793
47018799108158,-0.5811018,-4.0282974,-0.13369069
47018807012211,-0.2977414,-2.7164245,-0.19014971
47018814946781,-0.056991648,-1.4524881,-0.16298546
47018822881352,0.14594123,-0.32597092,-0.06977482
47018830785404,0.3291667,0.64714813,0.029827405
47018838658940,0.5400891,1.4737934,0.11025487
47018846532475,0.7435546,2.0804615,0.17257284
47018854467045,0.93636745,2.4740767,0.22370553
47018862401615,1.1249193,2.6589,0.27004454
47018870336186,1.2964269,2.591256,0.34194988
47018878209721,1.4402375,2.2391858,0.44474792
47018886113774,1.572863,1.6186694,0.5917544
47018893987309,1.6660736,1.0333065,0.73609775
47018901891361,1.7997643,0.20293288,0.9406285
47018909825932,1.9313245,-0.54914385,1.1318434
47018917729985,2.0516994,-1.1116035,1.2969595
47018925603520,2.1800637,-1.470065,1.4471618
47018933568608,2.312689,-1.6948358,1.5654061
47018941472660,2.4580977,-1.8535602,1.6687368
47018949376713,2.6098979,-1.9670109,1.7433053
47018957280766,2.7510455,-2.0602214,1.8002969
47018965123783,2.835734,-2.1038973,1.8572886
47018973027836,2.902313,-2.1193435,1.9009644
47018980962406,2.9640985,-2.1268005,1.9132149
47018988805424,3.0003173,-2.1395836,1.907356
47018996709477,3.0328078,-2.1923141,1.8780613
47019004613529,3.057309,-2.3212113,1.8578212
47019012548100,3.0738206,-2.4383903,1.8498317
47019020452152,3.0850058,-2.5923212,1.8626149
47019028356205,3.0940607,-2.789395,1.8876486
47019036229740,3.119627,-3.0232205,1.8897791
47019044133793,3.1489217,-3.2517197,1.8658108
47019052068363,3.1563785,-3.4173684,1.8359833
47019059972416,3.1664987,-3.4738274,1.7731327
47019067906986,3.1201596,-3.3422673,1.6809874
47019075811039,3.00085,-3.0834079,1.5638082
47019083684574,2.834136,-2.7425234,1.4226607
47019091558110,2.6381273,-2.3861923,1.2863069
47019099462162,2.4101608,-2.0687435,1.1819109
47019107396733,2.1470406,-1.8269285,1.1030813
47019115300785,1.850897,-1.6985642,1.0471549
47019123174320,1.5414376,-1.6437031,0.9779128
47019131108891,1.212271,-1.6719326,0.9044095
47019139012943,0.85487473,-1.7273263,0.82824314
47019146947514,0.48149952,-1.7949706,0.7275756
47019154821049,0.11664646,-1.8141453,0.628506
47019162725102,-0.14647387,-1.7816548,0.5704491
47019170598637,-0.42770368,-1.7017599,0.4777711
47019178502690,-0.7041398,-1.6144083,0.37603834
47019186376225,-0.9528791,-1.4535533,0.3323625
47019194249760,-1.1877699,-1.3086774,0.29348037
47019202153813,-1.4769892,-1.0727214,0.3121225
47019210088383,-1.7832527,-0.716923,0.25033715
47019217992436,-2.0314593,-0.37284255,0.08948222
47019225896488,-2.1523669,-0.29614353,0.017576864
47019233800541,-2.1209416,-0.29028457,0.029294772
47019241674076,-1.9169434,-0.4495416,0.011717909
47019249608647,-1.6373115,-0.76752305,0.015978966
47019257543217,-1.3518206,-1.0626013,0.1107875
47019265386235,-1.1286477,-1.2820457,0.22050974
47019273290287,-1.0391655,-1.3273195,0.221575
47019281163822,-1.0535465,-1.2090752,0.18429075
47019289037358,-1.109473,-0.9257148,0.16192019
47019296941410,-1.158475,-0.5267733,0.14807177
47019304875981,-1.1387677,-0.1454086,0.13528858
47019312780033,-1.0498182,0.14274544,0.0974717
47019320653568,-0.92464954,0.32490566,0.02609898
47019328649174,-0.8346347,0.43782368,-0.02876214
47019336522709,-0.79894835,0.49641323,-0.040480047
47019344457279,-0.7909589,0.4745753,-0.01438107
47019352330815,-0.7701862,0.37550572,0.026631612
47019360204350,-0.7142598,0.2130529,0.060720075
47019368108402,-0.64182186,0.029827405,0.07829694
47019376042973,-0.5752428,-0.10333065,0.09161274
47019383885990,-0.53795856,-0.1603223,0.111852765
47019391790043,-0.50600064,-0.16192019,0.120907515
47019399694096,-0.45859635,-0.12783173,0.113983296
47019407628666,-0.4261058,-0.07243799,0.10865697
47019415532719,-0.40053943,0.046871636,0.105993815
47019423436772,-0.38296258,0.1917476,0.10333065
47019431340824,-0.3584615,0.2972088,0.091080114
47019439244877,-0.34408042,0.36591834,0.08149273
47019447179447,-0.33502567,0.39468047,0.082558
47019455114018,-0.3291667,0.34993938,0.07989483
47019462957035,-0.32490566,0.2695119,0.080960095
47019470830570,-0.32170987,0.1933455,0.08522116
47019478673588,-0.31372038,0.1587244,0.07989483
47019486577641,-0.30945933,0.17630127,0.07403588
47019494481693,-0.31691617,0.19867182,0.072970614
47019502324711,-0.31638354,0.19228023,0.06178534
47019510228764,-0.30306774,0.12676647,0.05219796
47019518102299,-0.28815404,0.06551377,0.05219796
47019526036869,-0.29827404,0.05539375,0.0628506
47019533940922,-0.314253,0.10705908,0.06711166
47019541844975,-0.3089267,0.1736381,0.05752428
47019549718510,-0.29294774,0.2130529,0.04261058
47019557592045,-0.26738137,0.22423817,0.035153728
47019565526615,-0.2412824,0.22743396,0.02876214
47019573461186,-0.21038973,0.21358553,0.02396845
47019581304203,-0.19068234,0.19600865,0.02396845
47019589208256,-0.18482338,0.2034655,0.02609898
47019597051274,-0.16724652,0.23595607,0.024501082
47019604955326,-0.14966966,0.27696875,0.02130529
47019612859379,-0.1304949,0.31265512,0.017044231
47019620793949,-0.11611383,0.3339604,0.0127831735
47019628636967,-0.10066749,0.3190467,0.007989483
47019636541020,-0.09161274,0.28815404,0.007456851
47019644475590,-0.08042747,0.2396845,0.007456851
47019652379643,-0.07989483,0.2130529,0.006924219
47019660283695,-0.08042747,0.2050634,0.0053263223
47019668157231,-0.08735169,0.21678132,0.0010652645
47019676030766,-0.091080114,0.22743396,-0.010652645
47019683965336,-0.09161274,0.23702134,-0.02396845
47019691899906,-0.08735169,0.24501082,-0.032490566
47019699742924,-0.084155895,0.24554345,-0.036751624
47019707616459,-0.07829694,0.21891184,-0.04261058
47019715581547,-0.072970614,0.18482338,-0.041012682
47019723516117,-0.068176925,0.1486044,-0.03888215
47019731420170,-0.06551377,0.11930962,-0.035153728
47019739354740,-0.058589544,0.08948222,-0.03568636
47019747258793,-0.047404267,0.066046394,-0.036218993
47019755162846,-0.039414786,0.054328486,-0.04314321
47019763097416,-0.03195793,0.041545313,-0.049002163
47019771001469,-0.023435818,0.02609898,-0.054328486
47019778875004,-0.016511599,-0.0015978967,-0.054328486
47019786779057,-0.008522116,-0.0479369,-0.05273059
47019794622074,-0.007989483,-0.07190535,-0.05006743
47019802495610,-0.0031957934,-0.075101145,-0.053795855
47019810399662,0.002130529,-0.08522116,-0.054328486
47019818242680,-0.0026631611,-0.07403588,-0.054328486
47019826085697,0.0015978967,-0.09321064,-0.056991648
47019833989750,-5.326322E-4,-0.099069595,-0.05965481
47019841924320,0.007456851,-0.108124346,-0.06018744
47019849858891,0.0053263223,-0.087884314,-0.060720075
47019857793461,0.0063915867,-0.05539375,-0.06764429
47019865697514,0.0026631611,-0.0058589545,-0.06498113
47019873571049,0.0058589545,0.0314253,-0.06391586
47019881536137,0.00479369,0.06338324,-0.06498113
47019889440190,0.010652645,0.072970614,-0.0628506
47019897313725,0.013315806,0.06338324,-0.060720075
47019905156742,0.02130529,0.046339005,-0.056991648
47019913030277,0.02130529,0.017044231,-0.05219796
47019920903813,0.024501082,-0.018642128,-0.046339005
47019928838383,0.028229509,-0.06551377,-0.03888215
47019936742436,0.025566347,-0.104928546,-0.03568636
47019944646488,0.026631612,-0.13688648,-0.034088463
47019952520024,0.024501082,-0.15180019,-0.035153728
47019960515629,0.02396845,-0.16245283,-0.0314253
47019968389164,0.02396845,-0.1571265,-0.029827405
47019976323735,0.022370555,-0.15020229,-0.025566347
47019984197270,0.023435818,-0.14008227,-0.025566347
47019992040287,0.026631612,-0.13262543,-0.022903185
47019999944340,0.0314253,-0.1257012,-0.02396845
47020007848393,0.034621093,-0.11132014,-0.021837922
47020015691410,0.034088463,-0.09534117,-0.022903185
47020023595463,0.03089267,-0.072970614,-0.026631612
47020031438481,0.027696876,-0.049534798,-0.03195793
47020039434086,0.018109497,-0.032490566,-0.034088463
47020047338139,0.010652645,-0.015978966,-0.03089267
47020055272709,0.0053263223,-0.01438107,-0.032490566
47020063176762,0.002130529,-0.022903185,-0.03195793
47020071050297,0.0010652645,-0.033023197,-0.029294772
47020079045902,-5.326322E-4,-0.053795855,-0.027696876
47020086919438,-0.0015978967,-0.07350325,-0.023435818
47020094792973,-0.0010652645,-0.09267801,-0.021837922
47020102666508,-0.0031957934,-0.10066749,-0.016511599
47020110540043,-0.0037284256,-0.084155895,-0.016511599
47020118383061,-0.009054748,-0.056991648,-0.020240024
47020126317631,-0.009054748,-0.04474111,-0.020240024
47020134160649,-0.00958738,-0.040480047,-0.016511599
47020142064701,-0.014913702,-0.058589544,-0.01438107
47020149968754,-0.13635385,-0.12037488,-0.049002163
47020157903324,-0.03089267,-0.053795855,-0.050600063
47020165807377,-0.056991648,-0.01438107,-0.042077947
47020173741947,-0.043675844,0.010652645,-0.027164243
47020181646000,-0.0314253,0.013315806,-0.017044231
47020189519535,-0.020772656,-0.0063915867,-0.012250541
47020197454106,5.326322E-4,-0.039414786,0.002130529
47020205358158,0.018109497,-0.060720075,0.013315806
47020213323246,0.036751624,-0.06231797,0.019707393
47020221166264,0.04314321,-0.058589544,0.02130529
47020229070317,0.046339005,-0.058589544,0.020240024
47020237004887,0.04527374,-0.058056913,0.01917476
47020244908940,0.042077947,-0.041545313,0.007456851
47020252843510,0.043675844,-0.007456851,0.00479369
47020260686527,0.042077947,0.02876214,0.0015978967
47020268590580,0.04261058,0.047404267,-0.0026631611
47020276525151,0.040480047,0.05486112,-0.0053263223
