65927835714277,0.05423498,-0.21466446,-0.10619354
65927843679365,0.11643171,-0.42688274,-0.19092679
65927851552900,0.1623137,-0.52180004,-0.22527552
65927859456953,0.045466423,-0.14060593,-0.07230759
65927867391523,0.05825305,-0.18473816,-0.08529711
65927875265058,0.04556322,-0.17242146,-0.08093977
65927883138594,0.03601575,-0.14348602,-0.07096529
65927891042646,0.032510877,-0.1442442,-0.07118368
65927898946699,0.027379632,-0.124549866,-0.0626111
65927906911787,0.0124874115,-0.05731392,-0.02998066
65927914785322,-0.0071333647,0.033283234,0.0175848
65927922689375,-0.021244168,0.10303593,0.054218292
65927930562910,-0.044074774,0.21579075,0.11565685
65927938466963,-0.050162554,0.23960495,0.13167381
65927946401533,-0.05411458,0.23866367,0.13354921
65927954275068,-0.0723151,0.30634403,0.17243671
65927962209638,-0.08254218,0.34442902,0.19594765
65927970083174,-0.0864352,0.36950588,0.20842218
65927977956709,-0.0845623,0.36913013,0.20968676
65927985921797,-0.081059456,0.35260963,0.2042141
65927993795332,-0.08838129,0.39210224,0.23046494
65928001729902,-0.08749902,0.40096378,0.23670149
65928009633955,-0.08503389,0.4129324,0.23891258
65928017507490,-0.08581972,0.4126749,0.24186325
65928025442060,-0.072636604,0.3435278,0.19760942
65928033315595,-0.0758481,0.35129166,0.19951963
65928041250166,-0.09237099,0.41744328,0.23972797
65928049123701,-0.08301699,0.39880466,0.21750164
65928056997236,-0.083840966,0.41526127,0.22072458
65928064931806,-0.080145955,0.40733337,0.21155262
65928072805342,-0.071908,0.37041092,0.1887846
65928080678877,-0.061821222,0.32138634,0.16225195
65928088552412,-0.048951387,0.2581377,0.124577045
65928096425947,-0.042982697,0.22547531,0.10451031
65928104360517,-0.04796374,0.24254704,0.1080842
65928112234053,-0.035808563,0.17654705,0.07205868
65928120168623,-0.025870085,0.1296606,0.050239563
65928128072676,-0.0110737085,0.061320305,0.023202896
65928135976728,-0.024305582,0.15754223,0.058521748
65928143941816,-0.026972413,0.18463993,0.06968427
65928151845869,-0.009200931,0.06759262,0.025497913
65928159749922,-0.013537884,0.108091354,0.042458534
65928167653974,0.0154239535,-0.14897537,-0.05354929
65928175558027,0.028810024,-0.27326107,-0.09794283
65928183462080,0.086245775,-0.8391485,-0.21304798
65928191366133,0.060014457,-1.4091244,-0.35342622
65928199331220,-0.13662857,-1.8678412,-0.5163479
65928207235273,-0.2672255,-1.4960046,-0.44184422
65928215108808,-0.1699748,-0.7794075,-0.27218366
65928223073896,-0.10905862,-0.3352642,-0.11404157
65928230947431,0.019844055,0.061427116,0.023070335
65928238882002,0.25118327,1.0444269,0.21533525
65928246755537,0.40882778,2.5598469,0.347834
65928254629072,0.16791138,3.4990482,0.24240297
65928262594160,-0.1776678,3.8569593,-0.52007127
65928270498213,-0.35071945,4.4987984,-0.95030355
65928278493818,-0.23977295,5.0554476,-1.3121531
65928286367353,-0.22815087,5.5366354,-1.5103948
65928294240888,-0.14676973,5.324876,-2.4270682
65928302175459,0.2203115,4.9139605,-2.4673057
65928310048994,0.33273643,3.7054434,-1.5541646
65928317983564,0.087699324,1.8646107,-1.2884922
65928325857099,-0.06389248,0.7197342,-0.902823
65928333700117,-0.0056123957,1.6867542,-3.0137072
65928341665205,0.04092531,1.9900618,-2.101924
65928349569258,-3.8801506E-4,-0.102983475,0.019423127
65928357442793,0.101209104,-1.9054351,0.25975406
65928365316328,-0.04600078,-0.8487773,0.4676304
65928373189863,-0.09264612,-0.87719727,0.22647047
65928381124433,-0.025567248,-0.96463776,-0.18030453
65928388997969,0.15643036,-1.2492714,-0.29685616
65928396932539,0.16926348,-1.0325623,-0.11399323
65928404806074,0.22939122,-0.9944229,-0.34644938
65928412710127,0.6324589,-1.5753126,-0.73258424
65928420644697,0.98958945,-2.1926665,-0.524089
65928428518232,1.0450885,-2.2157526,-0.38158238
65928436452803,1.0431578,-2.155189,-0.071969405
65928444356855,1.0483623,-2.555984,-0.15622172
65928452260908,0.7172464,-3.3415995,-0.021772854
65928460195478,-0.24212569,-3.0347219,0.3061872
65928468099531,-0.8446739,-2.753676,-0.18171412
65928476064619,-1.137665,-2.7464743,-0.1943098
65928483968672,-1.0783501,-2.52286,0.5770385
65928491842207,-1.2394288,-3.8428526,3.7992544
65928499807295,0.92893744,0.6940938,-3.4848194
65928507711347,-0.35721457,4.37915,-6.903613
65928515676435,-0.53780365,1.5584507,-1.4332685
65928523549970,-1.1097379,2.6304903,0.19306833
65928531423506,-1.4959593,1.6550703,0.13999707
65928539388594,-0.23227918,2.6845412,-3.6966681
65928547292646,1.3253362,6.1835732,-10.322268
65928555257734,0.93041766,4.5512,-4.217707
65928563161787,1.278537,3.8029604,-1.8172584
65928571035322,2.20824,5.195565,-4.04232
65928578969892,1.9392097,4.642203,-4.489058
65928586873945,0.9660566,2.6945825,-2.5930982
65928594839033,0.38549805,2.0725265,-2.6997404
65928602712568,0.23981065,2.2890162,-4.3710976
65928610586103,-0.01771421,0.8634014,-1.7260151
65928618520674,0.11510378,1.0492258,-2.5838003
65928626394209,0.29626894,1.7509985,-3.6455832
65928634267744,-0.043158054,-0.42471504,0.6310291
65928642141279,-0.025797725,-1.0339391,1.9035873
65928650045332,0.08015624,0.8330879,-1.7722483
65928658010420,-0.0045774877,0.074523926,-0.11815357
65928665883955,0.13314867,-0.71510315,1.1074376
65928673818525,-0.023077488,0.10806227,-0.16628265
65928681722578,-0.10018349,0.54729605,-0.73756266
65928689626631,-0.041841745,0.29326868,-0.27286768
65928697561201,0.23248291,-1.2031083,0.52600527
65928705465254,0.31742185,-2.7629275,0.4838754
65928713369306,-0.34842587,-2.3220277,0.7702482
65928721242842,-0.40455103,-1.3132296,0.48948026
65928729116377,-0.3801639,-1.202251,0.36278868
65928737081465,-0.27931,-1.3380032,0.25636423
65928745016035,-0.13708723,-1.1283503,0.25257385
65928752950605,-0.011143535,-0.30176067,0.105784655
65928760854658,-0.004424393,0.15458298,-0.060200453
65928768728193,-0.01668799,0.29224682,-0.10766125
65928776662763,-0.034300268,0.51606655,-0.18570304
65928784566816,-0.05194804,1.2412004,-0.57789755
65928792440351,0.043029025,1.6245852,-0.7260432
65928800344404,0.23571515,1.7689896,-0.5912008
65928808248457,0.5430546,2.2441406,-0.6417866
65928816183027,0.76906514,2.475071,-0.6694629
65928824087080,0.9645972,2.6782942,-0.7060883
65928832052168,0.8362887,1.9179535,-0.531755
65928839925703,2.9407048,0.10722542,-2.6814058
65928847799238,1.1620662,-1.8480463,-8.084898
65928855733808,1.5990593,1.3570385,-10.895955
65928863607344,-0.1643126,1.4398375,-14.670698
65928871572431,-1.203188,4.5393524,-19.25392
65928879445967,-2.283395,9.646529,-17.587578
65928887319502,-9.614625,6.3545856,-4.4294596
65928895254072,-8.448137,5.338661,-5.1417303
65928903127607,-4.292196,8.723862,-14.797631
65928911001142,-2.3028414,7.448572,-14.482904
65928918874678,-1.0382974,7.077944,-9.283512
65928926748213,-1.8587687,7.4228926,-8.650835
65928934682783,-1.71839,7.301258,-9.43835
65928942586836,-0.4094348,7.364401,-9.673346
65928950551924,-0.41016698,7.113652,-7.17885
65928958425459,-1.0586685,6.4996176,-4.447769
65928966298994,-1.2188661,6.255867,-4.9653363
65928974233564,-1.6134368,5.9853115,-6.8133736
65928982137617,-2.1796238,5.1397934,-6.5250034
65928990011152,-2.8645856,3.8662186,-5.747633
65928997854170,-2.695903,3.1966076,-4.366075
65929005727705,-2.8460984,2.5377731,-5.7318506
65929013692793,-2.5230079,1.885807,-7.4977117
65929021566328,-2.5017757,1.1060886,-8.017755
65929029500898,-2.8191535,0.48416138,-8.491539
65929037374433,-3.573741,-0.7728696,-8.182272
65929045278486,-3.7966237,-1.7288232,-7.5099382
65929053213056,-3.3408775,-2.5181727,-9.32345
65929061086592,-2.741284,-3.0963817,-11.945576
65929069051679,-1.0727947,-2.5314736,-14.274076
65929076955732,-0.518801,-1.7990046,-15.241053
65929084859785,0.51572347,-1.3829913,-15.489987
65929092794355,2.19253,-1.3470464,-15.871706
65929100698408,4.038224,-1.4013972,-16.35843
65929108663496,4.753211,-1.6508384,-16.379675
65929116537031,4.9940276,-1.6250515,-16.22032
65929124441084,4.339588,-1.2836227,-16.319162
65929132375654,1.7791278,-0.93164444,-16.192804
65929140249189,-1.2128199,-1.060916,-15.420366
65929148183760,-3.3822803,-2.387762,-14.663803
65929156179365,-4.622999,-3.610137,-14.161013
65929164052900,-4.6072273,-4.2947407,-15.277473
65929171987470,-3.9038057,-4.502986,-15.4286995
65929179861006,-2.978666,-4.5817018,-15.202488
65929187704023,-1.827826,-5.0058947,-13.846659
65929195608076,-0.7668948,-4.8984566,-11.72415
65929203481611,-0.5808558,-4.268447,-10.689909
65929211446699,-0.70588565,-3.8372414,-10.316647
65929219381269,-0.9394314,-3.897963,-9.861645
65929227315840,-0.5218763,-4.2316856,-9.146778
65929235189375,0.23093593,-4.656708,-8.458339
65929243093428,1.0346591,-4.7802787,-8.872652
65929251027998,1.4850436,-4.537451,-7.288808
65929258901533,1.2549131,-4.304388,-7.9067063
65929266775068,0.9158865,-3.5835128,-9.564274
65929274679121,0.1646691,-2.4921136,-10.518533
65929282552656,-1.0742353,-2.0120425,-9.68393
65929290517744,-1.8913697,-2.53615,-8.944684
65929298391279,-1.9556162,-3.2529697,-8.159273
65929306325849,1.2296947,-2.2096314,-14.71406
65929314229902,0.985544,-2.2489605,5.53891
65929322103437,1.014071,0.42394638,1.6701856
65929330038008,0.9973967,4.14937,2.2731733
65929337911543,1.8320272,3.862505,-3.087092
65929345907148,-0.75112903,7.0694103,-1.6473694
65929353811201,-0.31539693,7.1155224,-0.17848802
65929361684736,0.58819944,6.0314884,2.0867467
65929369649824,-0.93921125,5.6692915,3.3381243
65929377523359,-3.3516002,6.1634645,2.617965
65929385457929,-3.7661018,6.014865,1.163085
65929393361982,-3.751372,5.0703583,1.7380304
65929401235517,-3.9720476,4.4478655,2.5957453
65929409170088,-3.8847091,4.3809843,2.510758
65929417043623,-4.202524,4.187607,2.3542485
65929425008711,-4.8476033,3.4853725,1.8003917
65929432882246,-5.1863585,2.9198027,1.4549885
65929440786299,-4.828045,2.6687222,1.6907325
65929448751386,-3.8219695,2.3526773,3.0316744
65929456624922,-2.462089,1.4526863,4.1169815
65929464498457,-0.749903,0.82658386,3.5682096
65929472371992,0.46418783,0.6484623,3.0639834
65929480245527,0.85568017,0.44946575,3.3064828
65929488210615,0.7489672,0.055607796,2.772869
65929496084150,0.23262541,-0.428751,1.643897
65929504018720,-0.6664108,-0.7327385,0.9194565
65929511892256,-1.602615,-0.8052592,0.3658142
65929519765791,-2.3085012,-0.6220393,-0.1731391
65929527730879,-2.475181,-0.35226727,-0.69402504
65929535634931,-2.2425075,-0.15744495,-0.8090205
65929543538984,-1.5304253,0.018427849,-0.71385336
65929551443037,-0.9042255,0.2242012,-0.6665726
65929559347090,-0.38990477,0.41518784,-0.5202489
65929567312178,-0.06406535,0.47715282,-0.44139814
65929575246748,0.07509324,0.38874912,-0.4926386
65929583181318,-0.042937808,0.3130827,-0.69368696
65929591085371,-0.28175825,0.18107033,-0.8680222
65929599019941,-0.36580053,0.09575176,-0.9751375
65929606954511,-0.31551498,0.09053993,-0.93106484
65929614797529,-0.1601552,-0.019078255,-1.0755124
65929622701582,-0.009569496,-0.13271046,-1.2094722
65929630605635,0.088605925,-0.11402035,-1.2225575
65929638509687,0.16363515,-0.04472351,-1.2865567
65929646474775,0.33520108,0.043907166,-1.2455807
65929654378828,0.49569356,0.08236694,-1.1760988
65929662343916,0.60515,0.041833878,-0.9366696
65929670247969,0.5212042,0.046254158,-1.0816948
65929678121504,0.4445052,0.1887064,-1.093487
65929686086592,0.40294835,0.356678,-1.1085715
65929693960127,0.32377076,0.37771416,-1.0813425
65929701925215,0.3300988,0.34063435,-0.9739473
65929709859785,0.46274173,0.30303383,-0.8321161
65929717733320,0.5761185,0.3271885,-0.6893897
65929725667890,0.6803946,0.44446754,-0.4911232
65929733541426,0.8433216,0.5401039,-0.2758894
65929741475996,0.92720604,0.68857765,-0.013031006
65929749380049,0.91881406,0.65744495,-0.051712036
65929757284101,0.8208625,0.6000719,-0.049824715
65929765218672,0.6713389,0.6220112,0.061658382
65929773092207,0.50149083,0.6633158,0.08178949
65929781057295,0.3177151,0.577898,0.051343918
65929788930830,0.19354515,0.40413666,0.10426378
65929796804365,0.23160423,0.23280811,0.011096001
65929804738935,0.20938101,0.09760761,0.13302183
65929812612470,0.23982993,0.06757927,0.15953064
65929820547041,0.25862843,0.049471855,0.013771057
65929828451094,0.28528118,0.016997337,-0.02423668
65929836324629,0.16245061,-0.0059366226,-0.13400126
65929844320234,0.011935063,-0.08372688,-0.22022772
65929852193769,-0.12380642,-0.08944321,-0.20876265
65929860128340,-0.05363018,-0.05432415,-0.19274998
65929868001875,-0.014082007,-0.03338051,-0.17231035
65929875875410,0.026273392,-0.017295837,-0.19963503
65929883809980,1.10179186E-4,-0.045083046,-0.17282772
65929891714033,-0.08143179,-0.06315231,-0.21337509
65929899679121,-0.15894261,0.016871452,-0.2298913
65929907552656,-0.15849662,0.06576538,-0.22009993
65929915456709,-0.18797085,0.12165451,-0.33926725
65929923391279,-0.24989568,0.1128149,-0.31943607
65929931264814,-0.33025488,0.046536446,-0.2876897
65929939199385,-0.34549773,0.06369972,-0.36780596
65929947072920,-0.3463894,0.09756374,-0.29696512
65929954946455,-0.28319326,0.12641239,-0.29031515
65929962881025,-0.19688275,0.145648,-0.22850084
65929970754560,-0.10618629,0.18646908,-0.17871666
65929978628095,-0.07562339,0.21535873,-0.15293503
65929986532148,-0.05921499,0.1964283,-0.12248564
65929994405683,-0.025813662,0.18471622,-0.11365318
65930002401289,-0.044643734,0.1515646,-0.10982227
65930010305342,-0.10354923,0.1326828,-0.21115828
65930018239912,0.16914776,0.2917595,-7.447997
65930026113447,0.23593263,0.16893578,5.1880307
65930033986982,-0.84344023,0.035099983,-0.70008826
65930041921553,0.39631024,0.18437767,-1.3868368
65930049795088,-0.14064386,-0.021242142,0.60449314
65930057760176,-0.2819795,-0.009218216,0.6210561
65930065633711,0.2583654,-7.047653E-4,0.2567582
65930073537763,0.17718175,-0.06988907,-0.28019047
65930081502851,0.409438,0.28824997,-1.3701196
65930089376386,0.28269467,0.4043541,-0.42446184
65930097310957,-0.13723406,-0.042895317,0.14436054
65930105215010,-0.1282517,-0.114712715,-0.3417492
65930113149580,-0.07458266,0.019415855,-0.34669828
