65927827871260,0.022370555,0.041545313,0.0015978967
65927835775312,0.022370555,0.041545313,0.0015978967
65927843709883,0.022370555,0.041545313,0.0015978967
65927851583418,0.022370555,0.041545313,0.0015978967
65927859517988,0.022370555,0.041545313,0.0015978967
65927867422041,0.022370555,0.041545313,0.0015978967
65927875295576,0.022370555,0.041545313,0.0015978967
65927883199629,0.022370555,0.041545313,0.0015978967
65927891103681,-0.06551377,-0.38029942,-0.0058589545
65927899007734,-0.068176925,-0.35153726,-0.013315806
65927906942304,-0.06498113,-0.3190467,-0.022903185
65927914815840,-0.06391586,-0.28336033,-0.03355583
65927922750410,-0.0628506,-0.24873926,-0.04261058
65927930623945,-0.06338324,-0.20719394,-0.051665325
65927938527998,-0.06178534,-0.16831179,-0.061252706
65927946432051,-0.058056913,-0.15126756,-0.0628506
65927954305586,-0.055926383,-0.14807177,-0.06498113
65927962240156,-0.051132694,-0.1555286,-0.06231797
65927970113691,-0.049534798,-0.16564862,-0.061252706
65927978017744,-0.04261058,-0.17257284,-0.05912218
65927985982832,-0.036218993,-0.17789917,-0.06018744
65927993825849,-0.025033714,-0.18269286,-0.06018744
65928001760420,-0.012250541,-0.18216023,-0.06018744
65928009664472,-0.0026631611,-0.17736652,-0.06338324
65928017568525,0.011717909,-0.16884442,-0.06178534
65928025472578,0.023435818,-0.16831179,-0.06178534
65928033346113,0.0314253,-0.1784318,-0.06178534
65928041280683,0.04580637,-0.18162759,-0.061252706
65928049154219,0.053795855,-0.18269286,-0.05965481
65928057058271,0.05752428,-0.18322548,-0.056459017
65928064962324,0.061252706,-0.17630127,-0.05219796
65928072835859,0.0644485,-0.17417073,-0.04527374
65928080709394,0.07137272,-0.1768339,-0.03781689
65928088582929,0.080960095,-0.18695392,-0.033023197
65928096486982,0.08681905,-0.20133498,-0.028229509
65928104391035,0.09640643,-0.22104238,-0.020240024
65928112264570,0.10759171,-0.26684874,-0.0053263223
65928120229658,0.12410331,-0.32330775,0.015978966
65928128133711,0.1486044,-0.37763625,0.037284255
65928136037763,0.18748654,-0.41918156,0.05752428
65928144002851,0.25353295,-0.4564658,0.084155895
65928151906904,0.34674358,-0.5113269,0.11504856
65928159810957,0.48309743,-0.55979645,0.14594123
65928167715010,0.64768076,-0.644485,0.17736652
65928175619062,0.85487473,-0.7419567,0.20612867
65928183523115,1.0966897,-0.88470215,0.24341293
65928191427168,1.3928332,-1.0066749,0.26312032
65928199361738,1.7502295,-1.0135992,0.2593919
65928207265791,2.156628,-0.94808537,0.24074976
65928215169844,2.6423886,-0.7701862,0.22956449
65928223104414,3.1643682,-0.53103435,0.2034655
65928230977949,3.6868804,-0.13209279,0.18216023
65928238912519,4.069843,0.386691,0.1587244
65928246786054,4.4384246,0.7882957,0.16990969
65928254690107,4.8320394,0.9400959,0.2609898
65928262655195,5.0887685,0.96406436,0.35739622
65928270559248,5.3225937,0.9038769,0.42077947
65928278524336,5.53831,0.81013364,0.43356264
65928286397871,5.7199373,0.8111989,0.4511395
65928294301924,5.8328557,0.6540724,0.51292485
65928302205976,5.9415126,0.44048685,0.5496765
65928310079511,6.0975738,0.5251754,0.5432849
65928318014082,6.205698,0.65673554,0.50120693
65928325887617,6.208361,0.47510794,0.54648066
65928333761152,5.9500346,0.2514024,0.59228706
65928341695722,5.5271244,0.13475595,0.608266
65928349599775,5.281049,0.15819177,0.58269966
65928357473310,5.033375,0.1555286,0.52464277
65928365346845,4.5572014,-0.10705908,0.38136467
65928373250898,4.0432115,-0.360592,0.16085494
65928381154951,3.641074,-0.46924898,-0.021837922
65928389028486,3.327886,-0.3552657,-0.09640643
65928396993574,2.7840686,-0.15180019,-0.13528858
65928404867109,2.2913837,0.02396845,-0.13369069
65928412771162,1.8897791,0.09054748,-0.0777643
65928420675215,1.4503576,0.1123854,-0.0058589545
65928428548750,1.0322412,0.10652645,0.04261058
65928436513838,0.6066681,0.0031957934,0.06870956
65928444417890,0.23116238,-0.17310548,0.06977482
65928452352461,-0.08362326,-0.26045716,0.053263225
65928460256513,-0.44315,-0.10759171,0.017044231
65928468160566,-0.7595336,0.2647182,-0.041012682
65928476095136,-1.0077401,0.76592517,-0.08948222
65928483999189,-1.2468921,1.2985574,-0.12463594
65928491903242,-0.9816412,1.6820526,-0.0026631611
65928499868330,-1.010936,1.7273263,0.030360037
65928507772383,-1.4626081,2.176868,-0.06391586
65928515706953,-1.7028252,1.4865766,-0.06711166
65928523580488,-1.6580842,1.0343717,-0.17470337
65928531484541,-1.1206582,0.44900897,-0.029827405
65928539449629,-0.6135923,-0.38083205,-0.06924219
65928547353681,-0.5592638,-0.56725335,-0.21198763
65928555288252,-0.16831179,-0.22690132,-0.25406557
65928563192304,0.51292485,0.3073288,-0.34088463
65928571096357,1.1158645,0.66152924,-0.4612595
65928579030928,1.6559536,1.0684602,-0.5640575
65928586934980,2.2439797,1.4865766,-0.62317973
65928594869551,2.8101676,1.6357136,-0.61199445
65928602743086,3.1824775,1.5430355,-0.5773733
65928610647138,3.632552,1.4333134,-0.515588
65928618551191,3.9771647,1.2905679,-0.45486793
65928626424726,4.060788,1.2937636,-0.40746364
65928634298261,4.2472095,1.3582122,-0.34194988
65928642171797,4.4725127,1.3662016,-0.2759035
65928650106367,4.4006076,1.2330436,-0.2412824
65928658040937,4.334561,1.0647318,-0.19813919
65928665914472,4.298342,0.83250415,-0.16405073
65928673879560,4.138552,0.5768407,-0.19973709
65928681783613,3.91751,0.17470337,-0.3110572
65928689718183,3.636813,-0.18162759,-0.49055427
65928697622236,3.4099116,-0.40959418,-0.6450176
65928705526289,3.2969935,-0.479369,-0.7483483
65928713399824,3.0791469,-0.4048005,-0.90494215
65928721273359,2.7696877,-0.1123854,-1.0791129
65928729177412,2.4383903,0.26045716,-1.2319783
65928737142500,2.112952,0.6146576,-1.3427658
65928745046553,1.7933728,0.84688526,-1.4221281
65928752981123,1.4263891,1.0002834,-1.4908376
65928760885176,1.0349044,1.0279802,-1.5611451
65928768789228,0.6695187,0.9321064,-1.6415725
65928776693281,0.3334278,0.8309063,-1.7395768
65928784597334,-0.036751624,0.7105314,-1.8381138
65928792501386,-0.42770368,0.6279734,-1.9419771
65928800405439,-0.79628515,0.6828345,-2.036253
65928808309492,-1.1531488,0.9603359,-2.120409
65928816244062,-1.5073493,1.3997575,-2.181129
65928824148115,-1.8423749,1.8823223,-2.2178805
65928832082685,-1.9414445,2.4703484,-2.26635
65928839956220,-1.7235979,2.8905952,-2.3457124
65928847860273,-1.6937705,3.4429348,-2.1662152
65928855764326,-1.7204021,3.7976677,-2.011752
65928863637861,-1.6804547,3.5910065,-1.8402443
65928871602949,-1.8860507,2.9113677,-1.7550232
65928879476484,-2.3819313,1.9286613,-1.8961707
65928887380537,-2.20563,0.99495703,-1.7129452
65928895284590,-1.7587516,0.19760656,-1.3768543
65928903158125,-1.8817897,-0.2545982,-1.1153319
65928911031660,-2.0762005,-0.41598576,-0.8878979
65928918905195,-2.027731,-0.45486793,-0.700944
65928926809248,-2.0165455,-0.21411815,-0.46392268
65928934743818,-2.1007016,0.04580637,-0.21518342
65928942647871,-2.2786007,0.23542345,-0.020772656
65928950582441,-2.501241,0.5752428,0.17044231
65928958455976,-2.6674223,0.96992326,0.36645097
65928966360029,-2.8815403,1.2873721,0.50600064
65928974264082,-3.1350732,1.397627,0.5752428
65928982168135,-3.5388086,1.4631407,0.64768076
65928990041670,-3.933489,1.5238608,0.72651035
65928997884687,-4.3137884,1.6644757,0.82398206
65929005788740,-4.6754456,1.8998991,0.89642006
65929013753828,-5.116465,2.0628846,0.9289106
65929021596845,-5.5212655,2.1672804,0.8857674
65929029531416,-5.899967,2.1928468,0.8032094
65929037404951,-6.1923823,2.2871227,0.6988135
65929045339521,-6.376673,2.4335966,0.5603291
65929053243574,-6.4922543,2.5092304,0.40426785
65929061117109,-6.560431,2.4357271,0.267914
65929069112715,-6.611031,2.2727418,0.105993815
65929077016767,-6.5875955,2.1209416,-0.06338324
65929084951338,-6.4272733,1.9835224,-0.21411815
65929092855390,-6.1274014,1.871137,-0.40053943
65929100759443,-5.7604175,1.8136127,-0.6460829
65929108694013,-5.324724,1.8801918,-0.9012137
65929116567549,-4.8277783,2.005893,-1.1286477
65929124502119,-4.352138,2.1843247,-1.3448963
65929132406172,-3.9340217,2.2242723,-1.470065
65929140279707,-3.5068505,2.0122845,-1.4519554
65929148275312,-3.0562437,1.6053536,-1.3182647
65929156209883,-2.5747442,1.1020161,-1.1302456
65929164113935,-2.1497037,0.4261058,-0.89162636
65929172017988,-1.7837853,-0.113983296,-0.67005134
65929179922041,-1.4679344,-0.2892193,-0.5390238
65929187765058,-1.0961571,-0.257794,-0.49215218
65929195669111,-0.68389976,0.034088463,-0.50387007
65929203573164,-0.32384038,0.45167214,-0.5022722
65929211507734,-0.05539375,0.8117315,-0.44474792
65929219411787,0.12996227,1.0950918,-0.31478566
65929227346357,0.24021713,1.3012205,-0.14966966
65929235219892,0.3536678,1.4498249,0.0037284256
65929243154463,0.42983422,1.5504924,0.10759171
65929251058515,0.54648066,1.7656758,0.13848437
65929258932051,0.6359629,1.8311896,0.12676647
65929266805586,0.69774824,1.7188042,0.07137272
65929274709638,0.6988135,1.3843112,-0.010120012
65929282613691,0.69721556,0.9890981,-0.08522116
65929290548261,0.7004114,0.5853628,-0.13901702
65929298421797,0.737163,0.19600865,-0.19228023
65929306356367,0.18002969,-0.66152924,-0.20133498
65929314260420,0.101200126,-0.082025364,-0.40053943
65929322164472,-0.06551377,0.2231729,-0.46552056
65929330068525,-0.2876214,0.93903065,-0.40746364
65929337942060,-0.35633096,0.958738,-0.34088463
65929345937666,-0.47031426,1.1302456,-0.2908172
65929353841719,-0.6045376,1.2373047,-0.33822146
65929361745771,-0.71159667,1.3491575,-0.44528055
65929369680342,-0.86499476,1.5478293,-0.45912898
65929377553877,-1.0391655,1.6602147,-0.3616573
65929385488447,-1.1845741,1.4130733,-0.22423817
65929393392500,-1.3198626,1.0700581,-0.12197278
65929401296553,-1.423726,0.7978831,-0.03195793
65929409200605,-1.5425029,0.588026,0.047404267
65929417074140,-1.613343,0.31478566,0.118776985
65929425039228,-1.6314526,-0.0628506,0.18695392
65929432912763,-1.6266588,-0.48363006,0.24767399
65929440847334,-1.6048208,-0.87990844,0.2977414
65929448781904,-1.5180018,-1.0785803,0.3339604
65929456655439,-1.3363743,-1.0748519,0.32437304
65929464528974,-1.1446266,-0.9406285,0.2545982
65929472402510,-0.9720538,-0.70147663,0.1571265
65929480306562,-0.773382,-0.35473305,0.075101145
65929488241133,-0.57098174,0.0053263223,0.0063915867
65929496114668,-0.3930826,0.2514024,-0.060720075
65929504049238,-0.23595607,0.35100463,-0.11558119
65929511922773,-0.098004326,0.3073288,-0.15126756
65929519826826,0.010120012,0.15606125,-0.16724652
65929527791914,0.07829694,-0.037284255,-0.165116
65929535695967,0.12250541,-0.20080236,-0.1603223
65929543600019,0.14061491,-0.2711098,-0.16085494
65929551504072,0.14114754,-0.3110572,-0.165116
65929559438642,0.12623383,-0.29348037,-0.17576863
65929567373213,0.10918961,-0.2396845,-0.18642128
65929575277265,0.08362326,-0.16990969,-0.1949434
65929583242353,0.046871636,-0.11611383,-0.19707392
65929591146406,0.007456851,-0.099069595,-0.18375812
65929599080976,-0.028229509,-0.11451593,-0.1667139
65929606985029,-0.060720075,-0.14327806,-0.15073492
65929614858564,-0.090014845,-0.16564862,-0.13582122
65929622762617,-0.11504856,-0.1917476,-0.12623383
65929630666670,-0.13369069,-0.21252026,-0.12144015
65929638570722,-0.14807177,-0.22796659,-0.11558119
65929646535810,-0.15765914,-0.24394555,-0.113983296
65929654439863,-0.16085494,-0.24820662,-0.11771172
65929662374433,-0.15126756,-0.22849922,-0.12463594
65929670278486,-0.13635385,-0.21145499,-0.12410331
65929678213056,-0.12250541,-0.20879184,-0.11771172
65929686147627,-0.10546118,-0.22690132,-0.10652645
65929694021162,-0.091080114,-0.27004454,-0.08735169
65929701986250,-0.07403588,-0.30839407,-0.06977482
65929709890303,-0.055926383,-0.33981937,-0.054328486
65929717794355,-0.041012682,-0.36325517,-0.044208474
65929725698408,-0.028229509,-0.36911413,-0.036218993
65929733571943,-0.020772656,-0.34834146,-0.029827405
65929741537031,-0.010652645,-0.3009372,-0.027164243
65929749441084,-0.0053263223,-0.25353295,-0.02396845
65929757375654,-0.00479369,-0.21731395,-0.019707393
65929765279707,-0.0026631611,-0.18961707,-0.018109497
65929773153242,0.0,-0.18216023,-0.013315806
65929781087812,0.0015978967,-0.18908444,-0.0058589545
65929788961347,0.006924219,-0.20133498,0.0026631611
65929796865400,0.007989483,-0.21092236,0.009054748
65929804769453,0.018642128,-0.20985709,0.013848438
65929812642988,0.023435818,-0.19600865,0.019707393
65929820608076,0.025566347,-0.17630127,0.020772656
65929828512129,0.028229509,-0.1486044,0.01917476
65929836416181,0.023435818,-0.1304949,0.017044231
65929844350752,0.017576864,-0.12623383,0.017044231
65929852224287,0.014913702,-0.1257012,0.020240024
65929860158857,0.010120012,-0.120907515,0.016511599
65929868032392,0.012250541,-0.10759171,0.013315806
65929875936445,0.008522116,-0.0777643,0.0058589545
65929883871015,0.0058589545,-0.04261058,0.0
65929891775068,0.006924219,-0.022370555,-0.0063915867
65929899740156,0.0053263223,-0.0037284256,-0.010652645
65929907613691,0.0037284256,0.011185277,-0.014913702
65929915517744,0.0,0.011717909,-0.022903185
65929923421797,-0.004261058,0.00479369,-0.027696876
65929931295332,-0.0015978967,0.0,-0.027164243
65929939229902,-0.004261058,-0.015446335,-0.025566347
65929947103437,-0.0015978967,-0.037284255,-0.022903185
65929955007490,-5.326322E-4,-0.05965481,-0.02130529
65929962911543,5.326322E-4,-0.06977482,-0.02396845
65929970785078,0.002130529,-0.07190535,-0.025033714
65929978689131,0.004261058,-0.06764429,-0.030360037
65929986593183,0.007456851,-0.054328486,-0.03195793
65929994497236,0.008522116,-0.03888215,-0.034088463
65930002431806,0.010652645,-0.027696876,-0.03781689
65930010335859,0.013848438,-0.033023197,-0.036218993
65930018270429,-0.26312032,-0.15925704,-0.036751624
65930026143965,0.024501082,-0.11025487,-0.053795855
65930034048017,0.013848438,-0.024501082,-0.017576864
65930041952070,-0.03195793,-0.120907515,-0.030360037
65930049825605,0.020772656,-0.112918034,-0.03195793
65930057790693,0.07243799,-0.0644485,-0.011717909
65930065664228,0.10439592,-0.03355583,-0.015978966
65930073598799,0.08841695,-0.015446335,-0.018642128
65930081533369,0.013315806,-0.010120012,-0.02876214
65930089406904,-0.006924219,-0.011185277,-0.03834952
65930097371992,0.007989483,0.0037284256,-0.029827405
65930105276045,0.00479369,-0.017576864,-0.02609898
65930113241133,0.0031957934,-0.04527374,-0.025033714
