48803856256594,-0.004606664,-0.06654167,-0.007907629
48803864130129,0.0018504262,0.026413918,0.0031189919
48803872064699,0.0016921163,0.028032303,0.003668666
48803879938234,-0.004717678,-0.104016304,-0.015820742
48803887842287,-0.0011326671,-0.022573471,-0.0036760569
48803895715822,0.004940808,0.08948612,0.014017105
48803903650393,0.007789254,0.16075516,0.030907035
48803911554445,0.0012691617,0.023573875,0.004657626
48803919519533,-0.011519492,-0.1425314,-0.023307085
48803927393068,-0.0075653195,-0.08885002,-0.017339706
48803935358156,9.649992E-5,9.937286E-4,2.3937225E-4
48803943262209,-5.9354305E-4,-0.005678177,-8.9752674E-4
48803951135744,0.0075724125,0.06331253,0.009389758
48803959039797,0.013476968,0.10461044,0.019848228
48803966943850,-2.7155876E-4,-0.0023851395,-4.2498112E-4
48803974908938,-0.008237958,-0.07544136,-0.010482192
48803982812990,-0.0086888075,-0.08820057,-0.011790156
48803990747561,-0.0045601726,-0.049962044,-0.0076930523
48803998621096,-0.01113826,-0.13332367,-0.021151543
48804006525148,-0.014484167,-0.1456089,-0.019319773
48804014490236,-0.008915067,-0.077176094,-0.0072664022
48804022363772,-9.4759464E-4,-0.008497238,-6.597638E-4
48804030267824,-0.0064219236,-0.06546593,-0.006874919
48804038232912,-0.01256007,-0.16364288,-0.013459504
48804046106447,-0.008059561,-0.12531662,-0.0069440007
48804053979982,-0.006579101,-0.11748791,-0.0048897862
48804061945070,-0.006889254,-0.1468296,-0.0066405237
48804069818606,-0.0081293285,-0.16392708,-0.005749494
48804077783693,-0.01184088,-0.17342377,9.1308355E-4
48804085657229,-0.010084391,-0.12575245,0.003281027
48804093530764,-0.0076767206,-0.10636711,0.0046954453
48804101434816,-0.0022403598,-0.03778267,0.0025168061
48804109338869,-0.001516521,-0.036229134,0.002195239
48804117242922,-0.003011793,-0.10830021,0.005478382
48804125208010,-0.0031146407,-0.1155653,0.0037976801
48804133142580,-0.005592853,-0.13520432,0.0042592287
48804141016115,-0.007231444,-0.17485142,0.008233488
48804148889650,-0.0067925155,-0.16456223,0.007128656
48804156824221,-0.0031830072,-0.116856575,0.0061611533
48804164728273,-2.2695959E-4,-0.087008476,0.0073640347
48804172693361,5.0988793E-4,-0.07881069,0.007820725
48804180597414,7.8140944E-4,-0.12075806,0.012423277
48804188501467,-7.3681027E-4,-0.11126232,0.0111628175
48804196405520,-0.0035614967,-0.120778084,0.011918306
48804204309572,-0.0043792725,-0.08049297,0.007656276
48804212244143,-0.0015677214,-0.021727562,0.002257347
48804220148195,-0.0016222,-0.018221855,0.0017408729
48804228052248,-0.009105146,-0.09063244,0.008527219
48804235986818,-0.0061627626,-0.053826332,0.0068171024
48804243860354,-3.5631657E-4,-0.0033569336,5.558729E-4
48804251764406,-0.0019606948,-0.026587486,0.004766345
48804259729494,-8.226335E-4,-0.017243385,0.0027458668
48804267603029,0.0021992326,0.07835388,-0.0128673315
48804275568117,0.0029827952,0.18212986,-0.031123042
48804283441652,0.010578692,0.2709961,-0.05445361
48804291315188,0.02303052,0.4047718,-0.10407853
48804299280275,0.02039814,0.48875332,-0.12508774
48804307184328,0.009493098,0.65659046,-0.18265915
48804315088381,0.0031475313,0.7434778,-0.19842744
48804322992434,-0.011489034,0.69688225,-0.18883276
48804330865969,-0.0022412129,0.4451952,-0.103761196
48804338770022,0.009507567,0.20292091,-0.040049314
48804346643557,0.0182271,0.17798138,-0.03359866
48804354608645,0.03576076,0.2515154,-0.044290423
48804362482180,0.0462991,0.29266167,-0.05069518
48804370355715,0.040492535,0.28280544,-0.050432205
48804378320803,0.030916572,0.29656792,-0.053820014
48804386194338,0.013923764,0.24285412,-0.04130602
48804394128908,0.0040352643,0.21151638,-0.031478286
48804402032961,-1.4339015E-4,0.15375423,-0.01749146
48804409906496,-2.6316196E-4,0.066866875,-0.006589353
48804417841066,-0.0011432692,-0.14411163,0.008840203
48804425745119,-0.010037631,-0.25794697,-0.0023398101
48804433618654,-0.016458392,-0.1913786,-0.004257545
48804441553225,0.0028967857,0.021450996,8.6832047E-4
48804449457277,0.01778078,0.1134491,0.008470893
48804457330813,0.039329767,0.23468399,0.02099222
48804465173830,0.053446054,0.30108452,0.03263867
48804473108400,0.05820465,0.3146286,0.042476058
48804480981936,0.06619418,0.34409142,0.05800426
48804488885988,0.07898414,0.4081173,0.083551526
48804496820559,0.13063169,0.6209717,0.14344311
48804504694094,0.23545909,0.99515057,0.22183585
48804512659182,0.31351352,1.2887983,0.30184412
48804520532717,0.26943946,1.2353897,0.292423
48804528467287,0.17593896,1.0294075,0.24701905
48804536340822,0.076197445,0.738822,0.18111134
48804544244875,0.027881175,0.65701675,0.16618943
48804552118410,0.008955985,0.9320679,0.22475553
48804560022463,-0.0037169382,1.299469,0.26848114
48804567957033,-0.0015110802,1.812541,0.30844998
48804575891604,-0.043269277,2.4907541,0.46561527
48804583734621,-0.12120807,3.2683363,0.70653915
48804591669191,-0.3669762,4.1030054,0.54654527
48804599542727,-0.63915455,5.8686676,0.4750753
48804607477297,-0.6205964,6.0687714,0.58376884
48804615381350,0.17341927,4.922387,0.4688763
48804623285402,0.490026,4.211176,0.28952724
48804631158938,0.3022148,3.9083128,-0.040348165
48804639093508,0.26104444,4.00268,-0.26870394
48804646997561,0.5340953,3.763524,-0.42660177
48804654871096,0.96687484,3.3352013,-0.6642481
48804662805666,1.2649748,2.8856306,-0.9044976
48804670679201,1.552835,2.544291,-1.0509782
48804678613772,1.662849,2.0556898,-0.8570657
48804686517824,1.7717056,1.5565686,-0.83669186
48804694391359,1.8328776,1.1399064,-0.7308912
48804702264895,1.9993677,0.9419117,-0.98074055
48804710199465,2.001515,1.2197242,-1.7511868
48804718073000,1.2605629,1.8536615,-2.4888191
48804725977053,0.55953455,2.7268372,-3.1182246
48804733911623,0.003319499,2.6878443,-2.6360388
48804741846193,-0.21047235,1.2618093,-0.98433876
48804749719729,-0.06620884,0.18314838,-0.14449596
48804757654299,-0.026475668,0.057225227,-0.05569935
48804765527834,0.2678826,-0.58128834,0.56735563
48804773401369,0.51303005,-2.669168,1.7202334
48804781335939,-0.5731297,-3.4235358,1.5822048
48804789209475,-1.1491077,-2.379654,1.1332178
48804797144045,-0.99627066,-1.3354754,0.64480615
48804805048098,-0.75344276,-0.82680225,0.41754985
48804812921633,-0.57187986,-0.56080484,0.36207938
48804820795168,-0.13019943,-0.13938808,0.12039757
48804828760256,-0.08967447,-0.14045858,0.115725994
48804836633791,-0.042440653,-0.13188314,0.093301296
48804844507326,0.01612097,0.2392435,-0.15270329
48804852472414,-0.064531505,0.7283745,-0.44904518
48804860345949,-0.9626532,0.71652603,-1.627624
48804868311037,-1.7468183,0.54927635,-2.7159142
48804876184572,-2.4117024,0.583663,-3.4880772
48804884058107,-2.7584946,1.0365715,-4.220861
48804891931643,-2.6771321,1.3668175,-4.3589926
48804899866213,-2.3166208,1.4858027,-4.131363
48804907831301,-2.0413876,1.3921375,-4.3547864
48804915704836,-2.1290646,1.2964773,-4.9833317
48804923608889,-0.57027537,1.6636305,-0.3287096
48804931482424,-3.2816138,1.3905039,-10.458664
48804939355959,-9.624284,10.740297,-7.0974035
48804947229494,-25.9245,-1.1337423,9.485022
48804955164064,-13.414583,-2.2619529,-7.825225
48804963098635,-0.31888735,-0.46302986,-3.2492578
48804971002688,3.2960343,-1.5026727,5.528922
48804978937258,2.3623476,-1.1097364,7.6545467
48804986810793,1.6691707,2.3480568,2.409451
48804994745363,-0.09731114,4.3440485,1.1749839
48805002618898,-2.819038,3.1908054,3.4074442
48805010492434,-4.664787,1.5539198,2.8475618
48805018396486,-7.6770267,0.77727413,1.4636511
48805026300539,-9.888902,0.732584,1.1423938
48805034174074,-10.681143,0.8514738,0.8842547
48805042078127,-9.9807625,0.9498272,0.2656746
48805049951662,-9.570133,1.0278902,-0.1528182
48805057886232,-9.84018,1.232502,-0.23871183
48805065759768,-9.622925,1.5247393,-0.10676861
48805073724856,-8.286026,1.7851973,0.17109656
48805081598391,-6.6136136,1.8229761,0.63650894
48805089471926,-5.2926426,1.8249588,0.8605819
48805097375979,-4.535114,1.9224329,1.069128
48805105249514,-4.2350044,2.0002508,1.3091269
48805113123049,-4.000827,1.9644518,1.5506303
48805121057619,-3.5904827,1.8550396,1.8741302
48805128992189,-3.1872642,1.6438904,2.1687486
48805136926760,-2.7917612,1.4185209,2.3805926
48805144830813,-2.3480322,1.2309103,2.5500617
48805152765383,-1.9286711,1.1730919,2.6005712
48805160669436,-1.592341,1.1919994,2.6728177
48805168573488,-1.1221347,1.1692123,2.7148843
48805176508059,-0.6569973,1.1062193,2.627937
48805184381594,-0.2097975,1.0607843,2.522854
48805192346682,0.1649307,0.9520941,2.5970318
48805200220217,0.35651326,0.84821796,2.3568788
48805208093752,0.46392047,0.99604607,2.0093815
48805216028322,0.54377854,1.268465,1.7625003
48805223932375,0.6694139,1.3467569,1.5317805
48805231866945,0.92791677,1.3315105,1.1280644
48805239770998,1.2140028,1.4095974,1.0030601
48805247675051,1.358278,1.4636364,1.1108413
48805255609621,1.3781426,1.5373926,0.9805219
48805263483156,1.433208,1.6476507,0.7824333
48805271417727,1.6470364,1.7847643,0.7323649
48805279352297,1.9278586,1.9367437,0.76356673
48805287225832,2.3384962,2.0394125,0.535619
48805295129885,2.8110738,1.9491777,0.33889484
48805303033938,3.2008789,1.7978563,0.4066136
48805310937990,3.7746818,1.6770258,0.13954353
48805318811525,4.703852,1.8764219,-0.5646472
48805326715578,5.660755,2.1681747,-0.6054561
48805334650148,6.118474,2.2317858,-0.2400055
48805342554201,6.278551,2.001749,-0.44442058
48805350458254,6.314353,1.5716763,-0.7780204
48805358331789,5.981056,0.9832611,-0.6797612
48805366205324,5.7518973,0.4424839,-0.35674667
48805374139895,5.5825186,-0.0975523,-0.032618046
48805382013430,5.4272647,-0.6982031,0.1897831
48805389948000,5.54165,-1.397037,-0.1882081
48805397821535,5.517419,0.14598274,-2.924813
48805405695070,6.404746,2.7720184,1.8592695
48805413599123,7.5504007,2.777995,8.228466
48805421564211,8.650256,0.27649307,8.178057
48805429437746,8.93192,-1.6945109,6.547467
48805437341799,9.85372,-0.7073755,0.18842268
48805445306887,9.988924,1.0295782,-2.482561
48805453180422,6.0361347,1.9590397,0.4517007
48805461145510,2.2721615,1.1969614,2.6022825
48805469019045,1.7061186,0.18851662,-0.82620335
48805476892580,3.115289,0.4564352,-2.9084442
48805484857668,4.6355453,0.1896019,0.9123852
48805492731203,5.4348593,-0.71387863,5.582015
48805500696291,6.1813116,-1.2961235,6.708333
48805508600344,7.371986,-0.85843754,4.719519
48805516534914,7.467548,0.14577389,4.3704247
48805524408449,4.671188,1.120924,6.2893076
48805532281984,1.0652219,1.6126566,6.7431335
48805540216555,-1.2326925,1.8497591,6.215109
48805548090090,-2.2578197,1.8004913,5.7925615
48805556055178,-2.5204911,1.3090258,5.220092
48805563959231,-1.8553817,0.74103737,4.677227
48805571832766,-0.84064007,0.46722698,3.754254
48805579797854,-0.16548604,0.5447464,2.7548008
48805587671389,0.15707652,0.6429653,1.760669
48805595544924,0.5651094,0.6418896,0.97989833
48805603479494,1.0545219,0.6082182,0.8223437
48805611383547,1.5080606,0.4172907,0.90864265
48805619257082,1.7274016,0.05700493,0.9553109
48805627191652,1.7290626,-0.032227516,1.210283
48805635065188,1.5029145,0.1088686,1.4414778
48805642938723,0.99462855,0.19292927,1.4165804
48805650873293,0.4295663,0.13606358,1.3311911
48805658746828,-7.2422624E-4,0.1537447,1.0353956
48805666681398,-0.2239999,0.14303303,0.66258025
48805674615969,-0.33386928,0.034427643,0.3872544
48805682489504,-0.37467998,-0.057216644,0.2038694
48805690393557,-0.2251026,-0.27801514,0.14451967
48805698297609,0.079985395,-0.7692642,0.30376685
48805706201662,0.42997986,-0.60201263,0.59521496
48805714136232,0.3471914,0.20697212,0.48799542
48805722070803,-0.026389703,0.77898693,0.10625556
48805729944338,-0.36796123,0.8793926,-0.19828326
48805737848391,-0.5773402,0.4961977,-0.12496799
48805745782961,-0.525736,0.1274023,0.27816227
48805753656496,-0.27074146,-0.11682892,0.5884978
48805761591066,0.18936318,-0.17662525,0.7747572
48805769495119,0.4647212,-0.21241856,0.7480545
48805777399172,0.5347245,-0.15480232,0.68299586
48805785303225,0.40418932,0.08240986,0.692282
48805793207277,0.1020619,0.07544041,0.6420517
48805801172365,-0.041944414,-0.09669876,0.90955347
48805809076418,-0.042435408,-0.15625286,1.0769725
48805816980471,0.024300933,-0.14393902,1.1829687
48805824884523,0.0044452846,-0.1818409,0.911603
48805832788576,0.07562867,-0.19097424,0.5975076
48805840662111,0.1996338,-0.05881691,0.29840952
48805848596682,0.24959525,0.0853405,0.059807256
48805856470217,0.34512252,0.14333725,0.1514619
48805864404787,0.44589812,0.036150932,0.26872635
48805872308840,0.49437398,-0.02792263,0.34502968
48805880182375,0.5072034,-0.11112213,0.49276876
48805888116945,0.3025392,-0.16078568,0.38676322
48805895990481,0.14661708,-0.08356285,0.40269497
48805903925051,0.1298185,0.060717583,0.430566
48805911890139,0.13700578,0.058981895,0.37006578
48805919794191,0.18991637,-0.031311035,0.5291145
48805927698244,0.11667931,-0.07612133,0.61890465
48805935571779,-0.059288055,-0.09697342,0.6538805
48805943475832,-0.12764612,-0.16567421,0.638729
48805951440920,-0.04537177,-0.15053844,0.712294
48805959314455,0.06349546,-0.08273029,0.7267847
48805967218508,0.23741758,0.05690193,0.703264
48805975122561,0.4452899,0.13188553,0.76386225
48805983026613,0.5605179,0.063179016,0.68625194
48805990991701,0.50162417,0.006418228,0.63292265
48805998895754,0.33790976,-0.062339783,0.58735406
48806006830324,0.09809357,-0.21252537,0.46554333
48806014734377,-0.16336834,-0.3315754,0.34651718
48806022638430,-0.11891514,-0.2087698,0.46715313
48806030603518,-0.050517917,-0.018919945,0.60729635
48806038477053,0.04189825,0.10627365,0.5708432
48806046350588,0.2832269,0.075844765,0.70876586
48806054285158,0.44330496,-0.033582687,0.7674805
48806062219729,0.4223817,-0.137434,0.7429273
48806070154299,0.34149873,-0.16697407,0.7251796
48806078058352,0.23245525,-0.13668537,0.56279916
48806085931887,0.11232412,-0.08015442,0.4384845
48806093835939,0.07438743,-0.042862892,0.40452465
48806101709475,0.051598072,-0.024787903,0.5128665
48806109674563,0.0675444,-0.06659508,0.5070378
48806117609133,0.10782498,-0.1060524,0.46622562
48806125482668,0.057623327,-0.11444187,0.4192899
48806133386721,-0.03718841,-0.079776764,0.52087146
48806141321291,-0.071359634,-0.002067566,0.5414153
48806149194826,-0.08080989,0.0061159134,0.42659402
48806157068361,-0.08507776,-0.007314682,0.41328472
48806165002932,-0.057885826,-0.030367851,0.42217267
48806172876467,-0.026011825,-0.060619354,0.49636048
48806180811037,0.005666971,-0.10284138,0.4752211
48806188715090,0.06598991,-0.12110996,0.52840334
48806196649660,0.12583268,-0.09863186,0.5361817
48806204553713,0.14486265,-0.07858944,0.4538989
48806212427248,0.14220512,-0.06574249,0.42000878
48806220361818,0.43362463,0.12155056,-0.7098732
48806228296389,0.17541212,0.045951843,0.5299357
48806236200441,0.14363515,-0.060780525,1.0672476
48806244104494,-0.06631225,0.014079094,-0.25671062
48806252008547,-0.287538,-0.03560829,-0.11539233
48806259912600,-0.36270404,-0.109298706,0.27821285
48806267877688,-0.33503273,-0.120824814,0.26369315
48806275781740,-0.17347789,-0.10127735,0.35305828
48806283716311,-0.009806812,-0.11526203,0.47641635
48806291589846,0.12700987,-0.14587879,0.7255146
48806299493898,0.25121462,-0.16927624,0.5222675
48806307367434,0.26721913,-0.06573391,0.33090633
48806315240969,0.06803101,-0.14661503,0.020468652
48806323175539,0.17738104,0.12445068,0.08151114
48806331079592,0.11979103,0.12250805,0.22903001
48806338983645,0.05503887,-0.027893066,0.28337747
48806346887697,0.16715223,-0.19261265,0.3374591
48806354761232,0.22864687,-0.23043919,0.26979697
48806362695803,0.2874232,-0.15813541,0.16898894
48806370569338,0.3267352,-0.07626152,0.12846124
48806378534426,0.27990156,-0.06381798,0.16213
48806386407961,0.21178716,-0.099271774,0.18611091
48806394281496,0.17043078,-0.079696655,0.16948056
48806402216066,0.10317421,-0.06975746,0.15796441
48806410120119,0.017508745,-0.02399826,0.08463776
48806417993654,-0.022194326,-0.01662159,0.028539717
48806425897707,-0.044624746,0.014629364,0.02545911
48806433832277,-0.028367758,-0.02600193,0.039443374
48806441705813,-0.0024046898,-0.028351784,0.036885917
48806449670900,-0.01716423,-0.011541367,0.07730782
48806457544436,-0.027163327,-0.021058083,0.1823526
48806465417971,-0.06793165,-0.033060074,-0.037460566
48806473291506,-0.15871757,-0.018744469,-0.108876705
48806481226076,-0.18705982,-0.023612976,-0.08909243
48806489099611,-0.2057085,-0.0069732666,-0.116850734
48806497034182,-0.21720779,-0.009488106,-0.22834611
48806504999270,-0.15674597,-0.011990547,-0.20605701
48806512903322,-0.12032467,-0.01687336,-0.14314288
48806520807375,-0.08875674,-0.012154579,-0.19539791
48806528711428,-0.03808713,-2.0980835E-4,-0.25529182
48806536615481,0.0028665066,-0.0073719025,-0.2558024
48806544580568,-0.004098654,-0.024069786,-0.21369189
48806552484621,-0.018263996,-0.004807472,-0.1218642
48806560358156,-0.00387007,-0.009449959,-0.051875174
48806568292727,-0.011013031,-0.016490936,-0.22126669
48806576196779,-0.06341094,-0.028274536,-0.11849922
48806584131350,-0.1445865,-0.04241085,0.07479745
48806592004885,-0.15426004,-0.066078186,0.19122809
48806599908938,-0.108893216,-0.049043655,0.1329267
48806607843508,-0.056418896,-0.031983376,0.160599
48806615717043,0.046095073,-0.04363537,0.22419608
48806623590578,0.13902009,-0.040914536,0.21352023
48806631494631,0.16970772,-0.06930065,0.31276053
48806639398684,0.27682585,-0.07848835,0.26800227
48806647302736,0.28338766,-0.11396122,0.2514029
48806655237307,0.23255903,-0.12068176,0.3087126
48806663110842,0.21736437,-0.089076996,0.24880326
48806671045412,0.28877723,0.4297228,-8.265455
48806678949465,-0.17923075,-0.33743,4.937223
48806686914553,-0.066483796,0.002465248,1.1958418
48806694788088,-0.47290015,0.1054678,-0.83563364
48806702722658,0.11363429,-0.22214413,0.68958455
48806710596193,0.021974802,-0.31055355,0.7767127
48806718500246,0.09297228,-0.03508854,0.7017052
48806726404299,0.29835784,0.08949375,0.46897632
48806734338869,0.32187372,-0.080350876,0.33358365
48806742242922,0.44116175,-0.1304636,-0.06060952
48806750116457,0.32178545,0.0062026978,-0.31226772
48806758051027,0.08422929,0.24831104,0.20682251
48806765955080,-0.3279384,-0.11061478,0.48501527
48806773889650,-0.25892746,-0.23501492,0.07022756
