54823593783062,-1.4394149E-4,0.036938667,-0.0018974543
54823601656597,2.7934462E-4,-0.02663517,0.0015389919
54823609591168,0.0020947754,-0.05417347,0.0038577318
54823617464703,0.007302344,-0.11804485,0.00941354
54823625429791,0.003915906,-0.072753906,0.0052524805
54823633333844,-0.0028223395,0.10437012,-0.007330239
54823641207379,3.9906614E-4,0.13138962,-0.00815326
54823649141949,0.003691256,0.09405804,-0.0055636764
54823657015484,0.013563335,0.18738079,-0.009824932
54823664950054,0.024181247,0.3055544,-0.011469483
54823672884625,0.02090019,0.31988716,-0.009693414
54823680788678,0.01053074,0.20980358,-0.008658797
54823688662213,0.0033037066,0.082289696,-0.0041018724
54823696627301,-1.7854571E-4,-0.024929047,0.0015071034
54823704561871,0.0015054941,-0.11451435,0.007086754
54823712435406,3.078431E-4,-0.03502369,0.002406299
54823720369976,-8.8758767E-4,0.040922165,-0.0025785565
54823728304547,-0.0019984245,0.061451912,-0.002154529
54823736178082,-0.002975732,0.08963585,-0.003487438
54823744112652,-0.0035439134,0.13939857,-0.005238116
54823752016705,-0.0014742538,0.1616764,-0.0021339357
54823759920758,0.0019274577,0.15467453,0.0018159598
54823767794293,0.0029803813,0.091563225,0.002078861
54823775728863,0.0010891855,0.028699875,0.00110057
54823783602398,-0.0055679083,-0.14099693,-0.008784592
54823791506451,-0.01481241,-0.25886917,-0.020877957
54823799410504,-0.020033002,-0.3267231,-0.027056575
54823807345074,-0.01758793,-0.35236645,-0.025652647
54823815249127,-0.010366589,-0.21037292,-0.013416588
54823823153179,-3.3950806E-4,-0.005683899,-2.6214123E-4
54823831057232,0.0037428737,0.078819275,0.004388571
54823838961285,0.0020474344,0.11037254,0.007080853
54823846895855,3.554523E-4,0.0579834,0.003412962
54823854799908,-1.4264137E-5,-0.0020151138,-1.10685825E-4
54823862734478,8.21501E-4,-0.054753304,-0.0041846633
54823870638531,9.988323E-4,-0.1049757,-0.008399308
54823878573101,2.6489794E-4,0.012887955,9.664893E-4
54823886507672,0.0016737282,0.042858124,0.004138291
54823894381207,-5.5882335E-4,-0.015128136,-0.001721859
54823902346295,-3.361702E-5,-0.0010528564,-1.2731552E-4
54823910219830,-1.4230609E-6,1.2779236E-4,2.1219254E-5
54823918154400,-4.5120716E-4,0.018649101,0.0037395954
54823926058453,-0.003027618,0.06398392,0.015883923
54823933931988,-0.0016332269,0.023156166,0.007219076
54823941836041,-0.0016491413,0.020395279,0.006991148
54823949740094,-0.021613955,0.2620449,0.101843596
54823957644146,-0.03159505,0.3931837,0.14946985
54823965517681,-0.054050148,0.5196829,0.17640758
54823973452252,-0.09983432,0.7428341,0.23624182
54823981356304,-0.119357824,0.95683956,0.25507545
54823989260357,-0.1493069,1.0937757,0.22705686
54823997164410,-0.18774998,1.3305969,0.23685122
54824005068463,-0.251032,1.9376602,0.368492
54824012972515,-0.43937325,2.4903193,0.43292737
54824020846051,-0.572404,3.1287327,0.5054805
54824028750103,-0.48937893,3.6700306,0.49598455
54824036654156,-0.5235319,4.8919735,0.861251
54824044619244,-0.5633124,5.701845,1.0810848
54824052492779,-0.49872983,5.5520916,0.99557495
54824060396832,-0.5464426,5.2650976,0.73985004
54824068300885,-0.56092894,5.100359,0.49412578
54824076235455,-0.41259277,5.083914,0.31990212
54824084139508,-0.25214273,4.5690956,0.042653985
54824092043560,-0.2136972,3.9232788,-0.06711681
54824099917095,-0.112240225,2.994051,-0.19530457
54824107821148,0.054970354,1.8622427,-0.21912909
54824115725201,0.066038966,0.6510782,-0.12994146
54824123659771,-0.016751409,-0.1327753,0.037183285
54824131563824,-0.10310483,-0.76742935,0.3701682
54824139467877,-0.15123737,-1.0753903,0.61087275
54824147371929,-0.49413872,-1.6007013,0.7594502
54824155306500,-1.3350182,-4.1495376,0.3429044
54824163210553,-1.6625118,-3.8349018,0.43627554
54824171084088,-1.1838355,-1.7413216,0.11477888
54824179049176,-0.92977333,-1.3329625,-0.15783572
54824186953228,-1.0605118,-2.1885562,-0.40442336
54824194857281,-0.76506114,-2.862946,-0.38725364
54824202761334,-0.23789647,-3.6573448,-0.22643214
54824210665386,0.28133798,-4.1510835,0.24064061
54824218569439,0.4079336,-4.182254,0.9225309
54824226473492,0.40991545,-3.811377,1.2565137
54824234377545,0.17659634,-3.4721565,1.136498
54824242281597,0.08914727,-2.742721,0.83995366
54824250185650,-0.069349825,-1.8742108,0.5192306
54824258059185,-0.14946795,-1.0021229,0.2931652
54824265963238,-0.08102512,-0.3065281,0.09600854
54824273867291,-0.024357557,-0.072678566,0.022111893
54824281771344,-0.08275223,-0.21632385,0.06204772
54824289675396,-0.105021715,-0.25828075,0.06646943
54824297579449,-0.03612399,-0.08442402,0.020140171
54824305514019,0.12810731,0.29439735,-0.06624603
54824313448590,0.23049927,0.57010937,-0.115749836
54824321352642,0.29344702,0.84470844,-0.14661872
54824329287213,0.324301,1.0490913,-0.16312158
54824337191265,0.30353928,1.0537043,-0.17110336
54824345125836,0.27859688,1.0269003,-0.17261338
54824353029888,0.25554848,0.93916225,-0.1474005
54824360933941,0.23704815,0.8643732,-0.14714622
54824368807476,0.26182842,0.94266987,-0.18721104
54824376711529,0.26384377,0.93588257,-0.14173019
54824384585064,0.24083996,0.8361435,-0.13450813
54824392519635,0.1916194,0.7029438,-0.14342058
54824400454205,0.052698135,0.20718479,-0.035360217
54824408358258,-0.090503335,-0.96891975,0.4643495
54824416231793,-1.23715,3.190876,-3.3296428
54824424135845,-1.2187753,1.4899883,-0.80188155
54824432039898,-1.879015,2.3999515,-1.2538781
54824439913433,-0.4329095,1.3684807,-0.4777038
54824447878521,-0.10741305,-0.43620586,-0.014259815
54824455782574,0.32806015,0.6264868,0.07691431
54824463717144,1.1040602,1.5759411,-0.06482816
54824471651715,0.43436146,0.6265478,-0.045152247
54824479555767,-0.3288622,-0.67898655,0.07644743
54824487490338,-0.1966412,-0.7869911,0.10212934
54824495394390,-0.022351861,-0.2908764,0.037007093
54824503298443,-0.004089713,0.07424259,-0.015573978
54824511233013,-0.048645616,0.38653755,-0.09908295
54824519167584,-0.028044105,0.17252636,-0.04375577
54824527041119,8.82864E-4,-0.0054883957,0.0021603107
54824534975689,0.04406011,-0.3125782,0.11838317
54824542910260,0.03925687,-0.5474148,0.1592567
54824550783795,-0.013263643,0.1742773,-0.07188773
54824558687847,-0.02472055,0.17964172,-0.058146
54824566591900,-0.03261745,0.15259552,-0.047301292
54824574495953,0.010317326,-0.04526806,0.013045073
54824582400006,0.11825669,-0.6640997,0.14342868
54824590304058,0.11698502,-1.2722931,0.2541629
54824598208111,0.69200456,-1.2727652,0.20348883
54824606112164,1.4621012,-1.1316938,0.5269867
54824614016217,1.943012,-1.0484638,0.45505548
54824621920269,-1.8955753,0.3500538,-1.0426023
54824629824322,0.5075515,-0.15752602,4.730838
54824637728375,5.766145,3.3363476,1.5310299
54824645632428,-0.99147356,7.39435,5.7037463
54824653505963,-4.117619,7.244464,6.0211244
54824661410015,-10.500081,6.1797647,-5.1271114
54824669314068,-17.575481,4.685233,-8.212703
54824677218121,-31.678843,0.4863577,-6.556195
54824685152691,-27.076359,-1.3506155,0.6999519
54824693056744,-7.7314982,-0.37195492,-2.9632134
54824700960797,-2.2567804,-1.7535214,0.08458376
54824708864849,5.2046456,-0.831337,1.3556145
54824716738385,10.499216,0.59978485,1.859555
54824724703472,11.305385,1.4092054,1.5072803
54824732638043,12.074152,1.6110172,0.1798296
54824740511578,10.713973,1.2794075,2.3021033
54824748446148,6.7436795,1.00733,0.922842
54824756350201,3.6211767,0.76605415,-0.473629
54824764284771,1.0595133,0.8273783,0.18316817
54824772158306,-0.4531514,1.2190142,-0.06945157
54824780062359,-1.0813899,1.6566277,0.15422511
54824788027447,-0.9680644,1.6073694,0.7554462
54824795962017,-0.47735983,1.4645967,0.32383776
54824803835553,0.21305889,1.5046825,0.5968683
54824811739605,0.072306305,1.4130344,1.1843278
54824819674176,0.03572364,1.1947327,1.1893039
54824827578228,0.7485709,1.1134968,1.316742
54824835482281,1.1932491,1.2818317,1.403703
54824843416851,1.2904894,1.4072142,1.6525481
54824851320904,1.210521,1.4201717,1.9267037
54824859224957,0.97076166,1.343152,2.192453
54824867159527,0.90849185,1.3037968,2.5833259
54824875063580,0.72117937,0.95008945,2.9626994
54824882937115,0.5638814,0.48585224,3.3050117
54824890871685,0.3475063,0.016759872,3.8313973
54824898775738,0.29622313,-0.53118706,3.7573109
54824906679791,0.5039166,-0.798439,3.6513953
54824914553326,0.30108196,-0.91888714,3.7246287
54824922457379,-0.07354073,-0.95703316,3.7330372
54824930330914,-9.816885E-4,-0.744936,3.6560853
54824938234967,0.5181984,-0.4670658,3.2899897
54824946139019,1.053134,-0.017503738,2.688899
54824954043072,1.3974857,0.533844,2.4693103
54824962008160,1.2996918,0.7080908,2.2143579
54824969881695,1.2102386,0.71142006,1.7570711
54824977785748,1.0972164,0.6822386,1.4458811
54824985689801,0.93095845,0.60160446,1.2787728
54824993563336,0.51665545,0.58882713,1.304853
54825001497906,0.3177035,0.68679714,1.4231095
54825009432476,0.34192428,0.6774893,1.67855
54825017336529,0.44948158,0.8004856,1.4299521
54825025240582,0.49620357,0.86651325,1.3043027
54825033144635,0.35336572,1.0306664,1.6569479
54825041079205,0.02761966,1.2743006,1.6200535
54825048952740,-0.109405786,1.5155458,1.8510728
54825056887310,-0.32281035,1.6104822,2.3301651
54825064791363,-0.8481665,1.5573711,2.5559254
54825072725933,-1.1980978,1.4502859,2.7120001
54825080599469,-1.309811,1.2981787,3.3163805
54825088503521,-1.1884181,1.4443703,3.1477785
54825096407574,-0.9143319,1.6301785,3.3241203
54825104342144,-0.85780615,1.6761732,3.6516042
54825112246197,-0.6633984,1.4967098,3.741234
54825120180767,-0.49727172,1.2477942,3.5579433
54825128084820,-0.32673985,1.1132898,3.6321588
54825135988873,-0.24550194,1.1267719,3.5544918
54825143923443,-0.32193315,1.4587088,3.330462
54825151858013,-0.5325424,1.8174839,3.094601
54825159731549,-0.8074049,2.2143965,3.5706882
54825167635601,-1.0387061,2.4893808,3.9260135
54825175539654,-1.1808631,2.67101,4.734641
54825183443707,-1.3108153,2.750431,5.2794886
54825191347760,-1.3885162,3.0699692,5.8811073
54825199221295,-1.6174202,3.627592,6.3267565
54825207125347,-1.8287467,4.694376,6.64355
54825215029400,-2.3083894,6.2564325,7.5722284
54825222933453,-2.733664,8.2851305,7.8051796
54825230837506,-3.0656896,10.240766,8.192238
54825238741558,-3.0949366,11.633539,8.036619
54825246615094,-3.4786656,12.142465,7.686161
54825254519146,-2.488891,11.894004,6.7030206
54825262453717,-1.3270913,11.33677,5.0617385
54825270327252,0.1143446,10.189986,4.1442904
54825278261822,1.9062799,9.236542,2.4692023
54825286135357,3.0435658,8.443926,1.4259634
54825294039410,3.5360227,7.5825315,2.1973171
54825301943463,3.943245,6.877342,1.8995085
54825309847515,3.34181,5.288858,-0.44416952
54825317782086,2.427854,2.7729383,-4.855418
54825325716656,4.3100505,-0.70723295,-10.306822
54825333620709,-0.5911584,-5.792065,0.009181023
54825341555279,-3.0683246,-4.1788664,4.898135
54825349459332,0.90406215,-0.9883714,5.9338613
54825357393902,1.6012771,-1.019947,4.7917805
54825365297955,1.1016846,-2.1607718,3.221163
54825373202008,1.2031487,-2.5550542,1.8931375
54825381106060,0.047554806,-3.035081,1.8178258
54825389010113,-1.2863779,-3.7645268,3.4409373
54825396883648,-2.4940548,-4.825406,2.7750933
54825404787701,-2.9359312,-5.266118,2.4353366
54825412691754,-3.50416,-5.5556755,2.8938138
54825420626324,-3.990561,-5.546071,1.9607959
54825428560894,-5.4589124,-5.387855,1.2845879
54825436464947,-6.181969,-4.9828186,1.3996325
54825444399517,-4.869922,-4.529705,1.29849
54825452273053,-3.7214043,-4.224524,1.0648136
54825460177105,-3.075036,-3.9369717,0.6188574
54825468081158,-2.6516464,-3.6720853,0.010734081
54825476046246,-1.8563049,-3.4426398,-0.53595495
54825483950299,-0.9091908,-3.265647,-0.38857126
54825491854351,0.09729028,-3.0003872,-0.68562675
54825499788922,1.3925273,-2.451345,-0.6410742
54825507692974,3.2829542,-2.0208488,-1.3071544
54825515627545,4.7603703,-1.3426542,-0.7859502
54825523501080,5.0085945,-0.6676016,-1.2319405
54825531405133,4.3317404,-0.11266899,-2.383726
54825539339703,3.375548,0.42729664,-2.585475
54825547274273,3.0933468,0.9447565,-2.8439748
54825555178326,3.5325983,1.3982677,-3.8309267
54825563082379,3.8403728,1.9066,-3.9458864
54825570955914,3.743399,2.0542269,-3.583313
54825578890484,3.2421637,1.742938,-3.5961554
54825586794537,2.8723073,1.2668743,-3.8449414
54825594668072,3.3763871,0.712924,-3.5507545
54825602602642,4.017838,0.35154152,-3.881545
54825610506695,4.2373037,-0.09494114,-4.1189814
54825618410748,4.423323,-0.5456524,-3.8849473
54825626314801,3.973856,-0.6531954,-3.5981257
54825634188336,3.5105205,-0.6715641,-3.0391288
54825642092388,3.40141,-0.8048096,-3.5694852
54825649996441,3.1697614,-0.8189087,-4.524326
54825657931011,3.2446246,-1.4949646,-3.1697924
54825665804547,1.7938209,-0.9317322,-9.145352
54825673739117,-6.381581,2.1532927,-7.1757083
54825681643170,-11.746542,-3.2053823,-3.7782855
54825689547222,-5.412838,-0.761569,-6.263578
54825697451275,0.064439654,1.0513573,-0.6255405
54825705385845,0.71899104,-0.29450035,1.1379087
54825713259381,1.1862451,-0.9281225,-0.4477753
54825721163433,1.9940753,-0.7042017,-1.5857754
54825729067486,2.0012193,-1.4633102,-1.9653437
54825737002056,3.0768337,-2.0177236,-1.9954363
54825744936627,3.8413637,-1.6590548,-1.8491015
54825752810162,3.1088967,-1.7326617,-1.9398135
54825760683697,2.01654,-1.7646184,-1.9376681
54825768587750,1.0287395,-1.596734,-1.691822
54825776491803,1.0055151,-1.4138632,-2.8042972
54825784365338,1.1693194,-0.9545822,-4.0147815
54825792299908,0.778438,0.053025246,-4.3000197
54825800234478,1.462826,4.68888,0.7600745
54825808138531,0.8759256,4.180229,-1.3294233
54825816042584,-2.1879609,5.120658,3.726934
54825823946636,-8.787751,5.2330275,6.3169646
54825831881207,-16.00816,2.9341717,3.3751712
54825839754742,-23.995573,-1.0119047,0.037237495
54825847658795,-17.45103,-1.2694473,-0.74921805
54825855562847,-9.805983,-1.6365767,-4.3269644
54825863436383,-9.205275,-1.5416431,-7.195643
54825871401470,-10.807653,1.0415354,-6.8514423
54825879305523,-10.772585,2.8164625,-4.0497575
54825887209576,-6.331948,1.7674465,-3.6464145
54825895113629,-1.6471577,0.7995138,0.9094999
54825903048199,5.2093315,0.18928814,0.025612235
54825910952252,10.221365,-0.30023956,-1.5789278
54825918856304,15.802832,-0.2436428,-1.8601446
54825926760357,16.875238,0.5008726,-1.9625119
54825934664410,13.026076,0.79644585,-2.1545281
54825942598980,6.978431,1.6596346,-2.0466263
54825950503033,0.6282178,1.9686899,-1.2244308
54825958407086,-3.9697628,2.035925,-1.4701275
54825966280621,-6.6113706,1.8968563,-1.6195903
54825974215191,-6.681011,1.8172989,-1.6054487
54825982088726,-4.039731,1.6318598,-0.45256686
54825989962261,0.047616154,1.2397394,0.11986327
54825997896832,2.31556,0.8855133,0.5316994
54826005800885,3.3950002,0.6978388,1.7304411
54826013704937,3.196026,0.3011999,1.560605
54826021608990,2.077918,0.018889427,1.2006801
54826029543560,1.1438475,-0.1255598,1.6164982
54826037447613,0.40648,-0.10565853,1.8894093
54826045351666,-0.3948285,-0.19883251,1.9943146
54826053225201,-0.8591249,-0.18669033,2.1705327
54826061159771,-1.03051,-0.17510128,3.0122166
54826069063824,-1.0796305,-0.2697258,3.4551878
54826076998394,-1.0809014,-0.4079752,3.5464435
54826084871929,-0.6998244,-0.31396103,3.4009378
54826092775982,-0.76695293,-0.1982584,3.32542
54826100710553,-1.3133519,-0.3046999,3.1417305
54826108645123,-1.3398223,-0.34835815,2.9912682
54826116549176,-0.8816652,-0.45798397,2.8354948
54826124483746,-0.119427316,-0.50472164,3.0150638
54826132387799,0.58696973,-0.56249523,2.8894181
54826140291851,0.89550304,-0.5164223,2.8317764
54826148195904,1.5176287,-0.35188103,2.2635937
54826156130474,1.4121985,0.031208038,2.159654
54826164034527,0.57447,0.27371693,1.4137067
54826171969097,-0.11319837,0.5601263,0.80189896
54826179903668,-1.003199,1.1276789,0.5165322
54826187777203,-1.5608,1.4255829,-0.11322999
54826195711773,-1.4030608,1.3512096,-0.5500796
54826203615826,-1.1122692,1.2976437,-0.40004206
54826211519879,-0.8396026,1.0796976,-0.1618495
54826219454449,-0.19059929,0.7398634,0.5621753
54826227327984,0.5414524,0.4644394,1.1935289
54826235262554,0.849316,0.30127907,1.581374
54826243136090,0.8478341,0.23095322,2.122365
54826251040142,0.5061013,0.28657913,2.5711453
54826258913678,0.106670424,0.2797823,2.6190066
54826266848248,-0.45961642,0.34743404,2.7436385
54826274752301,-0.9243393,0.5307379,2.6257248
54826282656353,-0.8626073,0.7241392,2.345963
54826290560406,-0.8154418,0.82015324,2.1324973
54826298464459,-1.0089598,0.96766853,1.8979634
54826306337994,-1.1509588,1.0397472,1.778537
54826314272564,-0.88164914,0.96692944,1.6112194
54826322176617,-0.5815673,1.0866785,1.5894858
54826330080670,-0.728462,1.2413225,1.8506039
54826337954205,-0.76619756,1.4286041,1.5687697
54826345888775,-1.194447,1.4804134,1.9874536
54826353762310,-1.3707986,1.416379,2.1572726
54826361696881,-1.1627246,1.4344053,2.691408
54826369631451,-1.0455627,1.5238686,2.685635
54826377566021,-0.90304935,1.5862093,2.83795
54826385439556,-0.8534185,1.6933556,2.6672018
54826393343609,-0.85846615,1.8479748,2.6383295
54826401247662,-0.99979895,1.9355307,2.5867152
54826409151715,-1.0050914,2.1451864,2.7132826
54826417055767,-0.884535,2.3383427,2.8938332
54826424990338,-0.82897043,2.6535082,3.4697018
54826432894390,-0.7879664,3.1509514,3.962656
54826440798443,-0.71080744,3.6938658,3.9576254
54826448733013,-0.97949314,4.076288,4.249185
54826456637066,-1.7104799,4.2886763,5.3112264
54826464541119,-2.2931356,4.5953264,6.1324744
54826472475689,-2.8051794,5.305234,6.7678833
54826480379742,-3.2666006,6.1186,6.9408493
54826488283795,-3.248496,7.613454,6.6792307
54826496187847,-3.4653914,9.486381,7.6892815
54826504061383,-3.8153205,11.345707,8.838166
54826511965435,-3.7112565,12.520482,8.188811
54826519900006,-2.995344,12.044783,6.4965305
54826527804058,-1.7024676,10.7213955,4.479544
54826535738629,-0.61148167,10.110138,3.441326
54826543642681,0.16098201,9.790443,2.9278398
54826551516217,1.1699799,9.556366,2.178256
54826559420269,2.3425236,9.624565,2.7834148
54826567324322,2.5767596,7.9899607,4.2738233
54826575228375,2.7556498,6.2063484,2.314619
54826583162945,2.5467682,4.3491297,-0.80634403
54826591066998,3.8292606,1.2515345,-7.572038
54826598940533,3.2267041,-5.542879,-6.9612484
54826606875103,-2.5251148,-6.314063,3.5454714
54826614748638,-0.8387364,-2.7241573,5.3862486
54826622622174,1.5070307,-0.8017454,7.1682553
54826630556744,1.4818864,-0.46159267,8.723224
54826638430279,1.6999413,-0.72463703,7.037844
54826646334332,0.7414027,-1.4788027,4.9390492
54826654207867,-0.32961807,-2.3019195,4.355904
54826662142437,-1.2263757,-3.1977377,3.8274632
54826670077008,-2.163966,-3.8817334,2.8518198
54826677981060,-2.7079773,-4.0331664,2.5295944
54826685885113,-3.1718287,-4.1563735,2.6621776
54826693819683,-3.5182486,-4.54762,1.737226
54826701693219,-3.9674273,-4.543798,1.0640306
54826709597271,-4.1297393,-4.248636,1.2103057
54826717501324,-3.2494328,-4.058266,0.30560255
54826725405377,-2.9713926,-3.756908,-0.23632765
54826733309429,-3.3995132,-3.4776177,-0.14408684
54826741244000,-4.013824,-3.4085202,-0.16879845
54826749117535,-4.230893,-3.3756657,-0.11983061
54826757052105,-3.3373754,-3.125588,-0.6643815
54826764956158,-1.7227557,-3.2448788,-1.2763526
54826772890728,-0.35837752,-2.99998,-1.6353245
54826780794781,-0.1005491,-2.489767,-1.4322457
54826788729351,-0.2990499,-2.0296273,-1.9108667
54826796602886,-0.05226457,-1.2034254,-3.1692939
54826804506939,0.7361783,-0.8111057,-4.1876593
54826812441510,1.5433388,-0.7171612,-5.122842
54826820345562,1.3661888,-0.5038996,-4.2054806
54826828249615,1.0559404,-0.18097496,-3.0048523
54826836123150,1.1917567,0.027863503,-3.203183
54826844027203,1.5337658,0.32801342,-3.3151827
54826851931256,1.8312325,0.58559227,-3.5989869
54826859865826,1.7729709,0.89396095,-3.9164038
54826867769879,1.5896132,1.3556595,-4.0848055
54826875704449,1.4505157,2.015873,-4.07249
54826883639019,1.3390069,2.543973,-3.6617212
54826891573590,0.93230504,2.7265987,-4.1053605
54826899447125,0.4473083,2.8237276,-4.3317065
54826907351178,0.5589229,2.5445185,-4.052883
54826915255230,0.8000713,1.788661,-5.7164617
54826923159283,1.093185,1.1944485,-5.4302163
54826931093853,1.4207013,0.52429485,-3.837564
54826938997906,0.87374246,-1.0208635,-3.8509285
54826946871441,-0.6359238,-2.860445,-9.819129
54826954775494,-0.94956356,-1.1147919,-10.328636
54826962679547,-6.436074,-2.9141908,-6.5192375
54826970583599,-7.71517,-2.8211737,-4.4237037
54826978518170,-1.4459699,-1.4506063,-2.6488092
54826986391705,3.568474,-0.6217098,0.62697506
54826994295758,6.276959,-0.6523428,0.42370355
54827002199810,6.339754,-0.67074776,-1.4597551
54827010103863,4.651007,-0.9369755,-2.1251643
54827017977398,3.0971065,-1.6311803,-2.9000392
54827025911969,1.9955695,-1.5132179,-2.3593268
54827033816021,0.42358977,-1.2621431,-1.32746
54827041689556,-1.0864778,-1.1324625,-2.635776
54827049624127,-2.1798933,-1.387949,-4.692962
54827057528179,-2.7046287,-1.2875853,-6.594715
54827065432232,-4.0225987,3.9531279,-1.1379286
54827073366803,-2.3578951,3.65841,-2.1242938
54827081270855,0.48866862,4.478421,-0.35712898
54827089205426,-4.038679,5.981019,8.680933
54827097109478,-11.195382,5.8131685,7.044229
54827105044049,-15.185014,3.7490158,4.097859
54827112917584,-10.946639,0.8834133,4.557637
54827120821636,-3.55721,-1.0044756,-2.2065856
54827128725689,-5.227516,-2.8259077,-5.1642284
54827136690777,-9.540419,-2.606645,-5.746443
54827144564312,-10.705136,0.27342892,-6.6861825
54827152498883,-10.509514,3.0429945,-4.0003443
54827160402935,-9.021903,2.6015234,-1.9323422
54827168337506,-4.2411747,-0.12270832,-3.2355256
54827176241558,1.5520475,-1.0843725,-4.2257757
54827184176129,11.091885,-0.49673462,-1.7457497
54827192080181,17.268541,0.7641325,-2.1957574
54827199984234,17.277435,1.5843582,-3.2265494
54827207918804,12.627923,1.812046,-2.790313
54827215792340,7.0753345,1.7688704,-2.1978116
54827223696392,1.1440426,1.3893337,-1.2791638
54827231600445,-2.3595185,0.8096676,-2.037041
54827239504498,-4.921744,0.6689768,-2.956417
54827247439068,-5.7367887,0.76872253,-1.2214419
54827255312603,-4.254267,1.4651661,0.33095407
54827263247174,-2.5170376,1.6319036,0.694605
54827271120709,-0.20978418,1.0401106,-0.81936
54827279055279,2.1578445,0.825964,-0.49248457
54827286928814,2.8982334,0.5414257,0.67745876
54827294832867,2.8465242,0.46730328,-0.28222036
54827302736920,2.3127904,0.610198,-0.12472391
54827310640972,1.7775041,0.4743166,0.2684486
54827318606060,1.3107585,0.4191637,-0.21884537
54827326540631,0.97817737,0.5662403,-0.36750388
54827334414166,0.21995339,0.44351673,0.5084355
54827342318219,-0.6515405,0.27426147,0.75490355
54827350252789,-0.9660539,0.14950752,0.55450726
54827358126324,-1.1161976,0.10489941,1.3667983
54827366030377,-2.4513903,-0.02645874,1.6859393
54827373903912,-1.8878905,0.030747414,1.6270939
54827381838482,-0.66398644,0.046491623,1.9797442
54827389712017,-0.027079731,0.025431633,3.0423617
54827397616070,0.4450674,-0.049419403,4.0239687
54827405550640,0.8994838,-0.35725403,4.5144105
54827413424176,1.1406012,-0.6578169,5.3692517
54827421358746,0.8011424,-0.77836514,5.7637644
54827429262799,0.10989172,-0.79768467,5.4641128
54827437166851,-0.27159286,-0.5236006,4.535036
54827445101422,-1.0759917,-0.24308395,3.9664366
54827452974957,-1.6807063,-0.029913902,3.2904832
54827460909527,-0.68162704,0.36729622,2.0834134
54827468783062,-0.8823225,0.6104765,1.3965409
54827476717633,-0.87984514,0.70718193,0.5438473
54827484652203,-0.2546968,0.9176178,0.16180634
54827492525738,-0.18167172,0.6263027,0.017232895
54827500460308,-0.05627981,0.29513454,0.061416864
54827508364361,0.2326549,0.0794611,0.14732194
54827516268414,0.7435534,0.19211769,0.501632
54827524172467,1.0844165,0.42257214,0.6746652
54827532137554,1.2003963,0.6651163,0.8902726
54827540072125,1.1699771,0.75433254,0.99941325
54827547945660,1.1584835,0.74271584,1.0255072
54827555880230,0.9272627,0.5921068,1.1605995
54827563784283,0.35975862,0.41048527,1.3958058
54827571657818,-0.027127504,0.4488287,2.055571
54827579592388,-0.35197017,0.5617914,2.495463
54827587496441,-0.5415154,0.81153965,2.755983
54827595369976,-0.56753933,0.968462,3.10593
54827603274029,-0.7216631,1.0069304,2.8863664
54827611208599,-0.7993119,0.9631376,2.358981
54827619112652,-1.0108054,0.9163637,2.0462232
54827627016705,-0.9732475,0.98594856,1.6332914
54827634890240,-0.99443805,1.1864824,1.4461322
54827642824810,-0.8427056,1.4413815,1.2620227
54827650728863,-0.33175197,2.0757303,1.826486
54827658663433,-1.1657403,2.2900229,1.9326938
54827666567486,-0.6971102,2.296711,1.847769
54827674471539,-0.20613036,2.5466633,2.327797
54827682375592,-0.19174218,2.3938742,2.3389807
54827690249127,-0.20183876,2.3123903,2.3264935
54827698183697,-0.13422552,2.3264418,2.2956138
54827706057232,-0.41847575,2.489705,2.5543284
54827713930767,-0.84507895,2.7243547,2.7075014
54827721834820,-0.76625204,3.2073698,3.3244872
54827729799908,-0.83418167,3.6402664,3.7457702
54827737734478,-0.80511314,4.0384836,4.147968
54827745638531,-0.7400496,4.1122274,4.9405723
54827753542584,-0.7872474,4.0299425,5.5217385
54827761446636,-1.0271792,4.287611,6.35161
54827769320172,-1.614172,4.753845,7.0808363
54827777224224,-1.3175566,5.618512,6.556636
54827785128277,-2.1916084,7.118825,7.8250704
54827793032330,-3.3630269,8.511588,8.721666
54827800905865,-3.8354857,10.188303,8.54266
54827808840435,-3.8111444,11.508081,7.6133614
54827816713970,-3.6571248,11.766207,6.7585416
54827824618023,-2.6218014,10.702749,5.237393
54827832552594,-1.5559314,9.478957,3.3886764
54827840487164,0.0027333796,8.169119,4.097515
54827848360699,1.690909,7.661399,1.84236
54827856295269,2.1921046,7.6616216,-0.19110012
54827864199322,2.7482972,7.007314,0.24441624
54827872103375,3.4091675,5.7934127,-2.269431
54827880068463,4.6937838,4.537452,-7.7944975
54827887972515,1.7111678,-1.0256271,-0.8862095
54827895876568,-1.6404893,-1.3756356,4.066949
54827903811138,1.48174,0.22693443,3.9743085
54827911715191,1.6628677,-0.098974705,5.232877
54827919619244,1.0019593,-1.0666118,6.357389
54827927492779,0.81723917,-1.8863273,5.344922
54827935427349,-0.4869383,-2.4933887,4.2023897
54827943331402,-2.1742969,-3.3420243,4.155514
54827951204937,-2.9146113,-3.8485975,2.9526732
54827959108990,-2.8291156,-4.232627,2.1166992
54827966982525,-3.8484867,-4.637707,1.8529592
54827974917095,-5.053,-4.6998262,1.9190798
54827982851666,-6.720869,-4.762147,1.863729
54827990725201,-5.807483,-5.0954113,1.2782493
54827998629254,-3.983977,-5.0759726,1.1078062
54828006502789,-2.678773,-4.5772257,0.5193124
54828014406842,-2.5318284,-4.2407126,-0.17682505
54828022341412,-3.3710306,-4.31834,-0.47352695
54828030275982,-4.1991606,-4.5023513,-0.42207527
54828038180035,-4.0273495,-4.370218,-0.8160014
54828046114605,-2.8622632,-4.152267,-1.1383529
54828053988140,-1.3745909,-3.5649538,-1.7898185
54828061892193,-0.11396325,-2.8287878,-2.176012
54828069796246,0.6762022,-2.3640165,-1.9610744
54828077669781,1.3206627,-2.0159159,-2.764041
54828085604351,1.8595614,-1.4067979,-3.2097437
54828093508404,1.7050294,-0.9013939,-2.373266
54828101381939,0.54317987,-0.67534447,-2.3288503
54828109285992,0.014487386,-0.41517353,-3.201335
54828117190045,0.30436647,-0.24261189,-4.0158587
54828125124615,0.7293029,-0.28074837,-3.6977947
54828132998150,0.9518839,-0.31111336,-3.7310596
54828140902203,1.1378736,-0.1467886,-4.205081
54828148806256,1.4717765,0.10517883,-4.2314
54828156710308,1.7375594,0.3850317,-4.185628
54828164614361,1.7140245,0.6410217,-4.3770943
54828172548931,1.9268404,0.78648186,-4.531214
54828180452984,2.100717,0.7568426,-4.894064
54828188357037,2.2046256,0.69992733,-4.428825
54828196230572,2.4300227,0.46397018,-3.7130175
54828204165142,2.759503,0.37117958,-3.2657285
54828212038678,2.8578422,0.61026764,-2.343274
54828219942730,2.5029523,0.95131683,-2.1198246
54828227846783,1.8522519,1.0185499,-1.9675411
54828235781353,1.0339508,0.8785658,-1.8610861
54828243654888,0.3036027,0.5406008,-1.8583485
54828251589459,-0.022012949,0.01843834,-1.7247616
54828259462994,-0.49049425,-1.5977583,-5.082029
54828267397564,-3.7100115,1.3921032,-5.2212415
54828275301617,-8.311386,-0.27239037,-0.08892584
54828283175152,-4.270213,-2.0244913,-4.7227006
54828291109722,2.2179413,-1.261775,-1.0887928
54828298983258,3.8116837,-1.4068918,-0.21661079
54828306887310,3.3330326,-2.0538044,-0.9853121
54828314791363,3.0127995,-1.716012,-1.0498965
54828322695416,3.7804694,-1.3448429,-1.2132399
54828330629986,5.3908796,-1.0196171,-1.7416952
54828338564556,5.655409,-0.3832159,-1.9356583
54828346468609,4.8849277,-0.13559914,-2.085441
54828354403179,3.8419895,-0.5042429,-2.5883217
54828362276715,2.824023,-0.9930382,-2.7868571
54828370150250,2.7427037,-1.3488712,-3.205995
54828378084820,2.1411922,-0.7401047,-2.3379688
54828385988873,0.050470233,-0.67025566,-1.8636861
54828393953961,-1.0527244,-3.2290602,-4.396764
54828401858013,-0.29681897,-2.6252728,-4.776153
54828409762066,-0.059191227,0.70316315,1.1317431
54828417666119,0.6705816,1.9158535,0.46106583
54828425600689,0.21557844,1.9247818,-1.047328
54828433504742,-5.575416,3.1645641,4.046856
54828441408795,-4.45518,4.688199,2.0687118
54828449343365,-12.1583,3.5869303,0.85814613
54828457216900,-17.902794,1.1633482,-2.0691762
54828465120953,-11.350984,0.0011672974,1.4242482
54828473025006,-8.057356,-2.1789513,-7.131716
54828480898541,-8.94632,-2.8731961,-12.068949
54828488833111,-11.920291,0.0067977905,-11.471315
54828496737164,-12.234141,4.2952604,2.6217752
54828504671734,-3.9235988,5.792205,0.8419757
54828512575787,5.0862923,4.4549866,1.2128165
54828520479840,12.844773,1.2509775,-1.312392
54828528353375,11.808544,-1.2474327,-2.6949732
54828536257428,10.839924,-2.1611128,-1.798899
54828544161480,9.302263,-1.3815985,-1.057857
54828552035015,5.356986,0.25331974,-1.8189216
54828559969586,3.7548265,1.056736,-2.605844
54828567873638,1.5418787,1.7529478,-2.502299
54828575747174,-1.7429142,2.0776873,-2.2943866
54828583712261,-4.211873,2.2107725,-2.0455406
54828591646832,-4.2676215,1.7347183,-1.2531602
54828599520367,-2.432458,1.1900415,-0.5306332
54828607485455,-0.2287009,0.7205944,0.26902556
54828615420025,1.4871262,0.4036932,0.46356273
54828623354595,1.9590572,0.30150318,1.2256383
54828631258648,1.3207817,0.270689,1.6852597
54828639162701,0.6610776,0.47446632,1.5523119
54828647066754,0.26602936,0.57040405,1.3560276
54828655001324,0.050009355,0.55607796,1.3167833
54828662905377,-0.21879035,0.4885807,1.342454
54828670870465,-0.31911916,0.53042984,1.4536622
54828678774517,-0.69579005,0.58106136,1.4421294
54828686678570,-0.7438716,0.6472845,1.637012
54828694643658,-0.65967625,0.6025858,1.649415
54828702547711,-0.796936,0.38734627,1.6957068
54828710421246,-0.7984163,0.19768047,1.9595063
54828718325299,-0.9600918,-0.040431976,2.003415
54828726229351,-1.0457965,-0.23836136,2.1986969
54828734133404,-0.7693591,-0.24515915,2.366174
54828742006939,-0.42829177,-0.21122646,2.4331717
54828749941510,-0.05268062,-0.20364094,2.622156
54828757815045,-0.45331484,-0.32488823,2.573299
54828765780133,0.8691163,-0.019684792,2.7574997
54828773714703,0.6043874,-0.07767582,2.54442
54828781588238,0.31103024,-0.11356163,2.4578207
54828789492291,0.17772096,-5.5503845E-4,2.3272512
54828797365826,0.042915314,0.08198738,1.9165483
54828805300396,-0.026337102,0.18906689,1.6348796
54828813173931,0.08619213,0.3685255,1.3503284
54828821077984,0.0910092,0.42401314,1.1178768
54828828951519,-0.20159195,0.36261177,1.0043021
54828836886090,-0.5086542,0.29931736,0.9787774
54828844759625,-0.51292,0.20326805,0.89369905
54828852663678,-0.34593642,0.10048962,0.93228436
54828860567730,-0.18490386,0.20652962,0.9750712
54828868441265,-0.042500585,0.38241386,0.9233943
54828876375836,0.02823621,0.55845356,0.86970556
54828884249371,-0.02708529,0.5527773,0.7425084
54828892122906,-0.27197218,0.5665026,0.6137409
54828900026959,-0.4831854,0.5661135,0.69649553
54828907931011,-0.5685387,0.5850773,0.549978
54828915865582,-0.67663527,0.50819874,0.7669985
54828923800152,-0.7568568,0.40740395,0.8762703
54828931704205,-0.84488285,0.3114004,0.9327848
54828939608258,-0.6114397,0.16522121,0.97748375
54828947512310,-0.28916502,0.24904156,1.1469635
54828955416363,-0.038856983,0.3163376,1.1062461
54828963350933,0.15542729,0.3813038,1.0750294
54828971224469,0.06263298,0.42228603,1.1296684
54828979189556,0.034934253,0.41313457,1.10793
54828987093609,-0.039359376,0.4832201,1.1034751
54828994997662,-0.03595686,0.57986355,1.0635774
54829002932232,-0.014848314,0.6048813,1.0503962
54829010805767,-0.059189852,0.59652996,1.1260219
54829018709820,-0.17543519,0.6579046,1.1807487
54829026674908,-0.18272476,0.6789589,1.0184281
54829034578961,-0.18888007,0.6045761,1.0530491
54829042483013,-0.3943173,0.45641232,1.0454917
54829050387066,-0.45256197,0.33020973,1.0985723
54829058291119,-0.45008975,0.2955103,1.0521283
54829066164654,-0.37058395,0.2732811,1.0018108
54829074099224,-0.4027914,0.3233471,1.0049751
54829081972760,-0.55795944,0.36461258,0.949841
54829089876812,-0.576267,0.3056755,0.8998785
54829097811383,-0.58177996,0.09930515,0.89748764
54829105745953,-0.61549866,-0.10138798,0.85127616
54829113650006,-0.55495894,-0.19367313,1.1268985
54829121554058,-0.5212085,-0.1821518,1.4350393
54829129488629,-0.35996613,-0.062433243,1.817752
54829137392681,-0.03809607,-0.0043468475,2.304165
54829145296734,0.082339555,-0.046266556,2.9635546
54829153231304,0.05123511,-0.16301823,3.6241221
54829161135357,-0.033986747,-0.13884926,4.3247457
54829169039410,0.0055016875,0.17112732,4.6292934
54829176943463,0.07177198,0.5883894,4.535561
54829184878033,-0.113289714,1.398097,4.1972585
54829192751568,-0.3002508,2.6259375,3.8954751
54829200655621,-0.90533704,4.039654,3.6345673
54829208590191,-2.085035,4.751727,3.67619
54829216524761,-2.8585594,5.2539225,3.103128
54829224428814,-3.0515325,5.615698,2.681582
54829232302349,-2.8611407,5.329527,2.5766034
54829240236920,-2.1539865,4.377678,2.0589108
54829248110455,-0.871631,3.9938002,1.431921
54829256014508,0.86187494,4.1458664,0.025547981
54829263888043,1.561328,3.959651,-1.4268122
54829271822613,1.9646506,3.689558,-2.0476785
54829279726666,2.3222163,2.8754282,-2.0313902
54829287630719,2.121142,2.720933,-0.46099186
54829295534771,1.4894282,2.3083878,1.860385
54829303499859,1.0008183,1.4051657,2.1912858
54829311403912,0.7476846,1.0582876,3.1473963
54829319277447,0.61390626,0.03941059,5.2553167
54829327181500,-0.081055224,-1.3017955,4.2317343
54829335085553,-0.54752827,-2.2175736,3.6698136
54829342989605,-0.32963574,-2.187583,2.9961152
54829350893658,0.08823477,-1.5153542,2.534766
54829358797711,0.17069516,-0.80473804,2.3183177
54829366701763,-0.30479503,-0.52150154,1.9234407
54829374605816,-1.0977322,-0.6218767,1.1136172
54829382479351,-1.7213364,-0.8953743,0.35078812
54829390413922,-1.4912903,-1.1368046,0.020994425
54829398287457,-1.1153527,-1.1567974,-0.82377005
54829406191510,-1.0725664,-1.018548,-1.2771528
54829414126080,-1.2673459,-0.8562002,-1.6843939
54829421999615,-1.6956247,-0.81938744,-1.7369606
54829429934185,-1.81461,-0.9333267,-1.9744768
54829437838238,-1.6173997,-0.97970676,-2.65107
54829445772808,-1.324994,-0.9515095,-2.6572213
54829453676861,-1.4665066,-1.1149292,-2.752963
54829461611431,-2.3030992,-1.4890242,-3.3391662
54829469515484,-3.169374,-1.664423,-3.6239223
54829477419537,-3.304819,-1.5149355,-3.5329523
54829485323590,-3.1972039,-1.2896042,-3.5428097
54829493258160,-2.7840889,-0.9314213,-3.348195
54829501162213,-2.5312068,-0.8760214,-4.5948887
54829509066265,-2.448491,-0.5540409,-4.8455606
54829516970318,-2.0577307,-0.37796593,-3.7088704
54829524874371,-1.2167366,-0.34078693,-3.8322287
54829532778424,-0.7882352,-0.6558628,-4.5918436
54829540743511,-0.70315146,-0.966733,-4.8108664
54829548678082,-0.99123096,-1.3189554,-3.391966
54829556582135,-0.82814765,-1.6363611,-4.0475154
54829564486187,-0.7824165,-1.673008,-5.2525787
54829572390240,-0.89366066,-1.7259722,-4.495421
54829580324810,-1.0558808,-2.1978965,-4.466436
54829588259381,-1.7403927,-2.6128316,-5.365098
54829596163433,-2.2993681,-2.9090166,-5.299077
54829604067486,-1.7370209,-1.4614372,-2.7063835
54829612002056,-0.6769309,-0.83453846,-3.6943715
54829619906109,-1.140364,-0.7782154,-4.228656
54829627779644,-1.3805778,-0.4443941,-3.6199849
54829635714215,-0.96330893,0.14024925,-1.5602764
54829643618267,-0.21069849,1.1648788,2.3556519
54829651522320,2.1218934,4.179902,9.427682
54829659426373,1.1843274,4.9209623,9.1501255
54829667299908,-2.8179607,2.9094963,5.0971746
54829675203961,-3.3672557,0.5281801,0.59263235
54829683108013,-3.122287,-0.86151314,-2.5611327
54829691042584,-4.0020895,-1.0580044,-2.7313669
54829698916119,-4.908016,0.112688065,-0.79381573
54829706850689,-4.1029825,1.4159002,0.9627999
54829714724224,-3.2432752,1.5874834,1.7413696
54829722628277,-0.8743864,0.5724802,1.0231239
54829730532330,0.28130543,-0.63249874,0.509704
54829738466900,1.5630845,-1.1370173,0.21240671
54829746340435,1.9450681,-1.0863056,0.3167174
54829754244488,1.9868197,-0.5567665,0.8978183
54829762148541,2.0703042,0.044424057,1.0452082
54829770083111,2.3682466,0.62631226,0.7770306
54829778017681,1.566893,0.7918577,0.28641343
54829785921734,0.6077032,0.53155136,-0.10404594
54829793856304,-0.15057683,0.25715828,0.0041475
54829801729840,-0.7906003,0.028669357,0.11033617
54829809633892,-1.1747713,-0.06307602,0.60543215
54829817537945,-0.9041631,0.031811714,1.1438768
54829825472515,-0.41561794,0.2078371,1.2556889
54829833346051,0.044638395,0.22322941,1.2143167
54829841250103,0.38583708,0.1115427,1.1465024
54829849154156,0.48168182,0.050027847,1.1763017
54829857058209,0.4580614,0.060394287,1.0523679
54829864962261,0.47814035,0.049310684,0.9728206
54829872896832,0.2522561,-0.011949539,0.7632794
54829880800885,1.1997268,0.015166283,0.811113
54829888704937,1.584877,0.0016489029,0.80534476
54829896578472,1.4710236,0.017058372,0.9101734
54829904513043,1.0474606,0.0039424896,0.9054241
54829912417095,1.0769478,0.0103645325,0.978702
54829920321148,1.0770588,0.12957573,0.90201193
54829928225201,0.6551149,0.12015629,0.85181475
54829936159771,0.19139993,-0.017796516,0.8953192
54829944063824,-0.04843235,-0.20775414,0.89829844
54829951967877,-0.29910403,-0.28697395,0.8771838
54829959902447,-0.7419446,-0.37276554,0.79831946
54829967806500,-0.51523167,-0.19744587,0.66895336
54829975741070,0.027088761,0.0041151047,0.4686518
54829983645123,-0.0031591654,0.019085884,0.56698
54829991549176,-0.16996187,-0.04232788,0.7399493
54829999453228,0.16521251,-0.084545135,0.9000408
54830007357281,0.56511825,-0.13886547,0.8327604
54830015261334,0.79698837,-0.1166563,0.90538955
54830023134869,0.8416953,-0.0633173,1.0497576
54830031069439,0.6652553,-0.07215595,0.98279136
54830039004010,0.5059296,-0.17671967,0.77826595
54830046877545,0.473819,-0.24061584,0.59506744
54830054781597,0.25445482,-0.18962574,0.4178154
54830062655133,0.052505672,-0.10750866,0.35448998
54830070589703,-0.038980782,-0.049381256,0.23984587
54830078463238,-0.04713595,-0.022439003,0.19994724
54830086367291,0.0032657385,-0.04102516,0.24793464
54830094271344,0.0067546964,-0.06440735,0.3353333
54830102175396,-0.04628563,-0.14279652,0.4420631
54830110109967,-0.06502485,-0.19731617,0.14109564
54830118014019,0.019076526,-0.007490158,0.57101834
54830125979107,-0.068630815,0.07937527,0.49167788
54830133913678,-0.031974792,0.0011110306,0.6604344
54830141787213,0.17171079,-0.16331291,0.60576516
54830149691265,0.24787167,-0.17457867,0.52754736
54830157595318,0.10887551,-0.12113762,0.56146157
54830165499371,-0.088733196,-0.14910698,0.42186022
54830173433941,-0.13454825,-0.19151878,0.3390512
54830181368511,-0.11577737,-0.13107395,0.30523658
54830189303082,-0.08728576,-0.015678406,0.25134414
54830197176617,-0.039681137,0.054156303,0.25092947
54830205111187,-0.07573432,0.018548012,0.19186461
54830213015240,-0.13054639,-0.04104519,0.14563811
54830220888775,-0.042059124,0.007030487,0.1621443
54830228792828,-0.018279016,0.019124031,0.066857815
54830236727398,0.05565381,0.021597862,0.039008915
54830244631451,0.06980342,-0.031017303,0.076131046
54830252566021,0.012484252,-0.06687927,0.087273896
54830260470074,-0.030143917,-0.061997414,0.19637579
54830268404644,-0.010671377,0.019528389,0.2547981
54830276278179,-0.033949077,-0.004262924,0.23416227
54830284182232,-0.040522456,-0.07593155,0.20863426
54830292086285,-0.025596082,-0.11409092,0.21192223
54830299959820,-0.0013472438,-0.10199928,0.17699927
54830307894390,-0.029652417,-0.12103462,0.0967471
54830315798443,-0.055453718,-0.14725494,0.107583106
54830323702496,-0.050103843,-0.16392326,0.12831849
54830331606549,-0.049398124,-0.13269997,0.14671832
54830339480084,0.0037626028,-0.13740158,0.1507116
54830347414654,0.03767413,-0.11816025,0.18096387
54830355318707,-0.024205625,-0.084570885,0.17787439
54830363222760,-0.10515565,-0.09886646,0.10066849
54830371126812,-0.0977965,-0.12756157,-0.026659131
54830379000347,-0.11420274,-0.11796284,-0.12490499
54830386934918,-0.06612915,-0.024601936,-0.10080141
54830394808453,-0.034882188,0.056812286,-0.03871417
54830402773541,-0.07763988,0.04246044,-0.019524992
54830410708111,-0.11792225,-0.06760788,0.07096422
54830418581646,-0.27042156,-0.057897568,0.20645529
54830426516217,-0.23392797,-0.01943016,0.14996433
54830434450787,-0.14027923,-0.021666527,-0.0073438883
54830442354840,-0.16660506,-0.02152443,0.0459705
54830450258892,-0.14763135,1.4019012E-4,0.0132241845
54830458193463,-0.1382783,-0.028486252,-0.10081571
54830466066998,-0.09337711,-0.052344322,-0.1766411
54830473940533,-0.020264328,-0.016366959,-0.14262629
54830481844586,0.028813064,0.010044098,-0.09924656
54830489748638,0.058857143,0.038905144,-0.056411624
54830497622174,0.08387071,0.031864166,-0.023525536
54830505556744,0.1733228,-0.18589783,-0.7302667
54830513460797,0.39189428,-0.25981236,-0.050866544
54830521425885,-0.07717371,0.13322353,0.028538823
54830529360455,-0.11865544,0.14083576,0.21418959
54830537233990,-0.21272492,-0.07903385,0.06515819
54830545168560,-0.14407408,-0.20072556,0.12654942
54830553072613,-0.14489466,-0.082966805,0.18279225
54830560976666,-0.1122092,0.06829357,0.24880075
54830568911236,-0.14629894,0.09510136,0.33372313
54830576815289,-0.12752372,0.014215469,0.37763548
54830584688824,-0.1497699,-0.08105087,0.34958833
54830592592877,-0.13902491,-0.118920326,0.2930584
54830600527447,-0.0787307,-0.08023834,0.23895794
54830608431500,-0.08793789,-0.13738155,0.13755476
54830616305035,-0.018508077,-0.17786312,-0.058866024
54830624209088,0.22982478,-0.046031,-0.080333054
54830632113140,0.1863671,-0.021895409,0.08234894
54830640047711,0.08825886,-0.040826797,0.18047452
54830647982281,0.07614994,-0.047792435,0.22341561
