156295279828056,-0.035099998,-0.053999998,0.0501,-0.035099998,-0.053999998,0.0501
156295289245764,-0.044299997,-0.054899998,0.058,-0.044299997,-0.054899998,0.058
156295299241077,-0.0429,-0.054899998,0.058599997,-0.0429,-0.054899998,0.058599997
156295309831702,0.0953,0.0324,-0.0512,0.0953,0.0324,-0.0512
156295319212431,0.2604,0.049999997,-0.10569999,0.2604,0.049999997,-0.10569999
156295329245764,0.28239998,-0.097799994,-0.1866,0.28239998,-0.097799994,-0.1866
156295339195764,0.2995,-0.1489,-0.1885,0.2995,-0.1489,-0.1885
156295349224410,0.3126,-0.1104,-0.152,0.3126,-0.1104,-0.152
156295359227535,0.24849999,-0.0433,-0.1286,0.24849999,-0.0433,-0.1286
156295369263473,0.1444,-0.0242,-0.14119999,0.1444,-0.0242,-0.14119999
156295379199410,0.0572,-0.084,-0.1008,0.0572,-0.084,-0.1008
156295389247848,0.0022,-0.094399996,-0.0938,0.0022,-0.094399996,-0.0938
156295399188473,-0.0021,-0.0657,-0.11229999,-0.0021,-0.0657,-0.11229999
156295409248369,-0.0277,0.0415,-0.1248,-0.0277,0.0415,-0.1248
156295419762431,-0.104499996,0.1095,-0.1041,-0.104499996,0.1095,-0.1041
156295430265556,-0.1692,0.0502,-0.048499998,-0.1692,0.0502,-0.048499998
156295439956702,-0.1352,-0.0185,0.0341,-0.1352,-0.0185,0.0341
156295449916598,-0.0117,-0.0092,0.0207,-0.0117,-0.0092,0.0207
156295459915035,-0.0058,0.0,-0.068399996,-0.0058,0.0,-0.068399996
156295469978056,-0.0098,-4.0E-4,-0.1013,-0.0098,-4.0E-4,-0.1013
156295479907744,0.014599999,-0.0401,-0.0255,0.014599999,-0.0401,-0.0255
156295489949410,0.1087,-0.118999995,0.039499998,0.1087,-0.118999995,0.039499998
156295499938994,0.2012,-0.4922,0.0150999995,0.2012,-0.4922,0.0150999995
156295510256181,0.25599998,-0.4926,0.0312,0.25599998,-0.4926,0.0312
156295519949410,-0.0581,0.026899999,0.0925,-0.0581,0.026899999,0.0925
156295529962431,-0.0032,0.2227,8.0E-4,-0.0032,0.2227,8.0E-4
156295539901494,0.1139,-0.0132,-0.030599998,0.1139,-0.0132,-0.030599998
156295550265556,0.119799994,-0.1999,0.103099994,0.119799994,-0.1999,0.103099994
156295559968160,0.0175,-0.22929999,0.1705,0.0175,-0.22929999,0.1705
156295570085348,-0.2511,-0.0532,0.118,-0.2511,-0.0532,0.118
156295580035868,-0.3709,0.0255,0.048699997,-0.3709,0.0255,0.048699997
156295590038473,-0.2464,0.0449,-0.0661,-0.2464,0.0449,-0.0661
156295599993160,-0.051999997,0.113199994,-0.097899996,-0.051999997,0.113199994,-0.097899996
156295610053577,0.12019999,0.1227,-0.0061,0.12019999,0.1227,-0.0061
156295619985868,0.2042,0.014599999,0.0923,0.2042,0.014599999,0.0923
156295630204618,0.2304,-0.1424,0.126,0.2304,-0.1424,0.126
156295640169202,0.25349998,-0.23089999,0.096599996,0.25349998,-0.23089999,0.096599996
156295650248889,0.3001,-0.1723,0.091199994,0.3001,-0.1723,0.091199994
156295660168681,0.2276,0.052899998,0.0923,0.2276,0.052899998,0.0923
156295670529098,-0.057699997,0.21759999,-0.21079999,-0.057699997,0.21759999,-0.21079999
156295680154098,-0.074099995,0.118599996,-0.074099995,-0.074099995,0.118599996,-0.074099995
156295690197848,-0.1894,-0.0378,-0.6785,-0.1894,-0.0378,-0.6785
156295700180660,-0.0792,-0.19999999,-0.6724,-0.0792,-0.19999999,-0.6724
156295717337952,-0.3448,-0.16239999,-1.2825999,-0.3448,-0.16239999,-1.2825999
156295720325973,-0.4062,0.042,-1.3829,-0.4062,0.042,-1.3829
156295730215035,-0.7014,0.415,-1.7136999,-0.7014,0.415,-1.7136999
156295740172848,-0.5866,0.3585,-1.5447999,-0.5866,0.3585,-1.5447999
156295750183264,-0.4863,0.2784,-1.8553,-0.4863,0.2784,-1.8553
156295760147327,-0.4454,0.1388,-1.7456,-0.4454,0.1388,-1.7456
156295770177014,-0.82019997,0.110599995,-2.0521998,-0.82019997,0.110599995,-2.0521998
156295780198368,-0.83129996,0.4525,-2.2974,-0.83129996,0.4525,-2.2974
156295790517639,-1.099,0.6601,-2.4861999,-1.099,0.6601,-2.4861999
156295800142118,-0.9274,0.46879998,-2.3678,-0.9274,0.46879998,-2.3678
156295810191598,-0.9562,0.426,-2.8009,-0.9562,0.426,-2.8009
156295820141598,-1.0359,0.3858,-2.6739,-1.0359,0.3858,-2.6739
156295830198889,-1.4333,0.55009997,-2.9039,-1.4333,0.55009997,-2.9039
156295840219202,-1.2116,0.4355,-2.9368,-1.2116,0.4355,-2.9368
156295850183785,-1.1189,0.56,-3.3476999,-1.1189,0.56,-3.3476999
156295860169202,-1.3255,0.6667,-3.1901,-1.3255,0.6667,-3.1901
156295870192118,-1.6358999,0.80039996,-3.4417,-1.6358999,0.80039996,-3.4417
156295880165035,-1.5281,0.6074,-3.5242,-1.5281,0.6074,-3.5242
156295890232223,-1.6484,0.6644,-3.7805,-1.6484,0.6644,-3.7805
156295900170243,-1.7221999,0.6666,-3.4952,-1.7221999,0.6666,-3.4952
156295910798368,-1.7328999,0.7933,-3.7939,-1.7328999,0.7933,-3.7939
156295920147327,-1.4671999,0.70419997,-3.7563999,-1.4671999,0.70419997,-3.7563999
156295930236389,-1.6545,0.8096,-3.8885999,-1.6545,0.8096,-3.8885999
156295940196806,-1.6006999,0.79819995,-3.7178998,-1.6006999,0.79819995,-3.7178998
156295950202014,-1.4409,0.91359997,-4.06,-1.4409,0.91359997,-4.06
156295960147848,-1.3488,0.9192,-3.9717999,-1.3488,0.9192,-3.9717999
156295970183264,-1.7256,1.0938,-4.2991,-1.7256,1.0938,-4.2991
156295980195764,-1.7445999,0.9561,-4.4227,-1.7445999,0.9561,-4.4227
156295990253577,-1.6398,1.0468,-4.5796,-1.6398,1.0468,-4.5796
156296000197327,-1.7875999,1.0977,-4.4003997,-1.7875999,1.0977,-4.4003997
156296010220243,-2.0256999,1.3235999,-4.66,-2.0256999,1.3235999,-4.66
156296020155660,-1.8032,1.3965,-4.4519,-1.8032,1.3965,-4.4519
156296030518160,-2.2266,1.4474,-4.5832,-2.2266,1.4474,-4.5832
156296040185868,-2.0049,1.4724,-4.383,-2.0049,1.4724,-4.383
156296050191077,-2.2326999,2.2305999,-4.4730997,-2.2326999,2.2305999,-4.4730997
156296060161389,-2.7036,2.5358999,-4.2256,-2.7036,2.5358999,-4.2256
156296070188993,-3.0117998,2.31,-3.5342,-3.0117998,2.31,-3.5342
156296080147327,-2.8704998,1.5237,-3.4457,-2.8704998,1.5237,-3.4457
156296090227014,-2.8435,0.50589997,-5.4484,-2.8435,0.50589997,-5.4484
156296100148368,-2.2096,-0.1919,-6.1347,-2.2096,-0.1919,-6.1347
156296110473368,-1.887,0.3757,-5.3226,-1.887,0.3757,-5.3226
156296120179098,-1.7785,1.1948,-4.4878,-1.7785,1.1948,-4.4878
156296130182743,-2.1069,1.5138999,-4.5267997,-2.1069,1.5138999,-4.5267997
156296140190556,-2.497,0.7845,-5.5476,-2.497,0.7845,-5.5476
156296150532223,-2.7024,0.3223,-6.4549,-2.7024,0.3223,-6.4549
156296160151493,-2.1234999,0.3709,-6.5801,-2.1234999,0.3709,-6.5801
156296170255139,-1.4533,0.81549996,-7.3724,-1.4533,0.81549996,-7.3724
156296180165035,-1.4988999,0.85069996,-7.8141,-1.4988999,0.85069996,-7.8141
156296190195243,-2.4445,0.9386,-7.5761,-2.4445,0.9386,-7.5761
156296200154618,-3.4382,0.70409995,-6.687,-3.4382,0.70409995,-6.687
156296210366598,-4.2953997,0.68729997,-6.4721,-4.2953997,0.68729997,-6.4721
156296220476493,-4.1938,0.7133,-6.427,-4.1938,0.7133,-6.427
156296230200973,-3.7134,1.0167,-6.4467998,-3.7134,1.0167,-6.4467998
156296240133785,-2.4610999,0.37989998,-6.1229,-2.4610999,0.37989998,-6.1229
156296250196806,-1.7314999,-0.8707,-6.5176,-1.7314999,-0.8707,-6.5176
156296260187431,-1.7979,-2.0463998,-5.5021996,-1.7979,-2.0463998,-5.5021996
156296270801493,-2.3076,-2.0314,-3.8895998,-2.3076,-2.0314,-3.8895998
156296280184827,-1.8104,-0.7643,-1.7687,-1.8104,-0.7643,-1.7687
156296290187431,0.3182,0.9378,6.2478,0.3182,0.9378,6.2478
156296300153056,-0.7998,-1.8484,2.3464,-0.7998,-1.8484,2.3464
156296310534827,-0.96199995,-2.5049999,-2.2514,-0.96199995,-2.5049999,-2.2514
156296320170764,-1.5037,0.19409999,-7.5292997,-1.5037,0.19409999,-7.5292997
156296330188993,-0.52309996,3.6243,-10.068,-0.52309996,3.6243,-10.068
156296340152535,0.78429997,5.4372,-6.1493998,0.78429997,5.4372,-6.1493998
156296350233785,-1.0045,3.941,-2.7138999,-1.0045,3.941,-2.7138999
156296360169723,-2.2646,0.052199997,-2.7942,-2.2646,0.052199997,-2.7942
156296370179618,-0.7696,-2.2568998,-4.0071,-0.7696,-2.2568998,-4.0071
156296380163993,0.84419996,-1.3895999,-5.2443,0.84419996,-1.3895999,-5.2443
156296390486910,0.0552,1.0037999,-5.8069997,0.0552,1.0037999,-5.8069997
156296400166598,-1.5358,2.7445,-5.3020997,-1.5358,2.7445,-5.3020997
156296410185348,-2.7642,3.8734,-4.4509,-2.7642,3.8734,-4.4509
156296420183264,-3.1757,3.9612,-3.0598998,-3.1757,3.9612,-3.0598998
156296430203056,-3.2728,2.9922,-2.4657,-3.2728,2.9922,-2.4657
156296440132223,-3.0428998,1.2483,-2.8072,-3.0428998,1.2483,-2.8072
156296450195764,-3.021,-0.1011,-3.9536998,-3.021,-0.1011,-3.9536998
156296460203056,-2.7814999,-0.5767,-4.5063,-2.7814999,-0.5767,-4.5063
156296470185868,-2.697,0.015299999,-4.7692,-2.697,0.015299999,-4.7692
156296480182743,-2.2702,0.7432,-4.7114,-2.2702,0.7432,-4.7114
156296490209827,-1.9066999,1.1019,-5.2226996,-1.9066999,1.1019,-5.2226996
156296500142639,-1.5481,0.79139996,-5.3322997,-1.5481,0.79139996,-5.3322997
156296510805139,-1.4036,0.4951,-5.4747996,-1.4036,0.4951,-5.4747996
156296520147848,-1.3886,0.3538,-5.3624997,-1.3886,0.3538,-5.3624997
156296530172848,-1.7243999,0.5826,-5.574,-1.7243999,0.5826,-5.574
156296540223889,-2.3713999,0.8128,-5.1780996,-2.3713999,0.8128,-5.1780996
156296550179098,-2.4099,0.7928,-5.4571,-2.4099,0.7928,-5.4571
156296560193681,-2.1121,0.6599,-5.4495,-2.1121,0.6599,-5.4495
156296570196285,-2.0823,0.7477,-5.6098,-2.0823,0.7477,-5.6098
156296580159306,-2.0149999,0.70519996,-5.4392,-2.0149999,0.70519996,-5.4392
156296590196285,-2.1671,0.7782,-5.5780997,-2.1671,0.7782,-5.5780997
156296600171806,-2.2015,0.6787,-5.3375998,-2.2015,0.6787,-5.3375998
156296610182743,-2.2215,0.6343,-5.4598,-2.2215,0.6343,-5.4598
156296620173889,-1.9781,0.5275,-5.3111997,-1.9781,0.5275,-5.3111997
156296630547327,-1.9439,0.6537,-5.3325996,-1.9439,0.6537,-5.3325996
156296640172847,-1.9629999,0.68689996,-5.105,-1.9629999,0.68689996,-5.105
156296650196806,-2.1966999,0.8161,-5.1073,-2.1966999,0.8161,-5.1073
156296660160347,-2.3364,0.7506,-4.9291,-2.3364,0.7506,-4.9291
156296670190556,-2.4721,0.7346,-5.0716,-2.4721,0.7346,-5.0716
156296680186389,-2.3188999,0.5804,-4.9323997,-2.3188999,0.5804,-4.9323997
156296690197327,-2.316,0.6173,-5.0288997,-2.316,0.6173,-5.0288997
156296700190556,-2.2849998,0.56189996,-4.8409,-2.2849998,0.56189996,-4.8409
156296718645243,-2.435,0.66999996,-4.8406,-2.435,0.66999996,-4.8406
156296721023368,-2.3555999,0.675,-4.6091,-2.3555999,0.675,-4.6091
156296730216077,-2.2005,0.80329996,-4.6977,-2.2005,0.80329996,-4.6977
156296740167639,-1.8809999,0.7499,-4.4793,-1.8809999,0.7499,-4.4793
156296750502014,-1.7857,0.7732,-4.7002,-1.7857,0.7732,-4.7002
156296760155660,-1.6688,0.64809996,-4.7367,-1.6688,0.64809996,-4.7367
156296770241597,-1.8032999,0.7021,-4.9423,-1.8032999,0.7021,-4.9423
156296780182222,-1.9849,0.7012,-4.7258997,-1.9849,0.7012,-4.7258997
156296790191077,-2.1059,0.8031,-4.6451,-2.1059,0.8031,-4.6451
156296800176493,-2.0404,0.70379996,-4.5771,-2.0404,0.70379996,-4.5771
156296810176493,-2.0651,0.7851,-4.9427,-2.0651,0.7851,-4.9427
156296820168160,-1.9569,0.76019996,-4.9793997,-1.9569,0.76019996,-4.9793997
156296830200452,-2.0437999,0.87399995,-5.1061997,-2.0437999,0.87399995,-5.1061997
156296840181702,-2.0478,0.80969995,-4.9400997,-2.0478,0.80969995,-4.9400997
156296850196806,-2.0772,0.829,-5.0842,-2.0772,0.829,-5.0842
156296860129097,-1.9654,0.77459997,-4.986,-1.9654,0.77459997,-4.986
156296870510347,-2.0344,0.87369996,-5.1426997,-2.0344,0.87369996,-5.1426997
156296880179618,-2.0188,0.8086,-5.0638,-2.0188,0.8086,-5.0638
156296890185868,-2.0822,0.87189996,-5.2804,-2.0822,0.87189996,-5.2804
156296900165035,-2.0367,0.7865,-5.1615996,-2.0367,0.7865,-5.1615996
156296910552535,-2.1209,0.8092,-5.2362,-2.1209,0.8092,-5.2362
156296920177014,-2.092,0.7353,-4.9572997,-2.092,0.7353,-4.9572997
156296930252014,-2.0737,0.83599997,-4.9832997,-2.0737,0.83599997,-4.9832997
156296940165035,-1.9596,0.7933,-4.8352,-1.9596,0.7933,-4.8352
156296950201493,-1.9650999,0.97499996,-4.9814,-1.9650999,0.97499996,-4.9814
156296960163472,-1.8810999,1.0023999,-4.6903,-1.8810999,1.0023999,-4.6903
156296970218681,-2.0073,1.0228,-4.6032,-2.0073,1.0228,-4.6032
156296980191077,-1.9997,1.0431,-4.2674,-1.9997,1.0431,-4.2674
156296990515556,-2.0913,1.1991999,-4.2762,-2.0913,1.1991999,-4.2762
156297000161910,-2.0864,1.3912,-3.7707,-2.0864,1.3912,-3.7707
156297010171806,-2.2303,1.3956,-3.6655,-2.2303,1.3956,-3.6655
156297020185347,-2.069,0.6393,-4.1232,-2.069,0.6393,-4.1232
156297030172327,-1.8549,0.1951,-4.6946,-1.8549,0.1951,-4.6946
156297040147327,-1.6113,0.080699995,-4.6152,-1.6113,0.080699995,-4.6152
156297050229618,-1.747,0.98969996,-4.896,-1.747,0.98969996,-4.896
156297060170764,-1.8325,1.0547,-5.1217,-1.8325,1.0547,-5.1217
156297070203056,-2.0751998,1.1312,-5.0702,-2.0751998,1.1312,-5.0702
156297080167639,-2.0939,0.7933,-4.836,-2.0939,0.7933,-4.836
156297090197327,-2.0774999,0.7424,-4.8468,-2.0774999,0.7424,-4.8468
156297100173368,-1.9999,0.54859996,-5.0443,-1.9999,0.54859996,-5.0443
156297110805139,-1.9902999,0.66639996,-5.5478,-1.9902999,0.66639996,-5.5478
156297120194202,-1.8482,0.85289997,-5.4954,-1.8482,0.85289997,-5.4954
156297130193160,-1.9431,1.0565,-5.5727997,-1.9431,1.0565,-5.5727997
156297140159306,-1.9520999,0.9106,-5.4653997,-1.9520999,0.9106,-5.4653997
156297150213993,-2.0727,0.8659,-5.4507,-2.0727,0.8659,-5.4507
156297160170243,-2.1044,0.792,-5.1085,-2.1044,0.792,-5.1085
156297170188993,-2.1059,0.88689995,-5.0615,-2.1059,0.88689995,-5.0615
156297180151493,-1.8714,0.7277,-4.9761,-1.8714,0.7277,-4.9761
156297190236910,-1.8550999,0.8204,-5.3255,-1.8550999,0.8204,-5.3255
156297203606702,-1.842,0.7775,-5.2325,-1.842,0.7775,-5.2325
156297212246285,-2.0595999,0.8268,-5.2974,-2.0595999,0.8268,-5.2974
156297220198368,-2.0556,0.7963,-4.9221997,-2.0556,0.7963,-4.9221997
156297230518160,-1.9354,0.86109996,-5.1268997,-1.9354,0.86109996,-5.1268997
156297240211389,-1.719,0.72459996,-4.9344997,-1.719,0.72459996,-4.9344997
156297250257743,-1.8125999,0.7583,-5.3231997,-1.8125999,0.7583,-5.3231997
156297260192118,-1.7831999,0.7556,-5.4444,-1.7831999,0.7556,-5.4444
156297270205660,-2.0867999,0.88009995,-5.3531,-2.0867999,0.88009995,-5.3531
156297280176493,-2.1674,0.7326,-4.9993,-2.1674,0.7326,-4.9993
156297290208785,-2.1455,0.6694,-5.2688,-2.1455,0.6694,-5.2688
156297300208785,-1.8794999,0.6798,-5.1429996,-1.8794999,0.6798,-5.1429996
156297310473368,-2.0224,0.7629,-5.2552,-2.0224,0.7629,-5.2552
156297320167639,-2.0809999,0.73429996,-4.9679,-2.0809999,0.73429996,-4.9679
156297330228577,-2.0405,0.8684,-4.917,-2.0405,0.8684,-4.917
156297340160347,-1.5848999,0.95309997,-4.7616,-1.5848999,0.95309997,-4.7616
156297350528056,-1.2415,1.2105,-5.1017,-1.2415,1.2105,-5.1017
156297360182222,-1.015,0.9041,-5.2978,-1.015,0.9041,-5.2978
156297370187952,-1.4195,0.81369996,-5.0808997,-1.4195,0.81369996,-5.0808997
156297380179618,-1.7481999,0.6753,-4.7314,-1.7481999,0.6753,-4.7314
156297390227014,-1.8118999,0.6908,-4.8368998,-1.8118999,0.6908,-4.8368998
156297400215556,-1.7629,0.5607,-4.6933,-1.7629,0.5607,-4.6933
156297410205660,-2.0935,0.6799,-4.8556,-2.0935,0.6799,-4.8556
156297420184306,-1.8492,0.7331,-4.8017,-1.8492,0.7331,-4.8017
156297430202014,-1.3801,0.79399997,-5.1983,-1.3801,0.79399997,-5.1983
156297440185868,-1.1625,0.6318,-5.2562,-1.1625,0.6318,-5.2562
156297450174410,-1.6423999,0.6426,-5.2794,-1.6423999,0.6426,-5.2794
156297460168681,-2.0548,0.6532,-4.8591,-2.0548,0.6532,-4.8591
156297470558264,-2.1588,0.7603,-4.7002,-2.1588,0.7603,-4.7002
156297480154618,-1.8671,0.714,-4.5573997,-1.8671,0.714,-4.5573997
156297490190556,-1.6685,0.75,-4.9414997,-1.6685,0.75,-4.9414997
156297500186389,-1.4204,0.6918,-4.9637,-1.4204,0.6918,-4.9637
156297510488993,-1.3064,0.7687,-5.1335998,-1.3064,0.7687,-5.1335998
156297520172847,-1.2599,0.7698,-4.9916,-1.2599,0.7698,-4.9916
156297530214514,-1.4289,0.8074,-5.091,-1.4289,0.8074,-5.091
156297540200452,-1.6194999,0.75839996,-4.8968997,-1.6194999,0.75839996,-4.8968997
156297550192118,-2.1083,0.9127,-4.9679,-2.1083,0.9127,-4.9679
156297560196285,-2.1001,0.6954,-5.0701,-2.1001,0.6954,-5.0701
156297570211389,-2.1547,0.6975,-5.1693,-2.1547,0.6975,-5.1693
156297580205660,-1.9985,0.6985,-4.8602,-1.9985,0.6985,-4.8602
156297590549410,-1.9063,0.7795,-5.0492997,-1.9063,0.7795,-5.0492997
156297600153577,-1.8241999,0.5649,-4.9522,-1.8241999,0.5649,-4.9522
156297610252014,-2.0498,0.5347,-4.8269,-2.0498,0.5347,-4.8269
156297620172847,-2.1311,0.4901,-4.2651,-2.1311,0.4901,-4.2651
156297630190035,-2.2072,0.53709996,-4.099,-2.2072,0.53709996,-4.099
156297640174931,-2.1957,0.5141,-3.7503,-2.1957,0.5141,-3.7503
156297650183264,-2.1160998,0.4276,-3.5193,-2.1160998,0.4276,-3.5193
156297660182222,-1.8254,0.155,-2.8908,-1.8254,0.155,-2.8908
156297670220764,-1.673,-0.0578,-2.5755,-1.673,-0.0578,-2.5755
156297680175452,-1.673,-0.2306,-2.0346,-1.673,-0.2306,-2.0346
156297690213472,-1.8734,-0.2399,-1.2802,-1.8734,-0.2399,-1.2802
156297700177014,-1.8066,-0.2676,-0.2728,-1.8066,-0.2676,-0.2728
156297718293681,-1.6133,-0.3969,0.3267,-1.6133,-0.3969,0.3267
156297721257222,-1.1941999,-0.55759996,0.5474,-1.1941999,-0.55759996,0.5474
156297730498889,-0.88159996,-0.2844,0.1982,-0.88159996,-0.2844,0.1982
156297740176493,-0.857,0.6196,-0.4924,-0.857,0.6196,-0.4924
156297750223889,-1.4067999,2.9169,-1.602,-1.4067999,2.9169,-1.602
156297760164514,-2.5542998,6.1917996,-2.7581,-2.5542998,6.1917996,-2.7581
156297770501493,-3.6004,9.0743,-3.7314,-3.6004,9.0743,-3.7314
156297780176493,-4.2197,10.433599,-4.0917,-4.2197,10.433599,-4.0917
156297790186389,-5.1401997,12.4684,-1.3632,-5.1401997,12.4684,-1.3632
156297800158785,-5.6496997,12.809899,1.6410999,-5.6496997,12.809899,1.6410999
156297810461910,-4.4228997,6.7177997,0.2374,-4.4228997,6.7177997,0.2374
156297820223889,-2.9677,4.1396,-2.8615,-2.9677,4.1396,-2.8615
156297830524931,-0.66819996,1.3675,-4.1773,-0.66819996,1.3675,-4.1773
156297840180139,0.051099997,-0.20269999,-5.631,0.051099997,-0.20269999,-5.631
156297850482743,-0.3933,0.19399999,-8.1294,-0.3933,0.19399999,-8.1294
156297860177014,1.2358,3.7501,-5.0594997,1.2358,3.7501,-5.0594997
156297870224931,1.9106,4.6289,-1.2866,1.9106,4.6289,-1.2866
156297880159826,-1.4259,2.0288,1.3593999,-1.4259,2.0288,1.3593999
156297890492118,-4.0408,-1.671,1.5917,-4.0408,-1.671,1.5917
156297900206701,-3.2275999,-4.0568,2.454,-3.2275999,-4.0568,2.454
156297910519722,-2.9998,-3.9148,1.6452,-2.9998,-3.9148,1.6452
156297920171285,-3.4178,-3.0228999,-0.1524,-3.4178,-3.0228999,-0.1524
156297930212951,-2.6217,-3.3198,-0.38639998,-2.6217,-3.3198,-0.38639998
156297940165556,-1.7382,-4.6396,-1.0919,-1.7382,-4.6396,-1.0919
156297950531701,-1.8718,-5.1769,-2.2191,-1.8718,-5.1769,-2.2191
156297960175972,-1.5783,-4.9153,-2.691,-1.5783,-4.9153,-2.691
156297970190035,-1.3477,-4.3862,-3.5482,-1.3477,-4.3862,-3.5482
156297980199931,-0.67149997,-4.5036,-4.099,-0.67149997,-4.5036,-4.099
156297990494722,-0.040799998,-5.0666,-5.9217,-0.040799998,-5.0666,-5.9217
156298000199410,0.5518,-5.1672,-7.4739,0.5518,-5.1672,-7.4739
156298010222847,0.48389998,-5.7173,-13.433,0.48389998,-5.7173,-13.433
156298020434826,1.8580999,-5.4519997,-15.671499,1.8580999,-5.4519997,-15.671499
156298030221806,2.3269,-5.5190997,-20.3948,2.3269,-5.5190997,-20.3948
156298040200972,0.13,-4.9442997,-13.9508,0.13,-4.9442997,-13.9508
156298050178056,-4.0193,-5.2092,-12.0499,-4.0193,-5.2092,-12.0499
156298060440556,-3.6631,-4.7007,-12.536699,-3.6631,-4.7007,-12.536699
156298070489514,-0.0339,-4.1191998,-10.5471,-0.0339,-4.1191998,-10.5471
156298080171285,0.8092,-4.5594,-13.2086,0.8092,-4.5594,-13.2086
156298090230660,1.3995,-6.5178,-17.395899,1.3995,-6.5178,-17.395899
156298100193681,2.2433,-5.4398,-10.603,2.2433,-5.4398,-10.603
156298110766076,-3.8211,-5.5494,-13.513599,-3.8211,-5.5494,-13.513599
156298120185347,-7.9488997,-8.1119995,-22.0215,-7.9488997,-8.1119995,-22.0215
156298130200972,-8.646299,-5.6912,-20.9039,-8.646299,-5.6912,-20.9039
156298140217639,-10.354,2.6444,-11.3459,-10.354,2.6444,-11.3459
156298150211910,-10.222799,7.2893996,1.0368999,-10.222799,7.2893996,1.0368999
156298160150451,-6.5885,0.16239999,4.1165,-6.5885,0.16239999,4.1165
156298170219722,-2.1731,-7.6633997,-6.8203998,-2.1731,-7.6633997,-6.8203998
156298180185868,0.89049995,-5.4936,-9.6771,0.89049995,-5.4936,-9.6771
156298190548889,2.2546,5.219,-4.8011,2.2546,5.219,-4.8011
156298200425972,1.1615,11.91,-1.6179,1.1615,11.91,-1.6179
156298210224410,1.8507999,13.1643,-0.086799994,1.8507999,13.1643,-0.086799994
156298220159306,1.4423,7.5934997,-5.2563996,1.4423,7.5934997,-5.2563996
156298230195243,-2.6736,0.48929998,-10.7246,-2.6736,0.48929998,-10.7246
156298240227014,-5.8462996,-3.4819999,-10.5039,-5.8462996,-3.4819999,-10.5039
156298250191597,-4.8726,-1.8925999,-6.8238997,-4.8726,-1.8925999,-6.8238997
156298260436910,-2.4585,2.1248999,-5.1856,-2.4585,2.1248999,-5.1856
156298270187431,-1.2522,4.4939,-7.7464,-1.2522,4.4939,-7.7464
156298280175451,0.57839996,4.5532,-8.5801,0.57839996,4.5532,-8.5801
156298290224931,2.0132,3.3135,-9.005199,2.0132,3.3135,-9.005199
156298300161389,1.5524,3.0542,-8.7575,1.5524,3.0542,-8.7575
156298310815035,-1.5573,6.3959,-6.0778,-1.5573,6.3959,-6.0778
156298320191076,-3.2106,7.2888,-4.5375,-3.2106,7.2888,-4.5375
156298330186910,-4.8808,7.5992,-2.8739998,-4.8808,7.5992,-2.8739998
156298340196806,-5.8212,7.4017997,-0.70919997,-5.8212,7.4017997,-0.70919997
156298350211910,-5.3845,6.2167997,0.73139995,-5.3845,6.2167997,0.73139995
156298360170243,-3.1783998,4.3118,1.6080999,-3.1783998,4.3118,1.6080999
156298370204097,-1.0731,2.8342,1.9929999,-1.0731,2.8342,1.9929999
156298380186910,0.3145,1.5942999,2.1520998,0.3145,1.5942999,2.1520998
156298390204618,1.0013,0.39409998,2.4998999,1.0013,0.39409998,2.4998999
156298400184826,0.97959995,-0.6332,3.4513998,0.97959995,-0.6332,3.4513998
156298410211389,0.6592,-1.3998,5.0734997,0.6592,-1.3998,5.0734997
156298420170243,0.6816,-2.2756,5.0985,0.6816,-2.2756,5.0985
156298430529097,1.2076,-2.0191,4.0573,1.2076,-2.0191,4.0573
156298440155660,1.2521,-1.6825,2.8072999,1.2521,-1.6825,2.8072999
156298450237951,1.1639999,-2.4605,-0.2443,1.1639999,-2.4605,-0.2443
156298460531181,1.402,-2.2498,-0.6796,1.402,-2.2498,-0.6796
156298470217639,0.8329,-2.1533,-1.8025,0.8329,-2.1533,-1.8025
156298480184306,0.089499995,-0.99759996,-1.1169,0.089499995,-0.99759996,-1.1169
156298490196285,0.0955,0.37809998,-1.3045,0.0955,0.37809998,-1.3045
156298500506701,-0.0126,1.8892,-1.4196999,-0.0126,1.8892,-1.4196999
156298510528576,-1.6724,3.4659,-1.9570999,-1.6724,3.4659,-1.9570999
156298520205660,-2.8472,4.4428997,-1.8456999,-2.8472,4.4428997,-1.8456999
156298530206181,-2.5588999,4.8647,-0.60179996,-2.5588999,4.8647,-0.60179996
156298540166597,-2.6624,5.5877,2.0541,-2.6624,5.5877,2.0541
156298550792639,-3.3286,5.266,1.6609,-3.3286,5.266,1.6609
156298560196806,-2.1776,3.1125998,0.48009998,-2.1776,3.1125998,0.48009998
156298570207222,-1.0011,0.8642,0.4398,-1.0011,0.8642,0.4398
156298580162431,-1.191,1.1997,0.5281,-1.191,1.1997,0.5281
156298590223368,-0.8717,1.2128,-0.7,-0.8717,1.2128,-0.7
156298600187951,-0.43969998,0.72679996,-1.7544,-0.43969998,0.72679996,-1.7544
156298610215035,-0.89059997,0.1369,-2.6259,-0.89059997,0.1369,-2.6259
156298620155139,-1.9957999,-0.8829,-2.9394999,-1.9957999,-0.8829,-2.9394999
156298630214514,-2.9789999,-2.6643999,-3.0639,-2.9789999,-2.6643999,-3.0639
156298640452535,-4.1292,-4.4221,-3.6108,-4.1292,-4.4221,-3.6108
156298650211389,-5.1702,-5.9616,-4.4986,-5.1702,-5.9616,-4.4986
156298660223889,-5.2448997,-7.1474,-6.4191,-5.2448997,-7.1474,-6.4191
156298670758785,-5.2897,-7.2409,-6.131,-5.2897,-7.2409,-6.131
156298680165556,-5.6126,-7.2946997,-6.9842,-5.6126,-7.2946997,-6.9842
156298690445764,-6.2969,-9.5685,-17.382,-6.2969,-9.5685,-17.382
156298700176493,-5.198,-9.8139,-23.3772,-5.198,-9.8139,-23.3772
156298718306701,-4.9793997,-7.4323997,-19.510199,-4.9793997,-7.4323997,-19.510199
156298720970243,-7.5695,-5.2018,-7.0603,-7.5695,-5.2018,-7.0603
156298730228576,-6.7846,-6.3542,-5.1524,-6.7846,-6.3542,-5.1524
156298740449410,-4.4624,-7.3703,-8.6208,-4.4624,-7.3703,-8.6208
156298750196806,-4.2644997,-5.4323997,-8.7464,-4.2644997,-5.4323997,-8.7464
156298760172847,-4.3655,-3.329,-7.0091996,-4.3655,-3.329,-7.0091996
156298770483785,-4.7448,-3.5309,-8.0955,-4.7448,-3.5309,-8.0955
156298780163472,-6.4546,-5.0757,-7.2825,-6.4546,-5.0757,-7.2825
156298790527014,-8.6428995,-7.2553,-10.3623,-8.6428995,-7.2553,-10.3623
156298800493681,-7.5726,-10.387,-27.5499,-7.5726,-10.387,-27.5499
156298810184306,-4.7283,-10.872399,-44.803497,-4.7283,-10.872399,-44.803497
156298820171285,-2.6397998,-4.9941998,-58.637997,-2.6397998,-4.9941998,-58.637997
156298830212430,25.9567,14.379399,18.8423,25.9567,14.379399,18.8423
156298840448889,5.2416,2.1678,-2.1856,5.2416,2.1678,-2.1856
156298850208264,-10.816,-1.6625999,0.59569997,-10.816,-1.6625999,0.59569997
156298860422326,-2.4956,-4.2867,3.9043999,-2.4956,-4.2867,3.9043999
156298870236910,9.4495,-1.9768,2.145,9.4495,-1.9768,2.145
156298880173368,9.033899,0.078099996,-4.8152,9.033899,0.078099996,-4.8152
156298890217639,5.4133997,2.4026,-6.2111998,5.4133997,2.4026,-6.2111998
156298900178055,1.4671999,3.7263,-11.1283,1.4671999,3.7263,-11.1283
156298910811389,-1.956,3.7561,-10.559199,-1.956,3.7561,-10.559199
156298920443680,-6.0185,4.5785,-6.022,-6.0185,4.5785,-6.022
156298930202014,-8.5981,8.1268,-1.7347,-8.5981,8.1268,-1.7347
156298940215555,-8.511499,11.3277,-0.9985,-8.511499,11.3277,-0.9985
156298950474930,-7.2148,10.597,-5.8436,-7.2148,10.597,-5.8436
156298960162430,-4.6962,8.8335,-7.5649,-4.6962,8.8335,-7.5649
156298970233264,-3.5103998,8.968599,-4.6142,-3.5103998,8.968599,-4.6142
156298980193680,-3.7096999,10.281799,-1.0638,-3.7096999,10.281799,-1.0638
156298990213472,-3.8579,11.953799,1.7845,-3.8579,11.953799,1.7845
156299000163472,-3.6727,13.0723,4.0941,-3.6727,13.0723,4.0941
156299010232222,-3.8337998,13.4815,6.6517997,-3.8337998,13.4815,6.6517997
156299020474410,-3.5958,12.8477,9.3483,-3.5958,12.8477,9.3483
156299030530660,-3.3086,10.5534,9.7677,-3.3086,10.5534,9.7677
156299040171805,-2.8529,7.3236,9.775499,-2.8529,7.3236,9.775499
156299050223889,-3.077,4.4358997,9.0812,-3.077,4.4358997,9.0812
156299060423889,-2.7145,1.2212,3.4994,-2.7145,1.2212,3.4994
156299070213993,-0.8603,-1.8249999,-2.9053,-0.8603,-1.8249999,-2.9053
156299080229097,0.62759995,-1.3878,0.6968,0.62759995,-1.3878,0.6968
156299090180660,0.6501,-0.8458,3.2057998,0.6501,-0.8458,3.2057998
156299100440035,-0.48389998,-0.3642,1.3434,-0.48389998,-0.3642,1.3434
156299110495764,0.3698,-0.45799997,-0.7888,0.3698,-0.45799997,-0.7888
156299120173368,2.9672,-0.2872,1.4240999,2.9672,-0.2872,1.4240999
156299130226493,2.9025,1.5387,8.4423,2.9025,1.5387,8.4423
156299140453055,-2.7152998,3.5925,9.5117,-2.7152998,3.5925,9.5117
156299150545243,-5.0676,4.2152,7.5691,-5.0676,4.2152,7.5691
156299160168160,-1.8982999,3.0070999,5.3643,-1.8982999,3.0070999,5.3643
156299170187430,0.167,2.0363,4.032,0.167,2.0363,4.032
156299180192118,0.3048,1.2462,3.2315,0.3048,1.2462,3.2315
156299190213472,0.1893,0.0858,1.847,0.1893,0.0858,1.847
156299200149930,0.2828,-1.4088,0.37,0.2828,-1.4088,0.37
156299210509826,0.7172,-2.4986,-0.0042,0.7172,-2.4986,-0.0042
156299220220764,0.83879995,-2.8242,-0.16309999,0.83879995,-2.8242,-0.16309999
156299230240555,0.39209998,-2.6964,-1.7241,0.39209998,-2.6964,-1.7241
156299240173368,-0.0589,-1.8887,-2.1111,-0.0589,-1.8887,-2.1111
156299250478576,-0.4888,-0.8566,-2.8766,-0.4888,-0.8566,-2.8766
156299260193160,-1.0996,0.022799999,-3.8219,-1.0996,0.022799999,-3.8219
156299270881180,-1.9037,0.66889995,-4.6679997,-1.9037,0.66889995,-4.6679997
156299280197326,-2.6404998,0.89379996,-6.1433997,-2.6404998,0.89379996,-6.1433997
156299290516597,-3.1647,0.8042,-8.364699,-3.1647,0.8042,-8.364699
156299300196805,-3.1344,0.6077,-9.9528,-3.1344,0.6077,-9.9528
156299310745764,-3.0734,0.5686,-11.313399,-3.0734,0.5686,-11.313399
156299320175972,-2.9968,0.4956,-13.2596,-2.9968,0.4956,-13.2596
156299330458785,-1.8889999,0.080299996,-15.9281,-1.8889999,0.080299996,-15.9281
156299340154097,-1.6518999,0.13769999,-18.227,-1.6518999,0.13769999,-18.227
156299350481180,-1.2968,0.8889,-20.208399,-1.2968,0.8889,-20.208399
156299360224930,-1.1724,1.6881,-23.5271,-1.1724,1.6881,-23.5271
156299370492118,-2.0289,2.0033998,-21.9525,-2.0289,2.0033998,-21.9525
156299380168160,-3.6088998,0.47959998,-29.150599,-3.6088998,0.47959998,-29.150599
156299390806701,-4.5903,0.6387,-30.930399,-4.5903,0.6387,-30.930399
156299400175972,-5.7878,-1.0709,-29.824,-5.7878,-1.0709,-29.824
156299410185347,-9.2126,-3.678,-22.5197,-9.2126,-3.678,-22.5197
156299420190555,-12.7792,-5.9635,-23.906,-12.7792,-5.9635,-23.906
156299430218680,-14.1275,-9.5739,-25.479898,-14.1275,-9.5739,-25.479898
156299440190555,-10.7368,-11.2956,-26.872,-10.7368,-11.2956,-26.872
156299450220764,-6.6117,-8.091499,-18.322899,-6.6117,-8.091499,-18.322899
156299461375451,-4.2988,0.101799995,-2.0384,-4.2988,0.101799995,-2.0384
156299470197847,-6.6881,1.6595,-4.4828,-6.6881,1.6595,-4.4828
156299480160347,-2.1612,0.6015,-6.8157997,-2.1612,0.6015,-6.8157997
156299490210347,2.224,0.8495,-8.1229,2.224,0.8495,-8.1229
156299500508785,4.088,4.4719,-2.7319,4.088,4.4719,-2.7319
156299510782743,-0.4186,7.9837,0.3746,-0.4186,7.9837,0.3746
156299520162430,-3.9108999,7.5639,-5.1397,-3.9108999,7.5639,-5.1397
156299530191076,-4.4116,4.5302,-5.6050997,-4.4116,4.5302,-5.6050997
156299540185868,-2.8859,1.7601,-5.2451997,-2.8859,1.7601,-5.2451997
156299550224930,-0.796,4.6092,-1.5275999,-0.796,4.6092,-1.5275999
156299560438472,-1.7020999,13.529699,2.0918999,-1.7020999,13.529699,2.0918999
156299570218160,-8.0627,17.611399,-5.1333,-8.0627,17.611399,-5.1333
156299580168160,-15.2413,0.8768,-8.3382,-15.2413,0.8768,-8.3382
156299590205660,-6.6661997,-4.5585,-3.7752,-6.6661997,-4.5585,-3.7752
156299600205139,0.7621,-5.054,-3.2272,0.7621,-5.054,-3.2272
156299610210347,2.6246,-1.9294,-8.173699,2.6246,-1.9294,-8.173699
156299620157222,2.0198,2.0548,-10.9683,2.0198,2.0548,-10.9683
156299630501493,1.3697,3.6002,-8.9657,1.3697,3.6002,-8.9657
156299640211389,-0.3506,2.3846,-5.3272,-0.3506,2.3846,-5.3272
156299650244201,-2.7888,0.3673,-3.5695999,-2.7888,0.3673,-3.5695999
156299660183264,-3.2912,-1.0665,-2.5598,-3.2912,-1.0665,-2.5598
156299670226493,-2.3346999,-0.7813,-1.8860999,-2.3346999,-0.7813,-1.8860999
156299680179097,-1.1531,0.0296,-1.5231999,-1.1531,0.0296,-1.5231999
156299690207743,-0.546,0.22479999,-1.6225,-0.546,0.22479999,-1.6225
156299700193680,-0.6674,-0.3245,-1.2516999,-0.6674,-0.3245,-1.2516999
156299717943680,-1.5094999,-0.78849995,-0.76659995,-1.5094999,-0.78849995,-0.76659995
156299720961389,-2.5323,-1.0249,-0.95299995,-2.5323,-1.0249,-0.95299995
156299730206180,-4.0238,-0.8937,-1.5817,-4.0238,-0.8937,-1.5817
156299740169722,-4.995,-0.41849998,-0.5907,-4.995,-0.41849998,-0.5907
156299750530660,-3.773,0.31419998,1.3122,-3.773,0.31419998,1.3122
156299760159826,-0.7915,-0.0132,1.4469999,-0.7915,-0.0132,1.4469999
156299770192118,0.74219996,-1.2087,-0.1709,0.74219996,-1.2087,-0.1709
156299780471805,0.76159996,-1.7127999,-1.3626,0.76159996,-1.7127999,-1.3626
156299790195764,0.2074,-0.9048,-1.3454,0.2074,-0.9048,-1.3454
156299800157222,-0.35459998,0.7606,-0.78929996,-0.35459998,0.7606,-0.78929996
156299810230139,-1.1054,3.4334,-0.562,-1.1054,3.4334,-0.562
156299820180139,-2.2449,5.7086997,-1.4980999,-2.2449,5.7086997,-1.4980999
156299830216076,-3.3146,10.830299,-1.4664999,-3.3146,10.830299,-1.4664999
156299840188993,-2.5651999,13.9684,1.1172,-2.5651999,13.9684,1.1172
156299850216597,-2.2107,11.285399,-0.66069996,-2.2107,11.285399,-0.66069996
156299860193160,-0.36159998,4.6173,-3.1348999,-0.36159998,4.6173,-3.1348999
156299870830139,-0.96739995,0.80979997,-7.4477997,-0.96739995,0.80979997,-7.4477997
156299880243680,-2.7043998,0.9878,-6.3273,-2.7043998,0.9878,-6.3273
156299890217639,-3.6151,0.74469995,-5.4498,-3.6151,0.74469995,-5.4498
156299900186910,-4.308,-0.13329999,-3.4905,-4.308,-0.13329999,-3.4905
156299910524930,-4.8469996,-1.0128,-0.622,-4.8469996,-1.0128,-0.622
156299920495764,-3.5656,-2.0593,3.9146998,-3.5656,-2.0593,3.9146998
156299930212951,-0.9428,-3.0335999,5.5130997,-0.9428,-3.0335999,5.5130997
156299940180659,1.9465,-4.4034,0.7545,1.9465,-4.4034,0.7545
156299950210347,2.9015,-4.4286,-0.6107,2.9015,-4.4286,-0.6107
156299960174930,-0.0142,-3.7061,-0.0664,-0.0142,-3.7061,-0.0664
156299970222847,-4.7332997,-3.4482,0.4678,-4.7332997,-3.4482,0.4678
156299980179618,-7.5502,-3.5644,1.5137999,-7.5502,-3.5644,1.5137999
156299990820243,-7.7548,-3.7688,0.8675,-7.7548,-3.7688,0.8675
156300000174930,-5.7988997,-3.6323998,-2.6044,-5.7988997,-3.6323998,-2.6044
156300010220764,-3.2656,-2.3962998,-4.6685,-3.2656,-2.3962998,-4.6685
156300020471284,-1.9279,-1.0364,-6.0607,-1.9279,-1.0364,-6.0607
156300030204097,-2.1954,0.31219998,-7.4965997,-2.1954,0.31219998,-7.4965997
156300040461909,-2.4318,1.1608,-9.0149,-2.4318,1.1608,-9.0149
156300050210347,-2.3394,1.7637,-10.8131,-2.3394,1.7637,-10.8131
156300060219201,-2.1792998,2.0161,-11.4298,-2.1792998,2.0161,-11.4298
156300070504618,-2.4289,2.03,-13.997499,-2.4289,2.03,-13.997499
156300080186389,-2.2944999,1.4117999,-21.0952,-2.2944999,1.4117999,-21.0952
156300090218680,1.2329999,-2.373,-26.931099,1.2329999,-2.373,-26.931099
156300100175451,4.5157,-4.0102,-30.3457,4.5157,-4.0102,-30.3457
156300110825451,9.651199,-1.6421,-19.1793,9.651199,-1.6421,-19.1793
156300120207222,6.4368,0.95989996,-7.3233,6.4368,0.95989996,-7.3233
156300130235347,-2.3546,0.7008,0.44149998,-2.3546,0.7008,0.44149998
156300140189514,-9.580999,1.4448,2.9101,-9.580999,1.4448,2.9101
156300150235347,-4.6851997,1.9792,2.2677,-4.6851997,1.9792,2.2677
156300160181701,-2.978,4.8869,-1.2071999,-2.978,4.8869,-1.2071999
156300170227534,-4.8478,8.529799,-5.8499,-4.8478,8.529799,-5.8499
156300180201493,-5.9697,7.9381,-7.034,-5.9697,7.9381,-7.034
156300190199930,-5.4758997,3.6081998,-5.8148,-5.4758997,3.6081998,-5.8148
156300200207743,-3.4081,-1.1079999,-4.9948997,-3.4081,-1.1079999,-4.9948997
156300210252534,-1.4311,-3.7296,-5.4073,-1.4311,-3.7296,-5.4073
156300220174409,-0.5424,-2.9359,-5.5973,-0.5424,-2.9359,-5.5973
156300230532222,-0.5243,-0.0552,-5.3443,-0.5243,-0.0552,-5.3443
156300240162951,-0.676,2.2121,-4.8949,-0.676,2.2121,-4.8949
156300250278576,-0.62009996,3.1601999,-4.7749,-0.62009996,3.1601999,-4.7749
156300260200972,-0.6572,2.6633,-4.4948997,-0.6572,2.6633,-4.4948997
156300270223889,-0.78059995,1.1707,-5.035,-0.78059995,1.1707,-5.035
156300280194722,-0.835,-0.1751,-5.21,-0.835,-0.1751,-5.21
156300290234305,-1.2599,-0.4405,-5.1183,-1.2599,-0.4405,-5.1183
156300300191076,-1.6539999,0.1498,-4.7634997,-1.6539999,0.1498,-4.7634997
156300310497847,-1.9441999,1.1144,-4.7118,-1.9441999,1.1144,-4.7118
156300320182743,-1.9102,1.3687999,-4.5298,-1.9102,1.3687999,-4.5298
156300330210347,-1.6164,0.99219996,-4.4930997,-1.6164,0.99219996,-4.4930997
156300340269722,-0.99789995,0.4488,-4.2174997,-0.99789995,0.4488,-4.2174997
156300350536909,-0.817,0.7115,-4.6082,-0.817,0.7115,-4.6082
156300360183264,-0.6419,0.8864,-4.397,-0.6419,0.8864,-4.397
156300370210868,-0.9104,1.0928,-3.9445,-0.9104,1.0928,-3.9445
156300380181180,-1.0889,0.9428,-3.3831,-1.0889,0.9428,-3.3831
156300390247847,-0.91459996,0.562,-3.2788,-0.91459996,0.562,-3.2788
156300400176493,-0.75409997,0.3274,-3.066,-0.75409997,0.3274,-3.066
156300410229097,-0.8404,0.6022,-2.8367999,-0.8404,0.6022,-2.8367999
156300420163993,-0.603,0.8095,-2.665,-0.603,0.8095,-2.665
156300430241076,-0.5098,0.8738,-3.4146,-0.5098,0.8738,-3.4146
156300440200972,-0.8491,0.7402,-3.9675,-0.8491,0.7402,-3.9675
156300450204618,-1.2054,0.5474,-4.2222,-1.2054,0.5474,-4.2222
156300460188993,-1.4886999,0.4786,-3.9799998,-1.4886999,0.4786,-3.9799998
156300470510347,-1.4025999,0.7654,-3.8016999,-1.4025999,0.7654,-3.8016999
156300480265034,-0.7808,1.0065,-3.6822999,-0.7808,1.0065,-3.6822999
156300490255139,-0.40559998,1.0661,-3.8811,-0.40559998,1.0661,-3.8811
156300500169722,-0.46179998,0.723,-3.4246,-0.46179998,0.723,-3.4246
156300510493680,-0.88439995,0.6045,-3.0923,-0.88439995,0.6045,-3.0923
156300520184826,-1.1130999,0.5582,-3.6687,-1.1130999,0.5582,-3.6687
156300530221805,-1.1305,0.5277,-4.37,-1.1305,0.5277,-4.37
156300540197326,-1.5806999,0.65419996,-4.0092,-1.5806999,0.65419996,-4.0092
156300550223368,-2.2798998,1.0857999,-3.5551,-2.2798998,1.0857999,-3.5551
156300560163472,-1.9294,1.1881,-3.3032,-1.9294,1.1881,-3.3032
156300570238472,-0.9191,0.97059995,-3.4477,-0.9191,0.97059995,-3.4477
156300580173368,-0.2201,0.6644,-3.4882,-0.2201,0.6644,-3.4882
156300590538472,0.4429,0.4831,-3.9606,0.4429,0.4831,-3.9606
156300600193159,0.0769,0.42069998,-3.7724,0.0769,0.42069998,-3.7724
156300610199409,-0.8444,0.7592,-3.9171,-0.8444,0.7592,-3.9171
156300620231180,-1.3385,0.98579997,-3.7138,-1.3385,0.98579997,-3.7138
156300630219722,-1.114,1.0006,-3.5279999,-1.114,1.0006,-3.5279999
156300640178576,-0.84309995,0.8307,-3.3514,-0.84309995,0.8307,-3.3514
156300650203576,-0.5268,0.6978,-3.7015998,-0.5268,0.6978,-3.7015998
156300660195243,-0.2519,0.6314,-4.0154,-0.2519,0.6314,-4.0154
156300670196805,-0.35119998,0.71209997,-4.2032,-0.35119998,0.71209997,-4.2032
156300680204618,-0.6471,0.7737,-3.9631,-0.6471,0.7737,-3.9631
156300690223368,-0.99579996,0.8939,-3.8305998,-0.99579996,0.8939,-3.8305998
156300700187430,-1.1425999,0.7229,-3.6325,-1.1425999,0.7229,-3.6325
156300718982743,-1.0936999,0.6829,-3.7242,-1.0936999,0.6829,-3.7242
156300720977534,-0.91599995,0.7464,-3.4227,-0.91599995,0.7464,-3.4227
156300730216076,-0.7409,0.8398,-3.4749,-0.7409,0.8398,-3.4749
156300740185347,-0.5464,0.682,-3.4157,-0.5464,0.682,-3.4157
156300750197326,-0.42069998,0.638,-3.3597999,-0.42069998,0.638,-3.3597999
156300760225451,-0.4658,0.60969996,-3.2159998,-0.4658,0.60969996,-3.2159998
156300770223889,-0.38059998,0.5634,-3.4972,-0.38059998,0.5634,-3.4972
156300780161389,-0.21849999,0.5329,-3.4821,-0.21849999,0.5329,-3.4821
156300790203055,-0.23089999,0.4468,-3.527,-0.23089999,0.4468,-3.527
156300800192639,-0.36569998,0.3997,-3.1288998,-0.36569998,0.3997,-3.1288998
156300810228576,-0.7249,0.7443,-3.3599,-0.7249,0.7443,-3.3599
156300820171805,-0.6699,0.6742,-3.3971999,-0.6699,0.6742,-3.3971999
156300830581180,-1.0655999,0.764,-3.3944,-1.0655999,0.764,-3.3944
156300840166076,-0.64779997,-0.258,-3.4187999,-0.64779997,-0.258,-3.4187999
156300850210868,0.1593,-0.9737,-3.375,0.1593,-0.9737,-3.375
156300860212430,-1.1177,1.6341,-3.1959,-1.1177,1.6341,-3.1959
156300870195243,-0.42279997,2.1756,-3.2308,-0.42279997,2.1756,-3.2308
156300880196805,-0.793,1.5617,-3.0491,-0.793,1.5617,-3.0491
156300890174930,-1.4007,0.9535,-2.9082,-1.4007,0.9535,-2.9082
156300900213993,-1.4057,0.96669996,-2.6882,-1.4057,0.96669996,-2.6882
156300910563993,-1.0403,1.3464999,-2.9206998,-1.0403,1.3464999,-2.9206998
156300920168159,-0.6398,1.1783999,-3.189,-0.6398,1.1783999,-3.189
156300930199930,-0.46019998,0.9277,-3.4217,-0.46019998,0.9277,-3.4217
156300940181180,-0.4667,0.8261,-3.3371,-0.4667,0.8261,-3.3371
156300950508264,-0.5511,0.801,-3.4043,-0.5511,0.801,-3.4043
156300960255139,-0.5844,0.6109,-3.4057,-0.5844,0.6109,-3.4057
156300970238472,-0.6218,0.5462,-3.5019,-0.6218,0.5462,-3.5019
156300980197847,-0.65459996,0.5248,-3.3105998,-0.65459996,0.5248,-3.3105998
156300990222847,-0.49719998,0.45,-3.2795,-0.49719998,0.45,-3.2795
156301000161909,-0.3831,0.44129997,-3.1719,-0.3831,0.44129997,-3.1719
156301010217638,-0.2741,0.64169997,-3.2904,-0.2741,0.64169997,-3.2904
156301020185868,-0.20699999,0.634,-3.1738,-0.20699999,0.634,-3.1738
156301030193159,-0.16579999,0.5117,-3.2468,-0.16579999,0.5117,-3.2468
156301040224930,-0.1318,0.3572,-3.1882,-0.1318,0.3572,-3.1882
156301050221284,-0.1255,0.3037,-3.2433999,-0.1255,0.3037,-3.2433999
156301060160347,-0.1357,0.2874,-3.1378,-0.1357,0.2874,-3.1378
156301070536388,-0.0458,0.3891,-3.1499,-0.0458,0.3891,-3.1499
156301080174409,-0.033,0.434,-2.9522998,-0.033,0.434,-2.9522998
156301090194201,0.029299999,0.42659998,-3.0498998,0.029299999,0.42659998,-3.0498998
156301100181180,-0.0716,0.2456,-2.9879,-0.0716,0.2456,-2.9879
156301110535868,-0.3137,0.2559,-3.0409,-0.3137,0.2559,-3.0409
156301120197847,-0.4777,0.252,-2.9217,-0.4777,0.252,-2.9217
156301130215555,-0.4781,0.4168,-2.9675,-0.4781,0.4168,-2.9675
156301140184305,-0.2102,0.5112,-2.9641,-0.2102,0.5112,-2.9641
156301150200451,-0.1257,0.6156,-3.1234999,-0.1257,0.6156,-3.1234999
156301160176493,-0.1178,0.65099996,-3.0386999,-0.1178,0.65099996,-3.0386999
156301170190034,-0.13499999,0.581,-3.0785,-0.13499999,0.581,-3.0785
156301180203055,-0.2223,0.4111,-3.0135999,-0.2223,0.4111,-3.0135999
156301190536388,-0.2296,0.30179998,-3.103,-0.2296,0.30179998,-3.103
156301200161909,-0.2586,0.3085,-3.0658,-0.2586,0.3085,-3.0658
156301210200451,-0.2181,0.41489998,-3.1752,-0.2181,0.41489998,-3.1752
156301220197326,-0.2104,0.51089996,-3.0806,-0.2104,0.51089996,-3.0806
156301230213472,-0.18069999,0.55799997,-3.0916,-0.18069999,0.55799997,-3.0916
156301240161388,-0.127,0.4698,-2.9533,-0.127,0.4698,-2.9533
156301250245763,-0.0356,0.42949998,-2.9873998,-0.0356,0.42949998,-2.9873998
156301260170763,-0.015299999,0.3618,-2.9194,-0.015299999,0.3618,-2.9194
156301270205138,-0.1329,0.28149998,-2.912,-0.1329,0.28149998,-2.912
156301280225451,-0.23429999,0.2066,-2.6755,-0.23429999,0.2066,-2.6755
156301290190555,-0.089999996,0.2823,-2.7343,-0.089999996,0.2823,-2.7343
156301300177534,0.109699994,0.34489998,-2.7224998,0.109699994,0.34489998,-2.7224998
156301310771284,0.1567,0.3714,-2.8502998,0.1567,0.3714,-2.8502998
156301320194201,0.1028,0.2573,-2.7779999,0.1028,0.2573,-2.7779999
156301330286909,0.0852,0.2058,-2.741,0.0852,0.2058,-2.741
156301340152013,0.0347,0.2701,-2.5862,0.0347,0.2701,-2.5862
156301350197847,0.2224,0.22749999,-2.6447,0.2224,0.22749999,-2.6447
156301360180138,0.1679,0.1744,-2.5586,0.1679,0.1744,-2.5586
156301370206701,0.060799997,0.2093,-2.5651999,0.060799997,0.2093,-2.5651999
156301380196284,0.0036,0.17639999,-2.5095,0.0036,0.17639999,-2.5095
156301390228576,0.052699998,0.2393,-2.5799,0.052699998,0.2393,-2.5799
156301400167638,0.1007,0.35349998,-2.5228999,0.1007,0.35349998,-2.5228999
156301410202013,0.2199,0.3771,-2.6332,0.2199,0.3771,-2.6332
156301420194201,0.1962,0.2751,-2.5928,0.1962,0.2751,-2.5928
156301430534826,0.0822,0.2893,-2.5774,0.0822,0.2893,-2.5774
156301440180659,-0.030499998,0.25759998,-2.4338999,-0.030499998,0.25759998,-2.4338999
156301450211909,-0.035,0.2128,-2.4673998,-0.035,0.2128,-2.4673998
156301460205659,0.045199998,0.2403,-2.4027998,0.045199998,0.2403,-2.4027998
156301470217638,0.1162,0.2923,-2.5695,0.1162,0.2923,-2.5695
156301480165034,0.1138,0.2704,-2.4823,0.1138,0.2704,-2.4823
156301490222326,0.0953,0.2827,-2.4615,0.0953,0.2827,-2.4615
156301500167118,0.0832,0.24219999,-2.3873,0.0832,0.24219999,-2.3873
156301510507222,0.19319999,0.1959,-2.5049999,0.19319999,0.1959,-2.5049999
156301520174930,0.2059,0.21409999,-2.4486,0.2059,0.21409999,-2.4486
156301530255138,0.2402,0.26659998,-2.5405998,0.2402,0.26659998,-2.5405998
156301540167638,0.118499994,0.16759999,-2.4552,0.118499994,0.16759999,-2.4552
156301550624409,0.1452,0.1617,-2.304,0.1452,0.1617,-2.304
156301560193680,0.1695,0.1918,-2.274,0.1695,0.1918,-2.274
156301570183263,0.27199998,0.4499,-2.4141,0.27199998,0.4499,-2.4141
156301580188993,0.3488,0.5675,-2.4096,0.3488,0.5675,-2.4096
156301590241597,0.3136,0.32439998,-2.3699,0.3136,0.32439998,-2.3699
156301600193159,0.2007,0.2091,-2.119,0.2007,0.2091,-2.119
156301610214513,0.21589999,0.2307,-2.1182,0.21589999,0.2307,-2.1182
156301620172847,0.1531,0.1451,-2.0835,0.1531,0.1451,-2.0835
156301630185868,0.1467,0.107099995,-2.1193,0.1467,0.107099995,-2.1193
156301640168159,0.13149999,0.3353,-2.064,0.13149999,0.3353,-2.064
156301650266597,0.4865,0.22809999,-2.3825,0.4865,0.22809999,-2.3825
156301660172326,0.421,0.1604,-2.2514,0.421,0.1604,-2.2514
156301670553576,0.32799998,0.2297,-2.1578999,0.32799998,0.2297,-2.1578999
