155268045521306,0.4344,0.406,0.1103,0.4344,0.406,0.1103
155268055532243,0.4156,0.40489998,0.1041,0.4156,0.40489998,0.1041
155268065511931,0.47329998,0.4082,0.1218,0.47329998,0.4082,0.1218
155268075522868,0.3883,0.0659,-0.0321,0.3883,0.0659,-0.0321
155268085502556,0.493,0.1283,-0.035099998,0.493,0.1283,-0.035099998
155268095513493,0.4109,0.0897,0.0026,0.4109,0.0897,0.0026
155268105524431,0.46519998,0.113,0.0184,0.46519998,0.113,0.0184
155268115504118,0.48749998,0.083799995,0.0335,0.48749998,0.083799995,0.0335
155268125515056,0.50159997,0.0779,0.0488,0.50159997,0.0779,0.0488
155268135527556,0.54219997,0.1952,0.0885,0.54219997,0.1952,0.0885
155268145507243,0.6046,0.2386,0.093399994,0.6046,0.2386,0.093399994
155268155518181,0.5862,0.1792,0.112399995,0.5862,0.1792,0.112399995
155268165529118,0.55009997,0.2227,0.107099995,0.55009997,0.2227,0.107099995
155268175508806,0.5298,0.105,0.1171,0.5298,0.105,0.1171
155268185524431,0.60569996,0.100099996,0.17119999,0.60569996,0.100099996,0.17119999
155268195530681,0.6615,0.1481,0.1485,0.6615,0.1481,0.1485
155268205510368,0.7346,0.122499995,0.1489,0.7346,0.122499995,0.1489
155268215521306,0.724,0.1118,0.1565,0.724,0.1118,0.1565
155268225532243,0.7971,0.18439999,0.2154,0.7971,0.18439999,0.2154
155268235511931,0.7568,0.183,0.22899999,0.7568,0.183,0.22899999
155268245522868,0.82019997,0.1381,0.2289,0.82019997,0.1381,0.2289
155268255502556,0.8172,0.14639999,0.23279999,0.8172,0.14639999,0.23279999
155268265513493,0.8903,0.1604,0.2717,0.8903,0.1604,0.2717
155268275525993,0.8573,0.1293,0.24579999,0.8573,0.1293,0.24579999
155268285505681,0.8814,0.16309999,0.206,0.8814,0.16309999,0.206
155268295516618,0.8418,0.2111,0.15519999,0.8418,0.2111,0.15519999
155268305527556,0.8955,0.2254,0.1937,0.8955,0.2254,0.1937
155268315507243,0.9027,0.1554,0.19039999,0.9027,0.1554,0.19039999
155268325518181,0.91709995,0.1503,0.1894,0.91709995,0.1503,0.1894
155268335529118,0.8875,0.14919999,0.1677,0.8875,0.14919999,0.1677
155268345508806,0.8775,0.1296,0.17819999,0.8775,0.1296,0.17819999
155268355521306,0.84669995,0.1144,0.206,0.84669995,0.1144,0.206
155268365532243,0.8465,0.14379999,0.1765,0.8465,0.14379999,0.1765
155268375511931,0.8829,0.1389,0.1193,0.8829,0.1389,0.1193
155268385522868,0.9119,0.1389,0.0896,0.9119,0.1389,0.0896
155268395502556,0.8262,0.15439999,0.0827,0.8262,0.15439999,0.0827
155268405513493,0.8172,0.1445,0.14029999,0.8172,0.1445,0.14029999
155268415524431,0.79389995,0.1112,0.1408,0.79389995,0.1112,0.1408
155268425504118,0.63809997,0.1406,0.1786,0.63809997,0.1406,0.1786
155268435515056,0.5221,0.22569999,0.2049,0.5221,0.22569999,0.2049
155268445525993,0.4134,0.33859998,0.2234,0.4134,0.33859998,0.2234
155268455507243,0.4581,0.2383,0.1732,0.4581,0.2383,0.1732
155268465516618,0.39209998,0.1282,0.1946,0.39209998,0.1282,0.1946
155268475529118,0.3717,0.17539999,0.2034,0.3717,0.17539999,0.2034
155268485508806,0.2384,0.1358,0.22649999,0.2384,0.1358,0.22649999
155268495519743,0.2163,0.1244,0.2536,0.2163,0.1244,0.2536
155268505530681,0.17009999,0.1547,0.2771,0.17009999,0.1547,0.2771
155268515510368,0.22559999,0.2022,0.2649,0.22559999,0.2022,0.2649
155268525522868,0.1758,0.1453,0.2307,0.1758,0.1453,0.2307
155268535532243,0.1936,0.065799996,0.2216,0.1936,0.065799996,0.2216
155268545511931,0.1114,0.097899996,0.2557,0.1114,0.097899996,0.2557
155268555524431,0.0858,0.12629999,0.2365,0.0858,0.12629999,0.2365
155268565504118,0.012399999,0.089999996,0.2294,0.012399999,0.089999996,0.2294
155268575515056,-0.026899999,0.1575,0.2487,-0.026899999,0.1575,0.2487
155268585525993,-0.13159999,0.23889999,0.32709998,-0.13159999,0.23889999,0.32709998
155268595505681,-0.088999994,0.19849999,0.25779998,-0.088999994,0.19849999,0.25779998
155268605516618,-0.1002,0.1427,0.2472,-0.1002,0.1427,0.2472
155268615527556,-0.0030999999,0.17119999,0.2189,-0.0030999999,0.17119999,0.2189
155268625507243,-0.1099,0.2138,0.2483,-0.1099,0.2138,0.2483
155268635518181,-0.2455,0.22199999,0.27629998,-0.2455,0.22199999,0.27629998
155268645530681,-0.3798,0.22559999,0.3647,-0.3798,0.22559999,0.3647
155268655510368,-0.4113,0.2333,0.3707,-0.4113,0.2333,0.3707
155268665521306,-0.4358,0.2565,0.3996,-0.4358,0.2565,0.3996
155268675532243,-0.41939998,0.1077,0.3014,-0.41939998,0.1077,0.3014
155268685511931,-0.4517,0.0229,0.2408,-0.4517,0.0229,0.2408
155268695522868,-0.35189998,0.021699999,0.20459999,-0.35189998,0.021699999,0.20459999
155268705502556,-0.070199996,-0.0041,0.24069999,-0.070199996,-0.0041,0.24069999
155268715513493,-0.2224,0.1318,0.1926,-0.2224,0.1318,0.1926
155268725524431,-0.233,0.2627,0.17819999,-0.233,0.2627,0.17819999
155268735504118,-0.2076,0.2118,0.2726,-0.2076,0.2118,0.2726
155268745515056,-0.24949999,0.107599996,0.3854,-0.24949999,0.107599996,0.3854
155268755527556,-0.12979999,0.0369,0.3784,-0.12979999,0.0369,0.3784
155268765505681,-0.020299999,0.0795,0.3432,-0.020299999,0.0795,0.3432
155268775518181,0.044,0.1073,0.3277,0.044,0.1073,0.3277
155268785529118,-0.1469,0.16939999,0.3396,-0.1469,0.16939999,0.3396
155268795508806,-0.3098,0.2157,0.3524,-0.3098,0.2157,0.3524
155268805519743,-0.3387,0.1793,0.4024,-0.3387,0.1793,0.4024
155268815530681,-0.352,0.15689999,0.3464,-0.352,0.15689999,0.3464
155268825510368,-0.53819996,0.15969999,0.37649998,-0.53819996,0.15969999,0.37649998
155268835522868,-0.6271,0.2049,0.3965,-0.6271,0.2049,0.3965
155268845532243,-0.566,0.2272,0.43609998,-0.566,0.2272,0.43609998
155268855511931,-0.4104,0.1653,0.3594,-0.4104,0.1653,0.3594
155268865524431,-0.34579998,0.1086,0.36659998,-0.34579998,0.1086,0.36659998
155268875504118,-0.28489998,0.105799995,0.3383,-0.28489998,0.105799995,0.3383
155268885515056,-0.2764,0.1471,0.2968,-0.2764,0.1471,0.2968
155268895525993,-0.34019998,0.1739,0.27109998,-0.34019998,0.1739,0.27109998
155268905505681,-0.5272,0.2147,0.3536,-0.5272,0.2147,0.3536
155268915516618,-0.56049997,0.2502,0.4014,-0.56049997,0.2502,0.4014
155268925527556,-0.3287,0.1442,0.4068,-0.3287,0.1442,0.4068
155268935508806,-0.28689998,0.0923,0.38689998,-0.28689998,0.0923,0.38689998
155268945518181,-0.3778,0.1334,0.37219998,-0.3778,0.1334,0.37219998
155268955530681,-0.43699998,0.189,0.3339,-0.43699998,0.189,0.3339
155268965510368,-0.54609996,0.22,0.2881,-0.54609996,0.22,0.2881
155268975521306,-0.55189997,0.21669999,0.29909998,-0.55189997,0.21669999,0.29909998
155268985532243,-0.5632,0.2085,0.3515,-0.5632,0.2085,0.3515
155268995511931,-0.484,0.17559999,0.3884,-0.484,0.17559999,0.3884
155269005522868,-0.4579,0.1969,0.4312,-0.4579,0.1969,0.4312
155269015502556,-0.4019,0.2129,0.4552,-0.4019,0.2129,0.4552
155269025513493,-0.46409997,0.1753,0.4084,-0.46409997,0.1753,0.4084
155269035524431,-0.4366,0.162,0.4332,-0.4366,0.162,0.4332
155269045504118,-0.429,0.183,0.4342,-0.429,0.183,0.4342
155269055516618,-0.36569998,0.1504,0.4107,-0.36569998,0.1504,0.4107
155269065527556,-0.3452,0.1319,0.41009998,-0.3452,0.1319,0.41009998
155269075507243,-0.3608,0.1486,0.3685,-0.3608,0.1486,0.3685
155269085518181,-0.4084,0.1594,0.38729998,-0.4084,0.1594,0.38729998
155269095529118,-0.3547,0.1467,0.3464,-0.3547,0.1467,0.3464
155269105508806,-0.2355,0.17719999,0.29729998,-0.2355,0.17719999,0.29729998
155269115519743,-0.2077,0.1945,0.3064,-0.2077,0.1945,0.3064
155269125530681,-0.36249998,0.1955,0.3839,-0.36249998,0.1955,0.3839
155269135510368,-0.4694,0.1235,0.3992,-0.4694,0.1235,0.3992
155269145521306,-0.5463,0.1147,0.4969,-0.5463,0.1147,0.4969
155269155533806,-0.5237,0.18949999,0.4799,-0.5237,0.18949999,0.4799
155269165511931,-0.434,0.2298,0.4112,-0.434,0.2298,0.4112
155269175524431,-0.21,0.18859999,0.19759999,-0.21,0.18859999,0.19759999
155269185504118,-0.23619999,0.1502,0.1952,-0.23619999,0.1502,0.1952
155269195515056,-0.33049998,0.138,0.19569999,-0.33049998,0.138,0.19569999
155269205525993,-0.50299996,0.18769999,0.1819,-0.50299996,0.18769999,0.1819
155269215505681,-0.6803,0.2625,0.23689999,-0.6803,0.2625,0.23689999
155269225516618,-0.8038,0.33159998,0.3574,-0.8038,0.33159998,0.3574
155269235527556,-0.5729,0.2496,0.30089998,-0.5729,0.2496,0.30089998
155269245507243,-0.1873,0.1226,0.2058,-0.1873,0.1226,0.2058
155269255519743,-0.048499998,0.091199994,0.2583,-0.048499998,0.091199994,0.2583
155269265529118,-0.2289,0.14029999,0.26729998,-0.2289,0.14029999,0.26729998
155269275508806,-0.30269998,0.1867,0.24049999,-0.30269998,0.1867,0.24049999
155269285521306,-0.3227,0.1962,0.276,-0.3227,0.1962,0.276
155269295532243,-0.4393,0.2122,0.445,-0.4393,0.2122,0.445
155269305511931,-0.42029998,0.17279999,0.3232,-0.42029998,0.17279999,0.3232
155269315522868,-0.1559,0.1118,0.198,-0.1559,0.1118,0.198
155269325502556,-0.1463,0.1017,0.1537,-0.1463,0.1017,0.1537
155269335513493,-0.4956,0.1379,0.19209999,-0.4956,0.1379,0.19209999
155269345524431,-0.8161,0.1766,0.3023,-0.8161,0.1766,0.3023
155269355504118,-0.9115,0.2313,0.3823,-0.9115,0.2313,0.3823
155269365515056,-0.7732,0.2408,0.3847,-0.7732,0.2408,0.3847
155269375527556,-0.37199998,0.1501,0.25419998,-0.37199998,0.1501,0.25419998
155269385507243,-0.049799997,0.0814,0.1907,-0.049799997,0.0814,0.1907
155269395518181,0.0493,0.1096,0.2472,0.0493,0.1096,0.2472
155269405529118,-0.1436,0.1583,0.288,-0.1436,0.1583,0.288
155269415508806,-0.34,0.15609999,0.3199,-0.34,0.15609999,0.3199
155269425519743,-0.5527,0.1558,0.4763,-0.5527,0.1558,0.4763
155269435530681,-0.89229995,0.1818,0.6056,-0.89229995,0.1818,0.6056
155269445510368,-0.72099996,0.1129,0.7339,-0.72099996,0.1129,0.7339
155269455521306,-0.40469998,0.0128999995,0.7352,-0.40469998,0.0128999995,0.7352
155269465533806,-0.1845,-0.0165,0.8171,-0.1845,-0.0165,0.8171
155269475513493,0.025899999,-0.027099999,0.8682,0.025899999,-0.027099999,0.8682
155269485524431,0.2288,0.012,0.89489996,0.2288,0.012,0.89489996
155269495504118,0.4043,-0.0268,0.72139996,0.4043,-0.0268,0.72139996
155269505515056,0.4888,-0.0365,0.5769,0.4888,-0.0365,0.5769
155269515525993,0.1822,-0.036399998,0.3683,0.1822,-0.036399998,0.3683
155269525505681,-0.1937,0.0224,0.2174,-0.1937,0.0224,0.2174
155269535516618,-0.4438,0.17809999,0.2103,-0.4438,0.17809999,0.2103
155269545527556,-0.69089997,0.3057,0.2643,-0.69089997,0.3057,0.2643
155269555508806,-0.76,0.27449998,0.36859998,-0.76,0.27449998,0.36859998
155269565519743,-0.69409996,0.1766,0.5808,-0.69409996,0.1766,0.5808
155269575530681,-0.4244,0.0482,0.5252,-0.4244,0.0482,0.5252
155269585508806,-0.1732,-5.9999997E-4,0.34719998,-0.1732,-5.9999997E-4,0.34719998
155269595521306,-9.999999E-4,0.077599995,0.4154,-9.999999E-4,0.077599995,0.4154
155269605532243,0.0049,0.14649999,0.2769,0.0049,0.14649999,0.2769
155269615511931,0.027199998,0.1169,-0.059499998,0.027199998,0.1169,-0.059499998
155269625522868,-0.0664,0.0976,-0.3849,-0.0664,0.0976,-0.3849
155269635502556,-0.44,0.19479999,-0.5072,-0.44,0.19479999,-0.5072
155269645513493,-0.9744,0.3324,-0.4667,-0.9744,0.3324,-0.4667
155269655524431,-1.3217,0.43829998,-0.23719999,-1.3217,0.43829998,-0.23719999
155269665504118,-1.4254,0.4387,0.050899997,-1.4254,0.4387,0.050899997
155269675516618,-0.9823,0.3004,0.197,-0.9823,0.3004,0.197
155269685527556,2.9999999E-4,-0.022499999,0.2084,2.9999999E-4,-0.022499999,0.2084
155269695507243,0.0579,0.0466,0.1409,0.0579,0.0466,0.1409
155269705518181,0.0736,0.1354,0.0413,0.0736,0.1354,0.0413
155269715529118,0.016099999,0.185,-0.0036,0.016099999,0.185,-0.0036
155269725508806,-0.22289999,0.1955,0.119399995,-0.22289999,0.1955,0.119399995
155269735519743,-0.4655,0.1664,0.17289999,-0.4655,0.1664,0.17289999
155269745530681,-0.5361,0.108399995,0.305,-0.5361,0.108399995,0.305
155269755510368,-0.5294,0.070099995,0.5132,-0.5294,0.070099995,0.5132
155269765521306,-0.5136,0.1104,0.7244,-0.5136,0.1104,0.7244
155269775533806,-0.15799999,0.043399997,0.6282,-0.15799999,0.043399997,0.6282
155269785511931,0.38869998,-0.0535,0.4608,0.38869998,-0.0535,0.4608
155269795524431,0.5761,-0.0218,0.38599998,0.5761,-0.0218,0.38599998
155269805504118,0.3202,0.047799997,0.31649998,0.3202,0.047799997,0.31649998
155269815515056,0.0213,0.0691,0.304,0.0213,0.0691,0.304
155269825525993,-0.3225,0.08,0.3827,-0.3225,0.08,0.3827
155269835505681,-0.6719,0.120799996,0.4793,-0.6719,0.120799996,0.4793
155269845516618,-0.85929996,0.1024,0.5787,-0.85929996,0.1024,0.5787
155269855529118,-0.6217,0.0751,0.6051,-0.6217,0.0751,0.6051
155269865507243,-0.31,0.0565,0.7371,-0.31,0.0565,0.7371
155269875519743,-0.0659,0.0201,0.6971,-0.0659,0.0201,0.6971
155269885530681,0.0964,-0.0674,0.51199996,0.0964,-0.0674,0.51199996
155269895510368,0.0867,-0.0557,0.3599,0.0867,-0.0557,0.3599
155269905521306,-0.2305,0.072299995,0.34329998,-0.2305,0.072299995,0.34329998
155269915532243,-0.3694,0.17189999,0.40829998,-0.3694,0.17189999,0.40829998
155269925511931,-0.25509998,0.1723,0.3647,-0.25509998,0.1723,0.3647
155269935522868,-0.0438,-0.0025,0.41259998,-0.0438,-0.0025,0.41259998
155269945504118,0.0625,-0.0219,0.43019998,0.0625,-0.0219,0.43019998
155269955513493,0.1962,0.0381,0.3279,0.1962,0.0381,0.3279
155269965524431,0.0765,0.0872,0.2399,0.0765,0.0872,0.2399
155269975505681,-0.1109,0.0973,0.087,-0.1109,0.0973,0.087
155269985516618,-0.2401,0.1365,0.038399998,-0.2401,0.1365,0.038399998
155269995527556,-0.3778,0.22489999,0.0229,-0.3778,0.22489999,0.0229
155270005507243,-0.46739998,0.21519999,-0.0857,-0.46739998,0.21519999,-0.0857
155270015518181,-0.3515,0.1563,-0.088599995,-0.3515,0.1563,-0.088599995
155270025529118,-0.36249998,0.18599999,0.0155,-0.36249998,0.18599999,0.0155
155270035508806,-0.4772,0.2162,0.1109,-0.4772,0.2162,0.1109
155270045519743,-0.35119998,0.148,0.24329999,-0.35119998,0.148,0.24329999
155270055530681,-0.1362,0.0514,0.23609999,-0.1362,0.0514,0.23609999
155270065510368,-0.1069,0.022599999,0.1407,-0.1069,0.022599999,0.1407
155270075522868,-0.1283,0.0725,0.0515,-0.1283,0.0725,0.0515
155270085533806,-0.2434,0.1813,0.14989999,-0.2434,0.1813,0.14989999
155270095513493,-0.40019998,0.2223,0.33449998,-0.40019998,0.2223,0.33449998
155270105524431,-0.3301,0.0955,0.3365,-0.3301,0.0955,0.3365
155270115504118,-0.0881,-0.04,0.27989998,-0.0881,-0.04,0.27989998
155270125515056,0.019199999,-2.0E-4,0.35259998,0.019199999,-2.0E-4,0.35259998
155270135525993,-0.0537,0.0403,0.2497,-0.0537,0.0403,0.2497
155270145505681,-0.0223,0.0309,0.1866,-0.0223,0.0309,0.1866
155270155516618,-0.074,0.1301,0.20449999,-0.074,0.1301,0.20449999
155270165527556,-0.24859999,0.20879999,0.3004,-0.24859999,0.20879999,0.3004
155270175507243,-0.2726,0.1415,0.3258,-0.2726,0.1415,0.3258
155270185519743,-0.1258,0.023799999,0.2173,-0.1258,0.023799999,0.2173
155270195530681,-0.20279999,0.113,0.20799999,-0.20279999,0.113,0.20799999
155270205510368,-0.183,0.1325,0.21859999,-0.183,0.1325,0.21859999
155270215521306,-0.1257,0.103999995,0.22,-0.1257,0.103999995,0.22
155270225532243,-0.16669999,0.0743,0.2026,-0.16669999,0.0743,0.2026
155270235511931,-0.1006,0.084699996,0.1679,-0.1006,0.084699996,0.1679
155270245522868,0.0321,0.093899995,0.055999998,0.0321,0.093899995,0.055999998
155270255502556,-0.1462,0.123399995,0.054399997,-0.1462,0.123399995,0.054399997
155270265513493,-0.4436,0.1818,0.1959,-0.4436,0.1818,0.1959
155270275525993,-0.40489998,0.1924,0.2276,-0.40489998,0.1924,0.2276
155270285505681,-0.1545,0.1134,0.1735,-0.1545,0.1134,0.1735
155270295516618,0.0034999999,0.0448,0.026099999,0.0034999999,0.0448,0.026099999
155270305527556,-0.0189,0.0641,1.0E-4,-0.0189,0.0641,1.0E-4
155270315507243,-0.1583,0.122999996,0.0381,-0.1583,0.122999996,0.0381
155270325518181,-0.3081,0.162,0.0308,-0.3081,0.162,0.0308
155270335529118,-0.37989998,0.1721,0.0567,-0.37989998,0.1721,0.0567
155270345508806,-0.39319998,0.17189999,0.078999996,-0.39319998,0.17189999,0.078999996
155270355519743,-0.2543,0.133,0.0751,-0.2543,0.133,0.0751
155270365530681,-0.1007,0.0937,-0.0018,-0.1007,0.0937,-0.0018
155270375510368,-0.1151,0.094299994,0.1196,-0.1151,0.094299994,0.1196
155270385522868,-0.21609999,0.1335,0.198,-0.21609999,0.1335,0.198
155270395533806,-0.1131,0.095,0.1328,-0.1131,0.095,0.1328
155270405513493,0.019,0.0654,0.0462,0.019,0.0654,0.0462
155270415524431,-0.0849,0.12459999,0.0429,-0.0849,0.12459999,0.0429
155270425504118,-0.2854,0.144,0.1918,-0.2854,0.144,0.1918
155270435515056,-0.31149998,0.0962,0.269,-0.31149998,0.0962,0.269
155270445525993,-0.1276,0.0372,0.3779,-0.1276,0.0372,0.3779
155270455505681,-0.008599999,0.009,0.3574,-0.008599999,0.009,0.3574
155270465516618,0.185,-0.0011999999,0.313,0.185,-0.0011999999,0.313
155270475527556,0.24419999,0.0674,0.1944,0.24419999,0.0674,0.1944
155270485507243,0.15339999,0.1059,0.1131,0.15339999,0.1059,0.1131
155270495519743,0.036,0.1349,0.1065,0.036,0.1349,0.1065
155270505530681,-0.14039999,0.1635,0.1829,-0.14039999,0.1635,0.1829
155270515510368,-0.2552,0.13409999,0.2022,-0.2552,0.13409999,0.2022
155270525521306,-0.1663,0.0548,0.1715,-0.1663,0.0548,0.1715
155270535532243,-0.0072,0.0345,0.0504,-0.0072,0.0345,0.0504
155270545511931,-0.006,0.102299996,-0.0101,-0.006,0.102299996,-0.0101
155270555522868,-0.0788,0.1504,-0.0307,-0.0788,0.1504,-0.0307
155270565502556,-0.1462,0.1103,-0.0319,-0.1462,0.1103,-0.0319
155270575513493,-0.21329999,0.1196,0.032199997,-0.21329999,0.1196,0.032199997
155270585525993,-0.3022,0.15789999,0.060599998,-0.3022,0.15789999,0.060599998
155270595505681,-0.27809998,0.1774,0.1213,-0.27809998,0.1774,0.1213
155270605516618,-0.1706,0.1078,0.0813,-0.1706,0.1078,0.0813
155270615527556,-0.057499997,0.038599998,0.009099999,-0.057499997,0.038599998,0.009099999
155270625507243,-0.1858,0.077,0.0175,-0.1858,0.077,0.0175
155270635518181,-0.3459,0.1453,0.0122,-0.3459,0.1453,0.0122
155270645529118,-0.3586,0.1836,-0.096499994,-0.3586,0.1836,-0.096499994
155270655508806,-0.3542,0.2024,-0.15619999,-0.3542,0.2024,-0.15619999
155270665519743,-0.3288,0.192,-0.070999995,-0.3288,0.192,-0.070999995
155270675532243,-0.1741,0.1722,0.0288,-0.1741,0.1722,0.0288
155270685511931,0.0579,0.103099994,0.043399997,0.0579,0.103099994,0.043399997
155270695522868,-0.0185,0.024699999,0.0914,-0.0185,0.024699999,0.0914
155270705533806,-0.19759999,0.0831,0.1645,-0.19759999,0.0831,0.1645
155270715513493,-0.2918,0.16229999,0.2268,-0.2918,0.16229999,0.2268
155270725524431,-0.2656,0.1814,0.24159999,-0.2656,0.1814,0.24159999
155270735504118,-0.084199995,0.1034,0.17889999,-0.084199995,0.1034,0.17889999
155270745515056,0.0413,0.0735,0.154,0.0413,0.0735,0.154
155270755525993,0.088,0.0931,0.1148,0.088,0.0931,0.1148
155270765505681,0.0867,0.122099996,0.040999997,0.0867,0.122099996,0.040999997
155270775516618,0.0284,0.1514,0.0523,0.0284,0.1514,0.0523
155270785529118,-0.1077,0.13149999,0.065,-0.1077,0.13149999,0.065
155270795508806,-0.1961,0.102199994,0.074599996,-0.1961,0.102199994,0.074599996
155270805519743,-0.1771,0.092,0.0691,-0.1771,0.092,0.0691
155270815530681,-0.1786,0.131,-0.0451,-0.1786,0.131,-0.0451
155270825510368,-0.0823,0.120699994,-0.2075,-0.0823,0.120699994,-0.2075
155270835521306,-0.0313,0.1296,-0.2561,-0.0313,0.1296,-0.2561
155270845532243,-0.19,0.1882,-0.254,-0.19,0.1882,-0.254
155270855511931,-0.2767,0.2074,-0.25689998,-0.2767,0.2074,-0.25689998
155270865522868,-0.1871,0.16839999,-0.2889,-0.1871,0.16839999,-0.2889
155270875504118,-0.227,0.18769999,-0.28489998,-0.227,0.18769999,-0.28489998
155270885513493,-0.28669998,0.2078,-0.2315,-0.28669998,0.2078,-0.2315
155270895525993,-0.2758,0.19849999,-0.176,-0.2758,0.19849999,-0.176
155270905505681,-0.2695,0.19919999,-0.0665,-0.2695,0.19919999,-0.0665
155270915516618,-0.21229999,0.1612,-0.029099999,-0.21229999,0.1612,-0.029099999
155270925527556,-0.027999999,0.074099995,-0.0813,-0.027999999,0.074099995,-0.0813
155270935507243,0.0672,0.065299995,-0.11229999,0.0672,0.065299995,-0.11229999
155270945518181,-0.2373,0.312,0.0777,-0.2373,0.312,0.0777
155270955529118,-0.3604,0.5995,0.3238,-0.3604,0.5995,0.3238
155270965508806,-0.33449998,0.5234,0.2118,-0.33449998,0.5234,0.2118
155270975521306,-0.2915,0.1444,-0.016999999,-0.2915,0.1444,-0.016999999
155270985532243,-0.2553,-0.107,0.1558,-0.2553,-0.107,0.1558
155270995511931,-0.1586,-0.0037,0.4716,-0.1586,-0.0037,0.4716
155271005522868,-0.0578,0.32299998,0.90459996,-0.0578,0.32299998,0.90459996
155271015502556,0.1664,0.16149999,0.3895,0.1664,0.16149999,0.3895
155271025513493,0.3044,-0.167,-0.1601,0.3044,-0.167,-0.1601
155271035524431,0.3125,-0.28039998,-0.0081,0.3125,-0.28039998,-0.0081
155271045504118,0.1997,-0.23799999,0.14389999,0.1997,-0.23799999,0.14389999
155271055515056,0.0033,-0.0969,0.2332,0.0033,-0.0969,0.2332
155271065525993,-0.20199999,0.0229,0.4129,-0.20199999,0.0229,0.4129
155271075505681,-0.2765,0.0862,0.5194,-0.2765,0.0862,0.5194
155271085516618,-0.22819999,0.0284,0.5414,-0.22819999,0.0284,0.5414
155271095529118,0.0094,-0.095599994,0.53749996,0.0094,-0.095599994,0.53749996
155271105508806,0.16489999,-0.075899996,0.3895,0.16489999,-0.075899996,0.3895
155271115519743,0.23539999,-0.036,0.20789999,0.23539999,-0.036,0.20789999
155271125530681,0.2048,0.0025,0.094799995,0.2048,0.0025,0.094799995
155271135510368,-0.0936,0.1301,0.1528,-0.0936,0.1301,0.1528
155271145521306,-0.3593,0.1485,0.24939999,-0.3593,0.1485,0.24939999
155271155532243,-0.2861,0.0212,0.22989999,-0.2861,0.0212,0.22989999
155271165511931,-0.0708,0.0,0.1829,-0.0708,0.0,0.1829
155271175524431,0.0279,0.067,0.076,0.0279,0.067,0.076
155271185502556,0.1077,0.0749,-0.018,0.1077,0.0749,-0.018
155271195513493,0.181,0.0822,-0.078899994,0.181,0.0822,-0.078899994
155271205525993,-0.0295,0.0903,-0.2818,-0.0295,0.0903,-0.2818
155271215505681,-0.1955,0.1758,-0.2313,-0.1955,0.1758,-0.2313
155271225516618,-0.36699998,0.2625,-0.1013,-0.36699998,0.2625,-0.1013
155271235527556,-0.4156,0.24139999,-0.0393,-0.4156,0.24139999,-0.0393
155271245507243,-0.3542,0.1908,-0.0665,-0.3542,0.1908,-0.0665
155271255518181,-0.24489999,0.2092,-0.0163,-0.24489999,0.2092,-0.0163
155271265529118,-0.1671,0.2765,0.111499995,-0.1671,0.2765,0.111499995
155271275508806,-9.999999E-4,0.2263,-0.0457,-9.999999E-4,0.2263,-0.0457
155271285521306,0.1529,0.0784,-0.15799999,0.1529,0.0784,-0.15799999
155271295532243,0.1156,0.0083,-0.1963,0.1156,0.0083,-0.1963
155271305511931,-0.1512,0.086399995,-0.124699995,-0.1512,0.086399995,-0.124699995
155271315522868,-0.2499,0.2136,-0.023899999,-0.2499,0.2136,-0.023899999
155271325502556,-0.1345,0.2033,0.009699999,-0.1345,0.2033,0.009699999
155271335513493,-0.025999999,0.18329999,-0.0072,-0.025999999,0.18329999,-0.0072
155271345524431,0.0796,0.1437,-0.0041,0.0796,0.1437,-0.0041
155271355504118,0.1422,0.054899998,-0.0298,0.1422,0.054899998,-0.0298
155271365515056,0.1423,0.0548,0.0201,0.1423,0.0548,0.0201
155271375527556,0.0234,0.1427,-0.0458,0.0234,0.1427,-0.0458
155271385507243,-0.13229999,0.16239999,0.0023999999,-0.13229999,0.16239999,0.0023999999
155271395518181,-0.1927,0.1627,0.04,-0.1927,0.1627,0.04
155271405529118,-0.1829,0.13319999,0.0993,-0.1829,0.13319999,0.0993
155271415508806,-0.2507,0.1144,0.1241,-0.2507,0.1144,0.1241
155271425519743,-0.2598,0.0455,0.23369999,-0.2598,0.0455,0.23369999
155271435530681,-0.108399995,0.0268,0.25689998,-0.108399995,0.0268,0.25689998
155271445510368,-0.06,0.0753,0.1822,-0.06,0.0753,0.1822
155271455521306,0.0835,0.0755,0.259,0.0835,0.0755,0.259
155271465532243,0.1784,-0.0042,0.2593,0.1784,-0.0042,0.2593
155271475511931,0.057699997,0.024899999,0.23169999,0.057699997,0.024899999,0.23169999
155271485524431,-0.044499997,0.0231,0.3047,-0.044499997,0.0231,0.3047
155271495502556,-0.0334,0.0423,0.3181,-0.0334,0.0423,0.3181
155271505515056,-0.0063,0.099,0.394,-0.0063,0.099,0.394
155271515525993,0.0132,0.0786,0.371,0.0132,0.0786,0.371
155271525505681,0.051999997,-0.0415,0.3927,0.051999997,-0.0415,0.3927
155271535516618,0.1169,-0.0818,0.4799,0.1169,-0.0818,0.4799
155271545527556,0.14559999,-0.0163,0.4782,0.14559999,-0.0163,0.4782
155271555507243,0.2446,-0.019,0.2947,0.2446,-0.019,0.2947
155271565518181,0.31219998,-0.062,0.1335,0.31219998,-0.062,0.1335
155271575529118,0.1593,0.0326,0.0967,0.1593,0.0326,0.0967
155271585508806,-0.037,0.13679999,0.133,-0.037,0.13679999,0.133
155271595521306,0.0123,0.0942,0.1284,0.0123,0.0942,0.1284
155271605532243,0.029399998,0.0903,0.091,0.029399998,0.0903,0.091
155271615511931,-0.0756,0.116399996,0.0892,-0.0756,0.116399996,0.0892
155271625522868,-0.2145,0.0047999998,0.103099994,-0.2145,0.0047999998,0.103099994
155271635502556,-0.2634,-0.086399995,0.0744,-0.2634,-0.086399995,0.0744
155271645513493,-0.3742,-0.0016,0.0896,-0.3742,-0.0016,0.0896
155271655524431,-0.4578,0.1428,0.11889999,-0.4578,0.1428,0.11889999
155271665504118,-0.4024,0.1592,0.1451,-0.4024,0.1592,0.1451
155271675515056,-0.25169998,0.0682,0.12109999,-0.25169998,0.0682,0.12109999
155271685527556,-0.1511,-0.0328,0.16219999,-0.1511,-0.0328,0.16219999
155271695507243,-0.15269999,-0.074499995,0.1883,-0.15269999,-0.074499995,0.1883
155271705518181,-0.0245,0.109,0.085499994,-0.0245,0.109,0.085499994
155271715529118,-0.033099998,0.195,0.0883,-0.033099998,0.195,0.0883
155271725508806,0.0823,0.0947,-0.0221,0.0823,0.0947,-0.0221
155271735519743,0.17119999,-0.0052,0.034199998,0.17119999,-0.0052,0.034199998
155271745530681,0.1674,0.022599999,0.1413,0.1674,0.022599999,0.1413
155271755510368,0.0638,-0.057,0.0416,0.0638,-0.057,0.0416
155271765521306,-0.16659999,-0.1363,-0.0953,-0.16659999,-0.1363,-0.0953
155271775532243,-0.373,-0.048499998,-0.0928,-0.373,-0.048499998,-0.0928
155271785511931,-0.4865,0.0788,-0.0425,-0.4865,0.0788,-0.0425
155271795524431,-0.5884,0.17729999,-0.0039,-0.5884,0.17729999,-0.0039
155271805504118,-0.41169998,0.1583,-0.0389,-0.41169998,0.1583,-0.0389
155271815513493,-0.1602,0.1497,-0.015,-0.1602,0.1497,-0.015
155271825525993,-0.083399996,0.1219,0.0783,-0.083399996,0.1219,0.0783
155271835505681,-0.0058,-0.032899998,0.072299995,-0.0058,-0.032899998,0.072299995
155271845516618,0.1853,-0.1674,0.2191,0.1853,-0.1674,0.2191
155271855527556,0.2785,-0.085999995,0.2786,0.2785,-0.085999995,0.2786
155271865507243,0.5388,0.006,-0.1722,0.5388,0.006,-0.1722
155271875518181,0.7561,0.022799999,-0.914,0.7561,0.022799999,-0.914
155271885529118,0.6048,0.15519999,-1.1342,0.6048,0.15519999,-1.1342
155271895510368,0.0479,0.23099999,-0.7254,0.0479,0.23099999,-0.7254
155271905521306,-0.4254,0.18769999,-0.3604,-0.4254,0.18769999,-0.3604
155271915532243,-0.6673,0.1541,-0.2383,-0.6673,0.1541,-0.2383
155271925511931,-0.67399997,0.17019999,-0.2986,-0.67399997,0.17019999,-0.2986
155271935522868,-0.2499,0.0808,-0.74109995,-0.2499,0.0808,-0.74109995
155271945502556,0.2615,-9.0E-4,-1.1609,0.2615,-9.0E-4,-1.1609
155271955513493,0.0075,0.1267,-0.9474,0.0075,0.1267,-0.9474
155271965524431,-0.53639996,0.40739998,-0.8757,-0.53639996,0.40739998,-0.8757
155271975504118,-0.1171,0.3371,-0.6633,-0.1171,0.3371,-0.6633
155271985515056,0.0802,0.2839,-0.522,0.0802,0.2839,-0.522
155271995525993,0.1629,0.1653,-0.68509996,0.1629,0.1653,-0.68509996
155272005507243,0.2821,0.0629,-0.6956,0.2821,0.0629,-0.6956
155272015518181,0.18969999,0.12799999,-0.243,0.18969999,0.12799999,-0.243
155272025529118,0.1822,0.26029998,-0.044499997,0.1822,0.26029998,-0.044499997
155272035508806,0.4739,0.15879999,-0.1855,0.4739,0.15879999,-0.1855
155272045519743,0.5876,-0.0332,-0.2374,0.5876,-0.0332,-0.2374
155272055530681,0.1193,-0.0195,0.0797,0.1193,-0.0195,0.0797
155272065510368,-0.64629996,0.2096,0.18259999,-0.64629996,0.2096,0.18259999
155272075521306,-0.9147,0.1405,0.18689999,-0.9147,0.1405,0.18689999
155272085533806,-1.0346999,0.3502,0.47529998,-1.0346999,0.3502,0.47529998
155272095511931,-0.4854,0.3107,0.46409997,-0.4854,0.3107,0.46409997
155272105522868,0.2078,0.0704,0.1313,0.2078,0.0704,0.1313
155272115504118,0.1771,-0.0997,-0.059899997,0.1771,-0.0997,-0.059899997
155272125513493,-0.4443,-0.0156,0.1008,-0.4443,-0.0156,0.1008
155272135525993,-0.70949996,0.2315,0.097799994,-0.70949996,0.2315,0.097799994
155272145505681,-0.2689,0.2962,0.0047999998,-0.2689,0.2962,0.0047999998
155272155516618,0.30789998,0.2241,0.0568,0.30789998,0.2241,0.0568
155272165527556,0.5726,0.2206,0.33789998,0.5726,0.2206,0.33789998
155272175508806,0.7991,0.2287,0.1933,0.7991,0.2287,0.1933
155272185518181,1.0182999,0.1267,-0.1056,1.0182999,0.1267,-0.1056
155272195530681,0.6522,-0.0698,-0.0762,0.6522,-0.0698,-0.0762
155272205510368,-0.1074,0.1813,0.3506,-0.1074,0.1813,0.3506
155272215521306,0.0806,-0.1545,-0.0616,0.0806,-0.1545,-0.0616
155272225532243,-0.24659999,0.009,-0.092599995,-0.24659999,0.009,-0.092599995
155272235511931,-0.4155,0.1314,-0.0846,-0.4155,0.1314,-0.0846
155272245522868,-0.1706,0.2853,0.4055,-0.1706,0.2853,0.4055
155272255502556,0.32189998,0.3089,0.5929,0.32189998,0.3089,0.5929
155272265513493,0.7442,0.2678,0.1758,0.7442,0.2678,0.1758
155272275524431,0.77889997,0.31829998,-0.0712,0.77889997,0.31829998,-0.0712
155272285504118,0.5477,0.4249,0.4561,0.5477,0.4249,0.4561
155272295515056,0.2713,0.40879998,0.6823,0.2713,0.40879998,0.6823
155272305527556,0.3913,-0.1425,-0.41439998,0.3913,-0.1425,-0.41439998
155272315507243,0.3209,-0.31,0.2333,0.3209,-0.31,0.2333
155272325518181,0.4219,-0.15339999,0.4879,0.4219,-0.15339999,0.4879
155272335529118,0.76119995,-0.15799999,-0.2285,0.76119995,-0.15799999,-0.2285
155272345508806,0.92469996,0.15619999,0.6179,0.92469996,0.15619999,0.6179
155272355519743,0.9328,0.3051,0.21949999,0.9328,0.3051,0.21949999
155272365530681,0.5941,0.4806,0.2479,0.5941,0.4806,0.2479
155272375510368,0.2539,0.1399,0.1818,0.2539,0.1399,0.1818
155272385521306,-0.0034999999,-9.999999E-4,-0.055499997,-0.0034999999,-9.999999E-4,-0.055499997
155272395533806,0.013499999,0.16399999,0.2588,0.013499999,0.16399999,0.2588
155272405511931,-0.1831,0.2534,0.73109996,-0.1831,0.2534,0.73109996
155272415524431,-0.17279999,0.3168,0.55509996,-0.17279999,0.3168,0.55509996
155272425504118,-0.4265,0.42819998,0.8092,-0.4265,0.42819998,0.8092
155272435515056,-0.4861,0.5791,0.8813,-0.4861,0.5791,0.8813
155272445525993,-0.3038,0.73399997,1.051,-0.3038,0.73399997,1.051
155272455505681,-0.3283,0.8856,1.2782999,-0.3283,0.8856,1.2782999
155272465516618,-0.8997,0.8986,1.5900999,-0.8997,0.8986,1.5900999
155272475527556,-1.0216,0.88119996,1.7868999,-1.0216,0.88119996,1.7868999
155272485507243,-1.1515,1.1567999,2.1771998,-1.1515,1.1567999,2.1771998
155272495519743,-1.2253,1.6771,2.661,-1.2253,1.6771,2.661
155272505530681,-1.142,2.2467,3.0444,-1.142,2.2467,3.0444
155272515508806,-0.9058,3.1097999,3.8244,-0.9058,3.1097999,3.8244
155272525521306,-0.47759998,4.8279,3.8578,-0.47759998,4.8279,3.8578
155272535532243,0.7794,9.4555,5.9196,0.7794,9.4555,5.9196
155272545511931,1.6269,12.862499,6.7855,1.6269,12.862499,6.7855
155272555522868,1.2138,11.071899,6.3361998,1.2138,11.071899,6.3361998
155272565502556,-0.3152,7.7723,7.7949,-0.3152,7.7723,7.7949
155272575513493,-1.9473,6.5660996,7.5827,-1.9473,6.5660996,7.5827
155272585524431,-2.7917,7.4508,7.4539,-2.7917,7.4508,7.4539
155272595505681,-2.4078,6.8602,6.678,-2.4078,6.8602,6.678
155272605515056,-2.1552,3.975,3.1209998,-2.1552,3.975,3.1209998
155272615527556,-1.3883,-0.0084,-2.1383998,-1.3883,-0.0084,-2.1383998
155272625507243,-0.1699,-2.1246,-7.3746996,-0.1699,-2.1246,-7.3746996
155272635518181,-0.2592,-0.7668,-10.1995,-0.2592,-0.7668,-10.1995
155272645529118,1.9618,0.6422,-3.0535,1.9618,0.6422,-3.0535
155272655508806,8.2925,-0.3301,11.9804,8.2925,-0.3301,11.9804
155272665521306,6.7033997,-1.2392,4.5346,6.7033997,-1.2392,4.5346
155272675530681,6.4221,-1.8341,3.7454,6.4221,-1.8341,3.7454
155272685511931,4.7046,-2.5644999,5.0264,4.7046,-2.5644999,5.0264
155272695521306,1.0086,-3.1057,3.6732998,1.0086,-3.1057,3.6732998
155272705533806,-0.5751,-3.9784,2.8757,-0.5751,-3.9784,2.8757
155272715513493,-0.5672,-4.4781,2.9173,-0.5672,-4.4781,2.9173
155272725524431,1.1658,-4.1500998,2.4768,1.1658,-4.1500998,2.4768
155272735504118,1.6377,-3.6279,2.178,1.6377,-3.6279,2.178
155272745515056,1.8962,-3.3147,1.2524999,1.8962,-3.3147,1.2524999
155272755525993,1.9612999,-3.2463,0.0067,1.9612999,-3.2463,0.0067
155272765505681,1.9537,-3.2135,-0.4326,1.9537,-3.2135,-0.4326
155272775516618,1.3377,-3.0075,-1.4454,1.3377,-3.0075,-1.4454
155272785529118,0.5051,-2.4649,-2.5047,0.5051,-2.4649,-2.5047
155272795507243,-0.2589,-2.9791,-2.2917,-0.2589,-2.9791,-2.2917
155272805519743,-0.1839,-3.9304,-8.691299,-0.1839,-3.9304,-8.691299
155272815530681,0.3141,-3.8209999,-11.3932,0.3141,-3.8209999,-11.3932
155272825510368,0.49199998,-2.5024,-13.240399,0.49199998,-2.5024,-13.240399
155272835521306,-0.5293,-1.0641999,-10.571199,-0.5293,-1.0641999,-10.571199
155272845532243,-5.2848997,-0.7851,2.8086,-5.2848997,-0.7851,2.8086
155272855511931,-5.6243997,-1.3311,1.474,-5.6243997,-1.3311,1.474
155272865522868,-3.3486998,-1.4942,-8.4296,-3.3486998,-1.4942,-8.4296
155272875502556,-5.0446,-1.6498,-5.7363,-5.0446,-1.6498,-5.7363
155272885513493,-4.9848,-1.9537,-3.6253,-4.9848,-1.9537,-3.6253
155272895525993,-2.2298,-2.0324,-5.2908,-2.2298,-2.0324,-5.2908
155272905505681,-0.055099998,-2.2477,-3.8228998,-0.055099998,-2.2477,-3.8228998
155272915516618,2.052,-3.0089,-1.8140999,2.052,-3.0089,-1.8140999
155272925527556,2.3593,-3.465,-1.9231,2.3593,-3.465,-1.9231
155272935507243,0.6138,-3.4118,-1.5409,0.6138,-3.4118,-1.5409
155272945518181,-1.6607,-3.0333,-1.8422999,-1.6607,-3.0333,-1.8422999
155272955529118,-3.7529,-2.5807,-2.3687,-3.7529,-2.5807,-2.3687
155272965508806,-5.025,-2.7484,-2.0595999,-5.025,-2.7484,-2.0595999
155272975519743,-5.7269998,-3.0721,-2.5655,-5.7269998,-3.0721,-2.5655
155272985530681,-5.1261,-2.7614,-3.1622999,-5.1261,-2.7614,-3.1622999
155272995510368,-3.938,-2.3428,-2.3486,-3.938,-2.3428,-2.3486
155273005522868,-2.9536,-2.7394,-1.1863999,-2.9536,-2.7394,-1.1863999
155273015533806,-1.7931,-6.0881996,-4.4125,-1.7931,-6.0881996,-4.4125
155273025513493,-1.8377999,-4.3961,-13.7808,-1.8377999,-4.3961,-13.7808
155273035524431,-1.857,1.3482,-17.2121,-1.857,1.3482,-17.2121
155273045504118,-0.18699999,5.5663,-14.268399,-0.18699999,5.5663,-14.268399
155273055515056,6.6443,5.4318,24.9905,6.6443,5.4318,24.9905
155273065525993,3.0335999,-0.0725,2.9628,3.0335999,-0.0725,2.9628
155273075507243,-0.64599997,-3.1996,-1.3514999,-0.64599997,-3.1996,-1.3514999
155273085516618,-0.6052,-2.3249,-5.9091997,-0.6052,-2.3249,-5.9091997
155273095529118,-0.2793,-3.0074,1.6903,-0.2793,-3.0074,1.6903
155273105508806,-1.0766,0.26909998,6.0217,-1.0766,0.26909998,6.0217
155273115519743,-1.5447999,12.243,11.5265,-1.5447999,12.243,11.5265
155273125530681,-4.5564,22.2332,12.8719,-4.5564,22.2332,12.8719
155273135510368,-3.2803998,11.967,5.3636,-3.2803998,11.967,5.3636
155273145521306,0.84319997,0.1616,-3.4861999,0.84319997,0.1616,-3.4861999
155273155532243,0.8601,-5.1955,-6.0759997,0.8601,-5.1955,-6.0759997
155273165511931,-0.2591,-7.8687997,-1.7849,-0.2591,-7.8687997,-1.7849
155273175522868,0.2191,-6.5611997,-4.1184,0.2191,-6.5611997,-4.1184
155273185504118,1.5811,-1.7585,-3.9506,1.5811,-1.7585,-3.9506
155273195513493,1.775,3.1351,-1.2868,1.775,3.1351,-1.2868
155273205525993,1.3665,4.4139,-2.7027,1.3665,4.4139,-2.7027
155273215505681,-0.24949999,2.3916,-3.6792,-0.24949999,2.3916,-3.6792
155273225516618,-1.8829,-0.6189,-1.773,-1.8829,-0.6189,-1.773
155273235527556,-2.0595999,1.2651,-1.1466,-2.0595999,1.2651,-1.1466
155273245507243,-1.2833999,2.4614,-1.8227999,-1.2833999,2.4614,-1.8227999
155273255518181,-0.31399998,1.6122999,-2.0874,-0.31399998,1.6122999,-2.0874
155273265529118,0.35349998,0.9137,-1.6560999,0.35349998,0.9137,-1.6560999
155273275508806,0.72529995,1.1202999,-1.2727,0.72529995,1.1202999,-1.2727
155273285519743,0.9927,2.0546,-0.1591,0.9927,2.0546,-0.1591
155273295530681,1.0864,3.1459,1.0329,1.0864,3.1459,1.0329
155273305510368,1.05,3.8957,1.8866999,1.05,3.8957,1.8866999
155273315522868,0.7887,4.3863997,2.3628,0.7887,4.3863997,2.3628
155273325533806,0.1687,4.8666,3.2733998,0.1687,4.8666,3.2733998
155273335513493,-0.719,4.6333,3.3744,-0.719,4.6333,3.3744
155273345524431,-1.5761,4.5546,2.9796999,-1.5761,4.5546,2.9796999
155273355504118,-2.6523,5.2262,3.9866998,-2.6523,5.2262,3.9866998
155273365515056,-3.0821,4.5765,5.115,-3.0821,4.5765,5.115
155273375525993,-2.0528,3.0277,5.9337,-2.0528,3.0277,5.9337
155273385505681,-0.6926,1.0138,7.8691998,-0.6926,1.0138,7.8691998
155273395516618,1.1286,-0.2074,6.8356,1.1286,-0.2074,6.8356
155273405529118,2.9394999,0.4244,9.0479,2.9394999,0.4244,9.0479
155273415508806,3.5825,1.0354999,9.5703,3.5825,1.0354999,9.5703
155273425519743,3.2791998,2.2905998,8.7628,3.2791998,2.2905998,8.7628
155273435530681,1.994,3.7312999,8.9842,1.994,3.7312999,8.9842
155273445510368,0.8596,5.8501,8.4888,0.8596,5.8501,8.4888
155273455521306,1.4851999,9.1593,9.9595995,1.4851999,9.1593,9.9595995
155273465532243,3.2240999,9.606,7.8771996,3.2240999,9.606,7.8771996
155273475511931,1.4261999,3.3093998,-12.090799,1.4261999,3.3093998,-12.090799
155273485522868,2.1773,3.4963,-12.5623,2.1773,3.4963,-12.5623
155273495502556,4.831,3.2252,3.5605998,4.831,3.2252,3.5605998
155273505513493,5.8912997,2.0584,17.3297,5.8912997,2.0584,17.3297
155273515525993,6.1233997,0.3809,4.3388,6.1233997,0.3809,4.3388
155273525504118,5.2918,-0.1924,8.1359,5.2918,-0.1924,8.1359
155273535516618,2.9131,-0.103099994,9.6565,2.9131,-0.103099994,9.6565
155273545527556,1.2760999,1.0727999,6.2816997,1.2760999,1.0727999,6.2816997
155273555507243,1.2645,2.0902998,6.0992,1.2645,2.0902998,6.0992
155273565518181,1.7536,1.9201,5.9375,1.7536,1.9201,5.9375
155273575529118,1.3051,0.8635,4.7485,1.3051,0.8635,4.7485
155273585508806,0.3455,-0.1529,4.0119,0.3455,-0.1529,4.0119
155273595519743,-0.1383,-1.5437,2.9219,-0.1383,-1.5437,2.9219
155273605532243,0.036,-2.8952,1.9519,0.036,-2.8952,1.9519
155273615510368,-0.038799997,-3.5661,0.6159,-0.038799997,-3.5661,0.6159
155273625522868,-0.5076,-3.517,-1.2196,-0.5076,-3.517,-1.2196
155273635533806,-1.3991,-2.8288,-1.9891,-1.3991,-2.8288,-1.9891
155273645513493,-2.4145,-1.8398,-2.5481,-2.4145,-1.8398,-2.5481
155273655524431,-2.576,-0.849,-4.1812997,-2.576,-0.849,-4.1812997
155273665504118,-2.4981,-0.38079998,-6.2288,-2.4981,-0.38079998,-6.2288
155273675515056,-2.5433,-0.1135,-7.5326,-2.5433,-0.1135,-7.5326
155273685527556,-2.9222,2.0E-4,-8.3376,-2.9222,2.0E-4,-8.3376
155273695505681,-3.1606998,0.051599998,-9.4298,-3.1606998,0.051599998,-9.4298
155273705516618,-3.4234998,-0.288,-10.6145,-3.4234998,-0.288,-10.6145
155273715529118,-3.7837,-1.9451,-10.068399,-3.7837,-1.9451,-10.068399
155273725508806,-4.2823,-4.4277,-11.848599,-4.2823,-4.4277,-11.848599
155273735519743,-5.5106,-3.2303,-23.147,-5.5106,-3.2303,-23.147
155273745530681,-7.2527,-4.0292,-22.092999,-7.2527,-4.0292,-22.092999
155273755510368,-7.4157,-5.736,-17.8126,-7.4157,-5.736,-17.8126
155273765521306,-9.9869995,-7.4456997,-5.336,-9.9869995,-7.4456997,-5.336
155273775532243,-11.7463,-7.7146997,0.39929998,-11.7463,-7.7146997,0.39929998
155273785511931,-5.9925,-9.9230995,-2.3330998,-5.9925,-9.9230995,-2.3330998
155273795522868,-5.2571,-9.9868,-7.8595996,-5.2571,-9.9868,-7.8595996
155273805504118,-6.034,-9.2963,-16.3653,-6.034,-9.2963,-16.3653
155273815513493,-5.6773,-5.0105,-24.681799,-5.6773,-5.0105,-24.681799
155273825525993,-3.4505,-1.1154,-24.037899,-3.4505,-1.1154,-24.037899
155273835505681,0.110999994,-3.3802998,-9.3404,0.110999994,-3.3802998,-9.3404
155273845516618,16.409399,-4.7932,29.6658,16.409399,-4.7932,29.6658
155273855527556,6.3203998,-4.4344,10.8024,6.3203998,-4.4344,10.8024
155273865507243,3.0239,-3.1989,-2.0799,3.0239,-3.1989,-2.0799
155273875518181,9.6684,1.5024999,10.7069,9.6684,1.5024999,10.7069
155273885529118,15.756399,17.831,13.962899,15.756399,17.831,13.962899
155273895508806,12.198,30.219599,7.961,12.198,30.219599,7.961
155273905521306,5.1472,18.74,-2.5269,5.1472,18.74,-2.5269
155273915532243,4.4644,3.1861,-3.0925,4.4644,3.1861,-3.0925
155273925511931,4.2516,-7.7432,1.2751,4.2516,-7.7432,1.2751
155273935522868,2.9433,-12.2132,-5.2300997,2.9433,-12.2132,-5.2300997
155273945502556,2.0639,-12.9404,-5.3595,2.0639,-12.9404,-5.3595
155273955513493,0.6466,-8.3372,-5.6974,0.6466,-8.3372,-5.6974
155273965524431,-2.1527,0.8305,-2.0537,-2.1527,0.8305,-2.0537
155273975504118,-3.2389,7.9305997,0.4305,-3.2389,7.9305997,0.4305
155273985515056,-0.9747,1.9517,-6.0543,-0.9747,1.9517,-6.0543
155273995525993,-1.0465,-2.6511,-7.5481,-1.0465,-2.6511,-7.5481
155274005505681,-1.7516999,-2.9893,-4.3943,-1.7516999,-2.9893,-4.3943
155274015516618,-3.5421999,0.671,1.4215,-3.5421999,0.671,1.4215
155274025529118,-2.8999,2.6265,-2.6661,-2.8999,2.6265,-2.6661
155274035508806,-2.2867,1.8805,-4.127,-2.2867,1.8805,-4.127
155274045519743,-2.187,0.93109995,-4.3824997,-2.187,0.93109995,-4.3824997
155274055530681,-2.5953999,0.9345,-0.9587,-2.5953999,0.9345,-0.9587
155274065510368,-2.3393,1.4442999,0.60069996,-2.3393,1.4442999,0.60069996
155274075521306,-1.5066999,1.6564,-0.368,-1.5066999,1.6564,-0.368
155274085532243,-1.058,2.1724,0.0416,-1.058,2.1724,0.0416
155274095511931,-0.6714,2.9257,0.9949,-0.6714,2.9257,0.9949
155274105522868,-0.3949,3.652,2.3229,-0.3949,3.652,2.3229
155274115504118,-0.1136,4.2058,3.1060998,-0.1136,4.2058,3.1060998
155274125513493,0.1178,4.5685997,3.651,0.1178,4.5685997,3.651
155274135525993,0.38729998,4.8093,3.6832,0.38729998,4.8093,3.6832
155274145505681,0.6238,5.1749,4.0720997,0.6238,5.1749,4.0720997
155274155516618,0.7399,5.4364,4.5362997,0.7399,5.4364,4.5362997
155274165527556,0.66459996,5.5221,4.9747,0.66459996,5.5221,4.9747
155274175507243,0.2295,5.2932,5.1052,0.2295,5.2932,5.1052
155274185518181,-0.928,4.981,6.2146997,-0.928,4.981,6.2146997
155274195529118,-2.6759999,4.4212,8.531199,-2.6759999,4.4212,8.531199
155274205508806,-3.3486998,3.3834999,9.4607,-3.3486998,3.3834999,9.4607
155274215519743,-2.5455,1.8498,8.963799,-2.5455,1.8498,8.963799
155274225532243,-1.9339999,0.7096,8.7196,-1.9339999,0.7096,8.7196
155274235510368,-0.7734,0.8425,8.8979,-0.7734,0.8425,8.8979
155274245522868,-0.24039999,1.6543,7.8381,-0.24039999,1.6543,7.8381
155274255502556,0.0876,1.1262,7.0099998,0.0876,1.1262,7.0099998
155274265513493,0.0567,-1.2418,4.0703,0.0567,-1.2418,4.0703
155274275524431,0.97139996,-1.6186,-2.6652,0.97139996,-1.6186,-2.6652
155274285504118,1.5303999,0.0521,-4.3803,1.5303999,0.0521,-4.3803
155274295515056,0.98499995,7.0573997,-5.6635,0.98499995,7.0573997,-5.6635
155274305527556,2.0163,12.5405,4.6812,2.0163,12.5405,4.6812
155274315507243,4.9803,10.811999,7.5462,4.9803,10.811999,7.5462
155274325518181,4.9825997,5.6682,0.085999995,4.9825997,5.6682,0.085999995
155274335529118,4.9986997,3.3395998,1.1715,4.9986997,3.3395998,1.1715
155274345508806,5.6569,3.2773,9.8098,5.6569,3.2773,9.8098
155274355519743,3.2749999,4.5661,12.5594,3.2749999,4.5661,12.5594
155274365530681,0.7502,4.5603,9.8966,0.7502,4.5603,9.8966
155274375510368,-0.3718,2.7935998,6.8445,-0.3718,2.7935998,6.8445
155274385521306,-0.37309998,1.2551999,3.7949,-0.37309998,1.2551999,3.7949
155274395532243,1.1583999,0.0103,0.88199997,1.1583999,0.0103,0.88199997
155274405511931,2.8716,-1.3889999,0.9939,2.8716,-1.3889999,0.9939
155274415522868,4.1570997,-2.7691,2.9345,4.1570997,-2.7691,2.9345
155274425504118,4.75,-3.4292998,2.2384,4.75,-3.4292998,2.2384
155274435513493,4.6013,-3.9411,0.918,4.6013,-3.9411,0.918
155274445525993,4.073,-4.2788997,1.0136,4.073,-4.2788997,1.0136
155274455505681,2.1322,-3.5291,1.5577999,2.1322,-3.5291,1.5577999
155274465516618,0.32819998,-2.7461,-0.0323,0.32819998,-2.7461,-0.0323
155274475527556,-0.9292,-1.9741,-1.9023,-0.9292,-1.9741,-1.9023
155274485507243,-2.187,-1.2344999,-1.7384,-2.187,-1.2344999,-1.7384
155274495518181,-2.2134,0.119399995,-2.7917,-2.2134,0.119399995,-2.7917
155274505530681,-2.2751,0.46649998,-4.5657997,-2.2751,0.46649998,-4.5657997
155274515508806,-2.3804,0.7087,-6.0007,-2.3804,0.7087,-6.0007
155274525521306,-2.6727,0.5809,-6.9589996,-2.6727,0.5809,-6.9589996
155274535532243,-2.7581,0.25689998,-7.0676,-2.7581,0.25689998,-7.0676
155274545511931,-2.8588,-0.0339,-7.5677,-2.8588,-0.0339,-7.5677
155274555522868,-2.8632998,0.17029999,-8.3719,-2.8632998,0.17029999,-8.3719
155274565502556,-3.0641,0.68799996,-8.5815,-3.0641,0.68799996,-8.5815
155274575513493,-2.9445,1.183,-7.2611,-2.9445,1.183,-7.2611
155274585524431,-2.1880999,1.3777,-5.8508997,-2.1880999,1.3777,-5.8508997
155274595504118,-0.9554,0.7585,-5.0745997,-0.9554,0.7585,-5.0745997
155274605515056,-0.2008,-0.5484,-5.3884,-0.2008,-0.5484,-5.3884
155274615525993,-0.3919,-1.2662,-6.7015996,-0.3919,-1.2662,-6.7015996
155274625507243,-0.5729,-1.2728,-6.829,-0.5729,-1.2728,-6.829
155274635516618,-0.2417,-0.6782,-4.8901997,-0.2417,-0.6782,-4.8901997
155274645529118,-1.4207,-0.0881,-4.3441997,-1.4207,-0.0881,-4.3441997
155274655508806,-2.1991,-0.9417,-5.9431996,-2.1991,-0.9417,-5.9431996
155274665519743,-2.4187999,-2.3105,-6.4814997,-2.4187999,-2.3105,-6.4814997
155274675530681,-2.415,-3.4438999,-6.5126,-2.415,-3.4438999,-6.5126
155274685510368,-2.3344998,-4.5000997,-7.3373,-2.3344998,-4.5000997,-7.3373
155274695521306,-2.2019,-5.1705,-8.488,-2.2019,-5.1705,-8.488
155274705533806,-2.3195,-5.3946,-9.9876995,-2.3195,-5.3946,-9.9876995
155274715511931,-3.0252,-5.5392,-10.435699,-3.0252,-5.5392,-10.435699
155274725524431,-3.7786999,-5.4328,-13.0251,-3.7786999,-5.4328,-13.0251
155274735504118,-4.5099998,-5.2802,-16.813799,-4.5099998,-5.2802,-16.813799
155274745515056,-5.9546,0.724,-34.544598,-5.9546,0.724,-34.544598
155274755524431,-3.6646998,-1.1121,-21.546,-3.6646998,-1.1121,-21.546
155274765505681,2.8839998,-2.9898,26.2127,2.8839998,-2.9898,26.2127
155274775516618,15.4408,20.491999,38.5366,15.4408,20.491999,38.5366
155274785527556,-3.5979998,17.668999,9.3312,-3.5979998,17.668999,9.3312
155274795507243,-2.6079,11.8294,-0.54649997,-2.6079,11.8294,-0.54649997
155274805518181,-0.95159996,10.1609,-17.848999,-0.95159996,10.1609,-17.848999
155274815529118,-2.7135,3.8792,-22.292799,-2.7135,3.8792,-22.292799
155274825508806,-5.9631,-1.7066,-16.0979,-5.9631,-1.7066,-16.0979
155274835521306,-7.2282,-5.0378,-7.3036,-7.2282,-5.0378,-7.3036
155274845532243,-9.028,-9.1473,15.3812,-9.028,-9.1473,15.3812
155274855511931,-1.798,-4.7985,0.8262,-1.798,-4.7985,0.8262
155274865522868,-0.7432,-0.70769995,2.8014,-0.7432,-0.70769995,2.8014
155274875504118,-3.0377,3.7113,-4.8536997,-3.0377,3.7113,-4.8536997
155274885513493,-2.9993,5.8419,-6.7204,-2.9993,5.8419,-6.7204
155274895525993,-1.5956,5.3445997,-4.5819,-1.5956,5.3445997,-4.5819
155274905504118,-0.46109998,3.4115,-2.0009,-0.46109998,3.4115,-2.0009
155274915515056,-0.1839,0.7775,-0.53679997,-0.1839,0.7775,-0.53679997
155274925527556,-0.058199998,-1.2662,-1.6395999,-0.058199998,-1.2662,-1.6395999
155274935507243,0.58309996,-2.1907,-1.4517,0.58309996,-2.1907,-1.4517
155274945518181,1.0328,-1.5028,-0.33429998,1.0328,-1.5028,-0.33429998
155274955529118,0.95019996,-0.34109998,0.7539,0.95019996,-0.34109998,0.7539
155274965508806,0.9668,0.35459998,0.2607,0.9668,0.35459998,0.2607
155274975519743,1.2609,0.5406,0.41889998,1.2609,0.5406,0.41889998
155274985530681,1.2732999,1.0577999,0.5888,1.2732999,1.0577999,0.5888
155274995510368,0.9941,1.5670999,1.4354,0.9941,1.5670999,1.4354
155275005521306,-0.104899995,0.39949998,0.1294,-0.104899995,0.39949998,0.1294
155275015532243,-0.7592,-0.4321,0.66719997,-0.7592,-0.4321,0.66719997
155275025513493,-0.6572,-0.5281,1.1472,-0.6572,-0.5281,1.1472
155275035524431,0.0492,-0.30679998,1.8233999,0.0492,-0.30679998,1.8233999
155275045504118,0.9177,-0.047799997,1.8132,0.9177,-0.047799997,1.8132
155275055515056,1.2985,0.0945,1.8203,1.2985,0.0945,1.8203
155275065525993,1.3189,0.0416,2.1592,1.3189,0.0416,2.1592
155275075505681,1.2393999,0.0336,2.3760998,1.2393999,0.0336,2.3760998
155275085516618,0.85999995,-0.1546,2.1320999,0.85999995,-0.1546,2.1320999
155275095527556,0.41979998,-0.2084,1.9370999,0.41979998,-0.2084,1.9370999
155275105507243,-0.31149998,-0.0307,2.3813999,-0.31149998,-0.0307,2.3813999
155275115519743,-1.0559,0.1136,2.468,-1.0559,0.1136,2.468
155275125530681,-1.558,0.15789999,2.3499,-1.558,0.15789999,2.3499
155275135510368,-1.7176,0.081599995,2.2823,-1.7176,0.081599995,2.2823
155275145521306,-1.8054999,-0.0154,2.3530998,-1.8054999,-0.0154,2.3530998
155275155532243,-1.5185,-0.0846,2.3838,-1.5185,-0.0846,2.3838
155275165511931,-0.88619995,-0.1564,2.5678,-0.88619995,-0.1564,2.5678
155275175522868,-0.16659999,-0.2182,2.8483,-0.16659999,-0.2182,2.8483
155275185502556,0.1688,-0.3135,3.3551998,0.1688,-0.3135,3.3551998
155275195513493,0.174,-0.44239998,3.6604,0.174,-0.44239998,3.6604
155275205524431,0.0738,-0.3822,4.0308,0.0738,-0.3822,4.0308
155275215504118,0.062699996,-0.12529999,4.4248,0.062699996,-0.12529999,4.4248
155275225515056,0.14899999,0.0769,4.7676,0.14899999,0.0769,4.7676
155275235527556,0.22659999,0.9185,4.1809,0.22659999,0.9185,4.1809
155275245507243,1.0612,4.4326997,3.9383998,1.0612,4.4326997,3.9383998
155275255518181,1.049,9.2087,-0.24,1.049,9.2087,-0.24
155275265529118,1.9363999,8.021999,-0.6921,1.9363999,8.021999,-0.6921
155275275508806,3.5798,4.8311,1.1716,3.5798,4.8311,1.1716
155275285519743,3.7303998,3.2231,1.5234,3.7303998,3.2231,1.5234
155275295532243,3.642,3.2141,2.7568998,3.642,3.2141,2.7568998
155275305510368,1.967,2.9722998,2.204,1.967,2.9722998,2.204
155275315522868,0.2455,1.9824,0.5922,0.2455,1.9824,0.5922
155275325533806,-1.3195,0.7443,0.0602,-1.3195,0.7443,0.0602
155275335513493,-2.6396,0.0887,-1.4894999,-2.6396,0.0887,-1.4894999
155275345524431,-3.2266,-0.459,-2.7312,-3.2266,-0.459,-2.7312
155275355504118,-2.7826998,-0.3337,-3.7659,-2.7826998,-0.3337,-3.7659
155275365515056,-1.9435999,0.8167,-0.0556,-1.9435999,0.8167,-0.0556
155275375525993,0.0391,-0.5225,6.4038997,0.0391,-0.5225,6.4038997
155275385505681,3.4053,-4.0924,4.6306,3.4053,-4.0924,4.6306
155275395516618,4.788,-5.8471,2.7071,4.788,-5.8471,2.7071
155275405529118,4.058,-4.9646,1.9980999,4.058,-4.9646,1.9980999
155275415508806,2.5416,-3.8613,2.1868,2.5416,-3.8613,2.1868
155275425519743,0.5656,-3.3163998,3.0012,0.5656,-3.3163998,3.0012
155275435530681,-1.4188,-3.0037,2.47,-1.4188,-3.0037,2.47
155275445510368,-2.7059,-2.8643,1.6834999,-2.7059,-2.8643,1.6834999
155275455521306,-3.076,-2.6255999,1.6271,-3.076,-2.6255999,1.6271
155275465532243,-3.0404,-2.0663,1.5378,-3.0404,-2.0663,1.5378
155275475511931,-2.395,-1.4729999,1.0340999,-2.395,-1.4729999,1.0340999
155275485522868,-1.5097,-1.1872,0.2519,-1.5097,-1.1872,0.2519
155275495502556,-0.6719,-1.0904,-0.265,-0.6719,-1.0904,-0.265
155275505513493,-0.3012,-0.6787,-0.2717,-0.3012,-0.6787,-0.2717
155275515524431,-0.4798,-0.6247,-0.9625,-0.4798,-0.6247,-0.9625
155275525504118,-0.6748,-1.031,-1.6209999,-0.6748,-1.031,-1.6209999
155275535515056,-0.48319998,-1.0846,-1.8127999,-0.48319998,-1.0846,-1.8127999
155275545527556,-0.24149999,-0.7197,-2.3854,-0.24149999,-0.7197,-2.3854
155275555507243,-0.2579,-0.0971,-4.4428,-0.2579,-0.0971,-4.4428
155275565518181,-0.24329999,0.8799,-6.8718996,-0.24329999,0.8799,-6.8718996
155275575529118,-0.14829999,1.7888999,-7.5488997,-0.14829999,1.7888999,-7.5488997
155275585508806,-0.1637,2.2765,-8.0514,-0.1637,2.2765,-8.0514
155275595519743,-0.2936,1.6514,-8.1689,-0.2936,1.6514,-8.1689
155275605530681,-0.538,0.8217,-9.0875,-0.538,0.8217,-9.0875
155275615510368,-0.5724,1.5198,-12.4556,-0.5724,1.5198,-12.4556
155275625521306,0.5252,2.3274,-16.0387,0.5252,2.3274,-16.0387
155275635533806,1.0216,1.74,-12.4844,1.0216,1.74,-12.4844
155275645513493,-3.3142998,0.091,26.393799,-3.3142998,0.091,26.393799
155275655524431,-4.521,-0.24069999,3.8857,-4.521,-0.24069999,3.8857
155275665504118,-3.6574998,-1.7681999,1.4032999,-3.6574998,-1.7681999,1.4032999
155275675515056,-2.2451,-1.2945,0.0823,-2.2451,-1.2945,0.0823
155275685525993,-0.9615,1.3884,-1.4498,-0.9615,1.3884,-1.4498
155275695505681,0.0028,4.0813,1.3968999,0.0028,4.0813,1.3968999
155275705516618,0.7693,5.2093997,3.0885,0.7693,5.2093997,3.0885
155275715527556,1.4329,3.6567998,2.8274999,1.4329,3.6567998,2.8274999
155275725508806,1.3557999,0.79359996,1.4004999,1.3557999,0.79359996,1.4004999
155275735519743,0.76659995,-1.2443,0.0826,0.76659995,-1.2443,0.0826
155275745530681,0.1541,-1.959,-0.19659999,0.1541,-1.959,-0.19659999
155275755510368,-0.9314,-0.5766,0.2845,-0.9314,-0.5766,0.2845
155275765521306,-1.1522,0.29639998,0.072399996,-1.1522,0.29639998,0.072399996
155275775532243,-0.4956,0.502,0.2163,-0.4956,0.502,0.2163
155275785511931,0.5815,0.3064,0.43789998,0.5815,0.3064,0.43789998
155275795522868,1.3475,0.1604,0.5985,1.3475,0.1604,0.5985
155275805502556,1.6866,0.18079999,0.9287,1.6866,0.18079999,0.9287
155275815513493,1.5525999,0.27969998,1.0486,1.5525999,0.27969998,1.0486
155275825525993,1.3196,0.1434,1.0509,1.3196,0.1434,1.0509
155275835505681,0.5847,-0.3075,0.88839996,0.5847,-0.3075,0.88839996
155275845515056,-0.2564,-0.7574,0.6385,-0.2564,-0.7574,0.6385
155275855527556,-0.9402,-0.8081,0.6404,-0.9402,-0.8081,0.6404
155275865507243,-1.2605,-0.2574,1.1709,-1.2605,-0.2574,1.1709
155275875518181,-0.6236,0.45619997,1.6078999,-0.6236,0.45619997,1.6078999
155275885529118,0.6576,0.77129996,1.41,0.6576,0.77129996,1.41
155275895508806,1.7183,0.6272,1.036,1.7183,0.6272,1.036
155275905519743,2.1132998,0.3651,0.8364,2.1132998,0.3651,0.8364
155275915530681,2.2363,0.3111,1.0665,2.2363,0.3111,1.0665
155275925510368,1.7955999,0.118099995,1.0217999,1.7955999,0.118099995,1.0217999
155275935522868,0.6568,-0.2607,0.5348,0.6568,-0.2607,0.5348
155275945533806,-0.1953,-0.42389998,-0.0927,-0.1953,-0.42389998,-0.0927
155275955513493,-0.60469997,-0.1265,-0.17449999,-0.60469997,-0.1265,-0.17449999
155275965524431,-1.0099,0.3583,0.15969999,-1.0099,0.3583,0.15969999
155275975504118,-1.3658999,0.5748,0.252,-1.3658999,0.5748,0.252
155275985515056,-1.285,0.5014,-0.049599998,-1.285,0.5014,-0.049599998
155275995525993,-0.70239997,0.36969998,-0.49859998,-0.70239997,0.36969998,-0.49859998
155276005505681,-0.2321,0.20799999,-0.6214,-0.2321,0.20799999,-0.6214
155276015518181,-0.006,-0.5075,-1.0007,-0.006,-0.5075,-1.0007
155276025529118,0.18789999,-0.5908,-1.4721,0.18789999,-0.5908,-1.4721
155276035508806,0.3496,-0.3047,-1.2645999,0.3496,-0.3047,-1.2645999
155276045519743,0.4059,0.28689998,-0.5552,0.4059,0.28689998,-0.5552
155276055530681,0.0947,0.5861,-0.5902,0.0947,0.5861,-0.5902
155276065510368,-0.3841,0.3227,-0.9528,-0.3841,0.3227,-0.9528
155276075521306,-0.56229997,0.2667,-0.6635,-0.56229997,0.2667,-0.6635
155276085532243,-0.47259998,0.6489,-0.0176,-0.47259998,0.6489,-0.0176
155276095511931,-0.3516,0.8718,0.17369999,-0.3516,0.8718,0.17369999
155276105522868,-0.2145,0.49809998,-0.078499995,-0.2145,0.49809998,-0.078499995
155276115502556,0.0164,-0.04,-0.41509998,0.0164,-0.04,-0.41509998
155276125513493,0.4341,-0.22749999,-0.2086,0.4341,-0.22749999,-0.2086
155276135524431,0.5757,0.1135,0.3279,0.5757,0.1135,0.3279
155276145505681,0.366,0.6117,0.6561,0.366,0.6117,0.6561
155276155516618,0.112399995,0.7635,0.5117,0.112399995,0.7635,0.5117
155276165527556,-0.06,0.5157,0.30719998,-0.06,0.5157,0.30719998
155276175507243,-0.2049,0.1576,0.4394,-0.2049,0.1576,0.4394
155276185518181,-0.2314,0.22379999,0.7836,-0.2314,0.22379999,0.7836
155276195529118,0.045399997,0.5812,0.6926,0.045399997,0.5812,0.6926
155276205508806,0.4008,0.65749997,0.65569997,0.4008,0.65749997,0.65569997
155276215519743,0.5424,0.2324,0.5922,0.5424,0.2324,0.5922
155276225530681,0.40609998,-0.49449998,0.51309997,0.40609998,-0.49449998,0.51309997
155276235511931,0.0101,-0.8007,0.42369998,0.0101,-0.8007,0.42369998
155276245522868,-0.4256,-0.3206,0.6637,-0.4256,-0.3206,0.6637
155276255533806,-0.73789996,0.4779,0.80289996,-0.73789996,0.4779,0.80289996
155276265513493,0.0131,0.3798,0.2512,0.0131,0.3798,0.2512
155276275524431,0.5463,-0.0037,0.6038,0.5463,-0.0037,0.6038
155276285504118,0.4525,-0.219,0.45819998,0.4525,-0.219,0.45819998
155276295515056,0.3674,-0.4834,0.3275,0.3674,-0.4834,0.3275
155276305525993,0.3681,-0.5714,0.2616,0.3681,-0.5714,0.2616
155276315505681,0.0747,-0.48229998,0.118599996,0.0747,-0.48229998,0.118599996
155276325516618,-0.22109999,-0.0892,0.2242,-0.22109999,-0.0892,0.2242
155276335529118,-0.029199999,0.74259996,0.64199996,-0.029199999,0.74259996,0.64199996
155276345508806,0.1883,1.3909,0.8684,0.1883,1.3909,0.8684
155276355519743,0.110599995,1.1845,0.39429998,0.110599995,1.1845,0.39429998
155276365530681,0.0727,0.019199999,0.19399999,0.0727,0.019199999,0.19399999
155276375510368,0.1259,-0.9389,0.2172,0.1259,-0.9389,0.2172
155276385521306,0.5003,-0.98709995,-0.1374,0.5003,-0.98709995,-0.1374
155276395532243,0.1039,-0.0438,0.103099994,0.1039,-0.0438,0.103099994
155276405511931,-0.23609999,0.81079996,0.0587,-0.23609999,0.81079996,0.0587
155276415522868,-0.2145,0.8606,0.039899997,-0.2145,0.8606,0.039899997
155276425502556,0.1322,0.39119998,-0.20179999,0.1322,0.39119998,-0.20179999
155276435513493,0.1827,-0.067099996,-0.047199998,0.1827,-0.067099996,-0.047199998
155276445525993,0.2332,-0.19309999,0.191,0.2332,-0.19309999,0.191
155276455505681,0.309,-0.0435,-0.0189,0.309,-0.0435,-0.0189
155276465516618,0.31059998,0.2322,-0.057099998,0.31059998,0.2322,-0.057099998
155276475527556,0.0947,0.3506,0.1345,0.0947,0.3506,0.1345
155276485507243,0.0165,0.2935,0.32529998,0.0165,0.2935,0.32529998
155276495518181,0.20809999,0.20539999,0.38369998,0.20809999,0.20539999,0.38369998
155276505529118,0.25849998,0.217,0.3394,0.25849998,0.217,0.3394
155276515508806,0.3592,0.4536,0.21859999,0.3592,0.4536,0.21859999
155276525521306,0.4116,0.4455,0.1742,0.4116,0.4455,0.1742
155276535532243,0.26749998,0.2715,-0.0739,0.26749998,0.2715,-0.0739
155276545511931,-0.010799999,0.0866,-0.119899996,-0.010799999,0.0866,-0.119899996
155276555522868,-0.1757,0.0771,0.19049999,-0.1757,0.0771,0.19049999
155276565533806,-0.2969,0.1274,0.40809998,-0.2969,0.1274,0.40809998
155276575513493,-0.4159,0.108399995,0.0552,-0.4159,0.108399995,0.0552
155276585524431,-0.52,0.011899999,-0.1768,-0.52,0.011899999,-0.1768
155276595504118,-0.46289998,-0.1043,-0.0246,-0.46289998,-0.1043,-0.0246
155276605515056,-0.28759998,-0.1019,0.1295,-0.28759998,-0.1019,0.1295
155276615525993,-0.1357,0.095199995,0.1972,-0.1357,0.095199995,0.1972
155276625507243,-0.1384,0.1568,0.0295,-0.1384,0.1568,0.0295
155276635516618,-0.039699998,-0.0942,-0.2382,-0.039699998,-0.0942,-0.2382
155276645529118,0.1442,-0.31689999,-0.3172,0.1442,-0.31689999,-0.3172
155276655508806,0.23959999,-0.28309998,-0.13509999,0.23959999,-0.28309998,-0.13509999
155276665519743,0.258,-0.13329999,-0.1082,0.258,-0.13329999,-0.1082
155276675530681,0.16309999,0.017199999,-0.13599999,0.16309999,0.017199999,-0.13599999
155276685510368,0.0552,0.0394,0.1055,0.0552,0.0394,0.1055
155276695521306,0.045599997,-0.0082,0.212,0.045599997,-0.0082,0.212
155276705532243,0.1259,-0.0648,-0.086799994,0.1259,-0.0648,-0.086799994
155276715511931,0.25349998,-0.0413,-0.13409999,0.25349998,-0.0413,-0.13409999
155276725522868,0.24659999,0.0391,0.114599995,0.24659999,0.0391,0.114599995
155276735504118,0.1441,0.0616,-0.0166,0.1441,0.0616,-0.0166
155276745515056,0.040799998,0.0142,-0.1724,0.040799998,0.0142,-0.1724
155276755525993,-0.075399995,0.0163,0.0169,-0.075399995,0.0163,0.0169
155276765505681,-0.4358,0.21409999,-0.050699998,-0.4358,0.21409999,-0.050699998
155276775516618,-0.3089,0.22639999,-0.1906,-0.3089,0.22639999,-0.1906
155276785527556,0.2708,-0.0365,0.0846,0.2708,-0.0365,0.0846
155276795507243,0.9597,-0.19,0.19299999,0.9597,-0.19,0.19299999
155276805518181,1.3577,-0.17889999,-0.063,1.3577,-0.17889999,-0.063
155276815529118,1.0891,0.24679999,-0.1268,1.0891,0.24679999,-0.1268
155276825508806,0.6803,0.5999,0.1219,0.6803,0.5999,0.1219
155276835519743,0.8811,0.6972,0.3881,0.8811,0.6972,0.3881
155276845532243,0.93759996,0.63839996,0.45189998,0.93759996,0.63839996,0.45189998
155276855511931,0.3733,0.6859,0.2608,0.3733,0.6859,0.2608
155276865522868,-0.2218,0.7546,0.2304,-0.2218,0.7546,0.2304
155276875502556,-0.4693,0.743,0.058399998,-0.4693,0.743,0.058399998
155276885513493,-0.8455,0.6161,-0.0923,-0.8455,0.6161,-0.0923
155276895524431,-1.0352,0.4077,0.121199995,-1.0352,0.4077,0.121199995
155276905504118,-1.1801,0.0363,-0.0747,-1.1801,0.0363,-0.0747
155276915515056,-1.4129,-0.43289998,-0.26389998,-1.4129,-0.43289998,-0.26389998
155276925527556,-0.9029,-0.3041,-0.17729999,-0.9029,-0.3041,-0.17729999
155276935507243,-0.1819,0.3146,-0.014699999,-0.1819,0.3146,-0.014699999
155276945516618,0.1953,0.119899996,-0.1052,0.1953,0.119899996,-0.1052
155276955529118,0.17899999,-0.454,-0.2584,0.17899999,-0.454,-0.2584
155276965508806,-0.0030999999,-0.5207,-0.39569998,-0.0030999999,-0.5207,-0.39569998
155276975519743,-0.0492,-0.3401,-0.23709999,-0.0492,-0.3401,-0.23709999
155276985530681,-0.0148,-0.39729998,-0.3074,-0.0148,-0.39729998,-0.3074
155276995510368,-0.011399999,-0.57809997,-0.46589997,-0.011399999,-0.57809997,-0.46589997
155277005521306,-0.027099999,-0.57699996,-0.0881,-0.027099999,-0.57699996,-0.0881
155277015532243,-0.55329996,-0.2931,0.1267,-0.55329996,-0.2931,0.1267
155277025511931,-0.3861,0.3549,0.0023,-0.3861,0.3549,0.0023
155277035522868,0.1856,0.17889999,0.081599995,0.1856,0.17889999,0.081599995
155277045502556,0.2872,0.5132,0.0069,0.2872,0.5132,0.0069
155277055515056,0.5474,0.62329996,-0.161,0.5474,0.62329996,-0.161
155277065525993,0.56009996,0.2616,-0.0973,0.56009996,0.2616,-0.0973
155277075505681,0.2395,0.10569999,0.0819,0.2395,0.10569999,0.0819
155277085516618,0.3022,0.0286,-0.16679999,0.3022,0.0286,-0.16679999
155277095527556,0.353,0.0394,0.1392,0.353,0.0394,0.1392
155277105507243,0.1598,0.266,0.1041,0.1598,0.266,0.1041
155277115518181,0.13059999,0.2272,0.0069999998,0.13059999,0.2272,0.0069999998
155277125529118,0.1441,0.0123,-0.20549999,0.1441,0.0123,-0.20549999
155277135508806,0.5607,-0.035099998,0.033099998,0.5607,-0.035099998,0.033099998
155277145521306,1.0286,-0.2209,0.24129999,1.0286,-0.2209,0.24129999
155277155532243,0.9338,-0.2483,0.117199995,0.9338,-0.2483,0.117199995
155277165511931,0.0207,0.4971,0.5512,0.0207,0.4971,0.5512
155277175522868,1.3456,0.8254,1.1172999,1.3456,0.8254,1.1172999
155277185502556,2.0877,0.9729,1.5839,2.0877,0.9729,1.5839
155277195513493,1.4035,0.7829,1.0534999,1.4035,0.7829,1.0534999
155277205524431,0.2447,0.6965,0.016999999,0.2447,0.6965,0.016999999
155277215504118,-2.9814,1.5029,-2.579,-2.9814,1.5029,-2.579
155277225515056,-5.2922997,1.2816,-3.5437999,-5.2922997,1.2816,-3.5437999
155277235525993,-3.7819998,-0.7618,0.4766,-3.7819998,-0.7618,0.4766
155277245507243,-0.7166,-1.5169,2.1355999,-0.7166,-1.5169,2.1355999
155277255516618,0.5764,-0.9769,1.5129,0.5764,-0.9769,1.5129
155277265529118,0.7301,0.092199996,-0.61399996,0.7301,0.092199996,-0.61399996
155277275508806,1.4573,0.46949998,-0.59999996,1.4573,0.46949998,-0.59999996
155277285519743,1.5914999,-0.0607,0.6907,1.5914999,-0.0607,0.6907
155277295530681,0.3299,-0.33769998,0.36479998,0.3299,-0.33769998,0.36479998
155277305510368,-0.5805,-0.0931,-0.305,-0.5805,-0.0931,-0.305
155277315521306,-0.55509996,0.3475,-0.1114,-0.55509996,0.3475,-0.1114
155277325532243,0.8584,0.3078,0.1116,0.8584,0.3078,0.1116
155277335511931,0.24149999,0.11,0.1819,0.24149999,0.11,0.1819
155277345522868,0.4421,-0.1061,-0.1928,0.4421,-0.1061,-0.1928
155277355504118,0.83379996,0.0411,0.0819,0.83379996,0.0411,0.0819
155277365515056,0.7457,0.2661,0.23629999,0.7457,0.2661,0.23629999
155277375525993,0.3858,0.2945,-0.0045,0.3858,0.2945,-0.0045
155277385505681,-0.4446,-0.1174,-1.1324999,-0.4446,-0.1174,-1.1324999
155277395516618,-2.2289999,-2.7984998,-3.0674999,-2.2289999,-2.7984998,-3.0674999
155277405527556,-0.1607,-0.9181,3.1773999,-0.1607,-0.9181,3.1773999
155277415507243,-1.5483999,1.0141,1.9060999,-1.5483999,1.0141,1.9060999
155277425518181,-1.3047999,1.4829999,0.0931,-1.3047999,1.4829999,0.0931
155277435530681,-1.3259,1.4939,-1.0012,-1.3259,1.4939,-1.0012
155277445508806,-1.9688,1.2174,0.12799999,-1.9688,1.2174,0.12799999
155277455521306,-2.3523,0.31649998,0.8964,-2.3523,0.31649998,0.8964
155277465532243,-2.2621,0.267,0.74,-2.2621,0.267,0.74
155277475511931,-2.0182,0.63879997,-0.1662,-2.0182,0.63879997,-0.1662
155277485522868,-1.5386,0.248,-0.5707,-1.5386,0.248,-0.5707
155277495502556,0.1601,-0.373,-0.3577,0.1601,-0.373,-0.3577
155277505513493,1.8184999,-0.64309996,0.29979998,1.8184999,-0.64309996,0.29979998
155277515524431,1.2267,-0.2548,0.4016,1.2267,-0.2548,0.4016
155277525504118,5.0365,1.7815,-0.45889997,5.0365,1.7815,-0.45889997
155277535515056,4.7359,3.6439998,-0.935,4.7359,3.6439998,-0.935
155277545527556,3.3925,3.77,-0.1479,3.3925,3.77,-0.1479
155277555507243,1.837,2.2848,0.3919,1.837,2.2848,0.3919
155277565516618,0.715,0.65389997,0.7367,0.715,0.65389997,0.7367
155277575529118,-0.0158,0.1997,-0.0104,-0.0158,0.1997,-0.0104
155277585508806,-0.59099996,0.4238,-0.8364,-0.59099996,0.4238,-0.8364
155277595519743,-0.46499997,0.5234,-0.95549995,-0.46499997,0.5234,-0.95549995
155277605530681,-0.2224,0.5697,-0.7001,-0.2224,0.5697,-0.7001
155277615510368,-0.20799999,0.53929996,-0.4391,-0.20799999,0.53929996,-0.4391
155277625521306,0.0019999999,0.1642,0.2496,0.0019999999,0.1642,0.2496
155277635532243,0.5317,0.3293,0.0883,0.5317,0.3293,0.0883
155277645511931,0.8404,0.8585,-0.4592,0.8404,0.8585,-0.4592
155277655524431,1.3456,1.1193,-0.47919998,1.3456,1.1193,-0.47919998
155277665504118,0.8488,0.51,-0.38939998,0.8488,0.51,-0.38939998
155277675515056,0.8486,-0.1827,-0.1267,0.8486,-0.1827,-0.1267
155277685525993,0.5415,-0.42,0.116799995,0.5415,-0.42,0.116799995
155277695505681,-0.0288,-0.14829999,0.1996,-0.0288,-0.14829999,0.1996
155277705516618,-0.2904,0.0074,-0.0169,-0.2904,0.0074,-0.0169
155277715527556,-0.0971,-0.7096,0.1451,-0.0971,-0.7096,0.1451
155277725507243,-0.3732,-1.2597,0.1567,-0.3732,-1.2597,0.1567
155277735518181,-0.71029997,-1.5191,0.3823,-0.71029997,-1.5191,0.3823
155277745530681,-0.6392,-1.9509,0.043199997,-0.6392,-1.9509,0.043199997
155277755510368,0.0015,-2.0444999,0.18259999,0.0015,-2.0444999,0.18259999
155277765521306,0.0199,-1.5361999,0.2366,0.0199,-1.5361999,0.2366
155277775532243,0.2288,-1.3233,-0.16749999,0.2288,-1.3233,-0.16749999
155277785511931,0.29389998,-0.79609996,-0.1635,0.29389998,-0.79609996,-0.1635
155277795522868,0.4165,-0.82129997,-0.1484,0.4165,-0.82129997,-0.1484
155277805502556,0.3126,-0.8943,-0.23709999,0.3126,-0.8943,-0.23709999
155277815513493,0.0334,-0.9623,-0.1804,0.0334,-0.9623,-0.1804
155277825524431,-0.34109998,-1.2057999,-0.3581,-0.34109998,-1.2057999,-0.3581
155277835504118,-0.45679998,-1.6212,-0.1874,-0.45679998,-1.6212,-0.1874
155277845515056,-0.3496,-0.6217,0.0053999997,-0.3496,-0.6217,0.0053999997
155277855527556,-0.0436,0.0722,0.0379,-0.0436,0.0722,0.0379
155277865507243,0.4012,-0.025799999,0.0437,0.4012,-0.025799999,0.0437
155277875518181,0.4386,0.43809998,-0.13059999,0.4386,0.43809998,-0.13059999
155277885529118,-0.0775,0.8427,0.0453,-0.0775,0.8427,0.0453
155277895508806,-0.3268,0.475,0.1724,-0.3268,0.475,0.1724
155277905519743,-0.12539999,-0.1397,0.24659999,-0.12539999,-0.1397,0.24659999
155277915530681,-0.3234,-0.2728,0.49989998,-0.3234,-0.2728,0.49989998
155277925510368,-0.1485,-0.1635,0.3706,-0.1485,-0.1635,0.3706
155277935521306,0.2208,-0.1252,0.2606,0.2208,-0.1252,0.2606
155277945532243,0.2499,-0.046699997,0.274,0.2499,-0.046699997,0.274
155277955511931,0.2714,-0.25869998,-0.0050999997,0.2714,-0.25869998,-0.0050999997
155277965524431,-0.026999999,-0.1388,-0.051999997,-0.026999999,-0.1388,-0.051999997
155277975504118,-0.4684,0.79429996,-0.2853,-0.4684,0.79429996,-0.2853
155277985515056,0.2359,0.55759996,0.20359999,0.2359,0.55759996,0.20359999
155277995525993,0.7506,0.0572,0.012999999,0.7506,0.0572,0.012999999
155278005505681,0.2399,0.0779,0.22289999,0.2399,0.0779,0.22289999
155278015516618,-0.363,0.110599995,0.1788,-0.363,0.110599995,0.1788
155278025527556,0.3354,9.0E-4,0.092,0.3354,9.0E-4,0.092
155278035507243,1.2427,1.2181,0.189,1.2427,1.2181,0.189
155278045519743,0.65309995,0.5369,0.28039998,0.65309995,0.5369,0.28039998
155278055530681,0.305,-1.0E-4,0.27699998,0.305,-1.0E-4,0.27699998
155278065510368,0.15609999,-0.226,0.2351,0.15609999,-0.226,0.2351
155278075521306,0.3399,-0.41979998,0.0954,0.3399,-0.41979998,0.0954
155278085532243,0.396,-0.2629,0.092999995,0.396,-0.2629,0.092999995
155278095511931,0.151,0.1882,0.055299997,0.151,0.1882,0.055299997
155278105522868,0.1838,0.3482,0.0818,0.1838,0.3482,0.0818
155278115502556,0.3375,0.17719999,0.1021,0.3375,0.17719999,0.1021
155278125513493,-0.0629,0.0458,0.1475,-0.0629,0.0458,0.1475
155278135524431,-0.38869998,-0.16,0.2148,-0.38869998,-0.16,0.2148
155278145504118,-0.18169999,-0.34989998,0.2016,-0.18169999,-0.34989998,0.2016
155278155516618,0.5399,-0.063599996,0.1554,0.5399,-0.063599996,0.1554
155278165527556,0.8689,0.61079997,0.111899994,0.8689,0.61079997,0.111899994
155278175507243,0.7769,0.9133,0.0804,0.7769,0.9133,0.0804
155278185518181,-0.0175,0.53319997,0.0598,-0.0175,0.53319997,0.0598
155278195529118,-0.2977,0.124,0.027199998,-0.2977,0.124,0.027199998
155278205508806,-0.032899998,0.2269,-0.010799999,-0.032899998,0.2269,-0.010799999
155278215519743,0.086899996,0.24939999,0.033299997,0.086899996,0.24939999,0.033299997
155278225530681,0.2112,0.304,0.0823,0.2112,0.304,0.0823
155278235510368,0.4888,0.556,0.0837,0.4888,0.556,0.0837
155278245522868,0.2916,0.8578,0.064399995,0.2916,0.8578,0.064399995
155278255533806,0.167,0.9475,0.0347,0.167,0.9475,0.0347
155278265511931,0.3752,0.96199995,-0.032199997,0.3752,0.96199995,-0.032199997
155278275524431,0.0378,0.677,0.0592,0.0378,0.677,0.0592
155278285504118,-0.243,-0.2523,0.022,-0.243,-0.2523,0.022
155278295515056,-0.0727,-0.22989999,-0.032899998,-0.0727,-0.22989999,-0.032899998
155278305525993,-0.12109999,0.037299998,0.035099998,-0.12109999,0.037299998,0.035099998
155278315505681,-0.0646,0.61439997,0.103199996,-0.0646,0.61439997,0.103199996
155278325516618,0.6479,0.95159996,0.103199996,0.6479,0.95159996,0.103199996
155278335527556,0.1767,0.8147,0.1019,0.1767,0.8147,0.1019
155278345507243,-0.3302,0.2879,0.1127,-0.3302,0.2879,0.1127
155278355519743,-0.34129998,-0.2525,0.1108,-0.34129998,-0.2525,0.1108
155278365530681,-0.0959,-0.41489998,0.1043,-0.0959,-0.41489998,0.1043
155278375510368,0.2056,-0.1457,0.056599997,0.2056,-0.1457,0.056599997
155278385521306,0.27429998,0.0977,0.0385,0.27429998,0.0977,0.0385
155278395532243,0.1283,0.0556,0.075399995,0.1283,0.0556,0.075399995
155278405511931,0.023,-0.063999996,0.077599995,0.023,-0.063999996,0.077599995
155278415522868,-0.3561,-0.3326,0.0418,-0.3561,-0.3326,0.0418
155278425502556,-0.4055,-0.5983,0.0556,-0.4055,-0.5983,0.0556
155278435513493,0.1061,-0.3233,0.058799997,0.1061,-0.3233,0.058799997
155278445525993,0.3276,-0.1083,0.0016,0.3276,-0.1083,0.0016
155278455504118,0.33859998,-0.262,-0.0514,0.33859998,-0.262,-0.0514
155278465515056,0.3838,-0.4789,-0.0315,0.3838,-0.4789,-0.0315
155278475527556,0.3619,-0.4357,-0.035299998,0.3619,-0.4357,-0.035299998
155278485507243,0.1698,-0.083399996,0.0335,0.1698,-0.083399996,0.0335
155278495518181,0.2087,0.2692,-0.0563,0.2087,0.2692,-0.0563
155278505529118,-0.1193,0.6599,-0.048299998,-0.1193,0.6599,-0.048299998
155278515508806,-0.54829997,0.8767,-0.0576,-0.54829997,0.8767,-0.0576
155278525519743,-0.338,0.27699998,0.0279,-0.338,0.27699998,0.0279
155278535530681,-0.2313,-0.0392,0.0641,-0.2313,-0.0392,0.0641
155278545510368,-0.4256,0.1753,0.060999997,-0.4256,0.1753,0.060999997
155278555522868,-0.081999995,-0.0016999999,0.01,-0.081999995,-0.0016999999,0.01
155278565533806,0.2216,-0.021699999,0.116,0.2216,-0.021699999,0.116
155278575513493,0.21429999,0.019,-9.999999E-4,0.21429999,0.019,-9.999999E-4
155278585524431,0.2863,0.018299999,-0.2463,0.2863,0.018299999,-0.2463
155278595504118,0.21079999,0.0195,-0.011399999,0.21079999,0.0195,-0.011399999
155278605515056,0.0916,-0.0103,0.0145,0.0916,-0.0103,0.0145
155278615525993,0.115499996,0.1457,0.1541,0.115499996,0.1457,0.1541
155278625505681,0.0845,0.5281,0.0448,0.0845,0.5281,0.0448
155278635516618,0.3603,0.4105,0.0579,0.3603,0.4105,0.0579
155278645527556,0.3928,0.1838,-0.0523,0.3928,0.1838,-0.0523
155278655507243,-0.1083,0.22999999,0.041699998,-0.1083,0.22999999,0.041699998
155278665519743,-0.54829997,0.20989999,0.089499995,-0.54829997,0.20989999,0.089499995
155278675530681,-0.082899995,-0.0738,0.038599998,-0.082899995,-0.0738,0.038599998
155278685510368,-0.2243,0.2131,0.13589999,-0.2243,0.2131,0.13589999
155278695521306,-0.2538,0.2312,0.0809,-0.2538,0.2312,0.0809
155278705532243,0.1595,-0.0909,0.0898,0.1595,-0.0909,0.0898
155278715511931,-0.0287,-0.1574,0.068799995,-0.0287,-0.1574,0.068799995
155278725522868,-0.1292,-0.076699995,0.087799996,-0.1292,-0.076699995,0.087799996
155278735502556,0.1337,0.0642,0.084699996,0.1337,0.0642,0.084699996
155278745513493,0.3773,0.1959,0.015199999,0.3773,0.1959,0.015199999
155278755524431,0.49289998,0.2244,-0.0625,0.49289998,0.2244,-0.0625
155278765505681,0.4516,0.2311,-0.0431,0.4516,0.2311,-0.0431
155278775515056,0.0685,0.32549998,0.013499999,0.0685,0.32549998,0.013499999
155278785527556,-0.1188,0.1757,0.0053,-0.1188,0.1757,0.0053
155278795507243,-0.3988,0.0418,-0.0144,-0.3988,0.0418,-0.0144
155278805518181,0.13509999,0.0602,-0.0415,0.13509999,0.0602,-0.0415
155278815529118,0.46609998,0.189,0.102,0.46609998,0.189,0.102
155278825508806,0.76489997,0.46519998,-0.0416,0.76489997,0.46519998,-0.0416
155278835519743,0.7018,0.3631,-0.0412,0.7018,0.3631,-0.0412
155278845530681,0.19839999,0.1389,-0.098299995,0.19839999,0.1389,-0.098299995
155278855510368,-0.23779999,0.066599995,-0.0101,-0.23779999,0.066599995,-0.0101
155278865522868,-0.40379998,0.1629,0.0315,-0.40379998,0.1629,0.0315
155278875533806,-0.47649997,0.196,-0.0173,-0.47649997,0.196,-0.0173
155278885513493,-0.4901,0.2095,-0.0267,-0.4901,0.2095,-0.0267
155278895524431,-0.15359999,0.096099995,-0.0074,-0.15359999,0.096099995,-0.0074
155278905504118,0.3373,0.064899996,0.0822,0.3373,0.064899996,0.0822
155278915515056,0.2366,0.3211,-0.016999999,0.2366,0.3211,-0.016999999
155278925525993,0.694,0.34309998,-0.14299999,0.694,0.34309998,-0.14299999
155278935505681,0.6537,0.39859998,0.0212,0.6537,0.39859998,0.0212
155278945516618,0.10789999,0.27199998,-0.036199998,0.10789999,0.27199998,-0.036199998
155278955529118,-0.0536,-0.054399997,0.061199997,-0.0536,-0.054399997,0.061199997
155278965508806,-0.26999998,0.0011999999,0.0149,-0.26999998,0.0011999999,0.0149
155278975519743,-0.2628,0.1292,0.023599999,-0.2628,0.1292,0.023599999
155278985530681,-0.24489999,0.182,-0.0143,-0.24489999,0.182,-0.0143
155278995510368,-0.22399999,0.2304,0.0042999997,-0.22399999,0.2304,0.0042999997
155279005521306,0.059,0.2836,-0.1687,0.059,0.2836,-0.1687
155279015532243,0.0221,0.20629999,0.1114,0.0221,0.20629999,0.1114
155279025511931,0.086799994,0.1822,-0.19749999,0.086799994,0.1822,-0.19749999
155279035522868,-0.0341,0.2616,0.0475,-0.0341,0.2616,0.0475
155279045502556,-0.21419999,0.2148,-0.0657,-0.21419999,0.2148,-0.0657
155279055513493,-0.1372,0.0663,-0.070999995,-0.1372,0.0663,-0.070999995
155279065525993,-0.047199998,0.018,-0.0761,-0.047199998,0.018,-0.0761
155279075505681,0.012499999,0.088199995,-0.1276,0.012499999,0.088199995,-0.1276
155279085516618,0.0687,0.22739999,-0.113699995,0.0687,0.22739999,-0.113699995
155279095527556,0.0491,0.3951,-0.1392,0.0491,0.3951,-0.1392
155279105507243,0.067999996,0.3863,-0.0381,0.067999996,0.3863,-0.0381
155279115518181,0.0347,0.27609998,0.0777,0.0347,0.27609998,0.0777
155279125529118,0.1322,0.1663,0.0515,0.1322,0.1663,0.0515
155279135508806,0.34739998,0.0409,-0.10789999,0.34739998,0.0409,-0.10789999
155279145519743,0.45709997,-0.020499999,-0.15359999,0.45709997,-0.020499999,-0.15359999
155279155530681,0.4529,-0.0565,-0.0968,0.4529,-0.0565,-0.0968
155279165510368,0.38889998,-0.16759999,-0.1419,0.38889998,-0.16759999,-0.1419
155279175522868,0.1095,0.036199998,-0.1818,0.1095,0.036199998,-0.1818
155279185533806,-0.0273,0.2373,-0.118999995,-0.0273,0.2373,-0.118999995
155279195513493,0.0458,0.1812,0.0277,0.0458,0.1812,0.0277
155279205524431,0.0694,0.0968,0.08,0.0694,0.0968,0.08
155279215504118,-0.1981,0.2625,0.058799997,-0.1981,0.2625,0.058799997
155279225515056,-0.5467,0.5219,0.0347,-0.5467,0.5219,0.0347
155279235525993,-0.26479998,0.2565,0.0241,-0.26479998,0.2565,0.0241
155279245505681,-0.37579998,0.2629,0.1265,-0.37579998,0.2629,0.1265
155279255516618,-0.4682,0.43879998,0.083799995,-0.4682,0.43879998,0.083799995
155279265527556,-0.28129998,0.29009998,-0.0295,-0.28129998,0.29009998,-0.0295
155279275508806,-0.12,0.0622,-0.0629,-0.12,0.0622,-0.0629
155279285519743,-0.0285,-0.13599999,-0.0971,-0.0285,-0.13599999,-0.0971
155279295530681,0.0311,-0.33229998,-0.057699997,0.0311,-0.33229998,-0.057699997
155279305510368,0.3796,-0.28599998,0.0743,0.3796,-0.28599998,0.0743
155279315521306,0.1417,-0.012,-0.0286,0.1417,-0.012,-0.0286
155279325532243,0.0308,0.2417,-0.1734,0.0308,0.2417,-0.1734
155279335511931,-0.1338,0.37019998,-0.16749999,-0.1338,0.37019998,-0.16749999
155279345522868,-0.2197,0.3435,-0.0468,-0.2197,0.3435,-0.0468
155279355504118,-0.2619,0.234,0.0221,-0.2619,0.234,0.0221
155279365513493,-0.0643,0.0482,-0.0233,-0.0643,0.0482,-0.0233
155279375525993,0.0866,-0.078899994,-0.0084999995,0.0866,-0.078899994,-0.0084999995
155279385505681,0.2747,-0.01,0.053,0.2747,-0.01,0.053
155279395516618,0.40989998,0.1399,0.100999996,0.40989998,0.1399,0.100999996
155279405527556,0.0805,0.2306,-0.0128,0.0805,0.2306,-0.0128
155279415507243,-0.1721,0.37739998,-0.0316,-0.1721,0.37739998,-0.0316
155279425518181,0.0731,0.273,0.040599998,0.0731,0.273,0.040599998
155279435529118,0.092099994,0.1778,0.0605,0.092099994,0.1778,0.0605
155279445508806,-0.0902,0.20019999,0.0262,-0.0902,0.20019999,0.0262
155279455519743,-0.22109999,0.061199997,0.1143,-0.22109999,0.061199997,0.1143
155279465530681,-0.24489999,0.15179999,0.1484,-0.24489999,0.15179999,0.1484
155279475511931,-0.5816,0.61899996,-0.094,-0.5816,0.61899996,-0.094
155279485522868,-0.3225,0.4976,-0.4103,-0.3225,0.4976,-0.4103
155279495533806,0.42229998,-0.0765,-0.1612,0.42229998,-0.0765,-0.1612
155279505513493,0.2994,-0.0095999995,0.1669,0.2994,-0.0095999995,0.1669
155279515524431,0.0841,0.0846,0.0229,0.0841,0.0846,0.0229
155279525504118,0.2679,-0.1452,-0.2049,0.2679,-0.1452,-0.2049
155279535515056,0.075899996,-0.1278,-0.1928,0.075899996,-0.1278,-0.1928
155279545525993,-0.0064999997,-0.0148,-0.32549998,-0.0064999997,-0.0148,-0.32549998
155279555505681,0.113199994,0.0906,-0.2183,0.113199994,0.0906,-0.2183
155279565516618,0.0861,0.0738,-0.3531,0.0861,0.0738,-0.3531
155279575529118,0.2428,0.1479,-0.275,0.2428,0.1479,-0.275
155279585508806,0.1959,0.2355,-0.17729999,0.1959,0.2355,-0.17729999
155279595519743,0.0072999997,0.2521,0.0056999996,0.0072999997,0.2521,0.0056999996
155279605530681,0.12109999,0.2793,0.0626,0.12109999,0.2793,0.0626
155279615510368,4.0E-4,0.31379998,0.16049999,4.0E-4,0.31379998,0.16049999
155279625521306,-0.2138,0.303,0.099599995,-0.2138,0.303,0.099599995
155279635532243,-0.074599996,0.1068,-0.1046,-0.074599996,0.1068,-0.1046
155279645511931,-0.012,-0.0092,-0.036399998,-0.012,-0.0092,-0.036399998
155279655522868,0.1209,-0.0251,0.0409,0.1209,-0.0251,0.0409
155279665502556,0.21849999,-0.0613,-0.0468,0.21849999,-0.0613,-0.0468
155279675515056,0.0695,-0.0367,-0.1586,0.0695,-0.0367,-0.1586
155279685525993,-0.2796,-0.0255,-0.081199996,-0.2796,-0.0255,-0.081199996
155279695505681,-0.2958,0.071899995,-0.11889999,-0.2958,0.071899995,-0.11889999
155279705516618,-0.0275,0.1217,-0.014699999,-0.0275,0.1217,-0.014699999
155279715527556,-0.0266,0.2007,0.114999995,-0.0266,0.2007,0.114999995
155279725507243,0.0224,0.22219999,0.2882,0.0224,0.22219999,0.2882
155279735518181,0.098699994,0.2518,0.2762,0.098699994,0.2518,0.2762
155279745529118,0.1598,0.2633,0.2549,0.1598,0.2633,0.2549
155279755508806,0.2597,0.22839999,0.104499996,0.2597,0.22839999,0.104499996
155279765521306,0.48709998,0.1525,-0.1002,0.48709998,0.1525,-0.1002
155279775532243,0.5582,0.1442,-0.2355,0.5582,0.1442,-0.2355
155279785511931,0.1547,0.086399995,-0.2726,0.1547,0.086399995,-0.2726
155279795522868,-0.1021,-0.0276,-0.2224,-0.1021,-0.0276,-0.2224
155279805502556,-0.0758,0.1011,-0.024799999,-0.0758,0.1011,-0.024799999
155279815513493,0.0174,0.1336,-0.14649999,0.0174,0.1336,-0.14649999
155279825524431,0.1686,0.126,-0.13499999,0.1686,0.126,-0.13499999
155279835504118,-0.0315,0.2364,-0.1695,-0.0315,0.2364,-0.1695
155279845515056,0.0011999999,0.2681,-0.1487,0.0011999999,0.2681,-0.1487
155279855525993,0.2206,0.058,-0.0771,0.2206,0.058,-0.0771
155279865505681,-0.0447,0.070999995,-0.086899996,-0.0447,0.070999995,-0.086899996
155279875518181,-0.1197,0.21,-0.0387,-0.1197,0.21,-0.0387
155279885529118,0.109299995,0.1724,-0.0298,0.109299995,0.1724,-0.0298
155279895508806,0.1989,0.1003,-0.0959,0.1989,0.1003,-0.0959
155279905519743,0.276,0.2017,-0.1748,0.276,0.2017,-0.1748
155279915530681,0.4868,0.2785,-0.114199996,0.4868,0.2785,-0.114199996
155279925510368,0.2541,0.3002,-0.036199998,0.2541,0.3002,-0.036199998
155279935521306,0.084699996,0.24249999,-0.1136,0.084699996,0.24249999,-0.1136
155279945532243,0.065,0.076,0.0241,0.065,0.076,0.0241
155279955511931,0.0367,-0.0314,-0.0711,0.0367,-0.0314,-0.0711
155279965522868,-0.3999,0.0751,-0.23719999,-0.3999,0.0751,-0.23719999
155279975504118,-0.3624,0.0325,-0.2588,-0.3624,0.0325,-0.2588
155279985515056,0.2695,0.0797,-0.024999999,0.2695,0.0797,-0.024999999
155279995525993,0.233,0.5069,0.2174,0.233,0.5069,0.2174
155280005505681,0.26139998,0.74909997,0.0989,0.26139998,0.74909997,0.0989
155280015516618,0.51309997,0.51379997,-0.0319,0.51309997,0.51379997,-0.0319
155280025527556,0.3687,0.23529999,-0.0025,0.3687,0.23529999,-0.0025
155280035507243,0.087299995,0.113699995,0.0071,0.087299995,0.113699995,0.0071
155280045518181,-0.1805,-0.037699997,-0.0885,-0.1805,-0.037699997,-0.0885
155280055529118,-0.44599998,-0.52309996,-0.23169999,-0.44599998,-0.52309996,-0.23169999
155280065508806,-0.0806,-0.3011,-0.2409,-0.0806,-0.3011,-0.2409
155280075521306,0.39119998,0.045399997,-0.091299996,0.39119998,0.045399997,-0.091299996
155280085532243,-0.043199997,0.1639,-0.052199997,-0.043199997,0.1639,-0.052199997
155280095511931,-0.1564,0.1528,-0.1012,-0.1564,0.1528,-0.1012
155280105522868,0.0246,0.23259999,-0.013599999,0.0246,0.23259999,-0.013599999
155280115502556,-0.1077,0.40649998,-0.0668,-0.1077,0.40649998,-0.0668
155280125513493,-0.0995,0.3181,0.029199999,-0.0995,0.3181,0.029199999
155280135524431,-0.0669,0.1683,0.0622,-0.0669,0.1683,0.0622
155280145504118,-0.067999996,0.060099997,0.099,-0.067999996,0.060099997,0.099
155280155515056,-0.2764,0.1744,0.0164,-0.2764,0.1744,0.0164
155280165527556,-0.2945,0.1862,-0.0149,-0.2945,0.1862,-0.0149
155280175507243,0.1952,0.0932,0.0011,0.1952,0.0932,0.0011
155280185518181,0.3129,0.3436,0.018199999,0.3129,0.3436,0.018199999
155280195529118,0.22129999,0.3295,0.022599999,0.22129999,0.3295,0.022599999
155280205508806,0.0569,0.069699995,0.0211,0.0569,0.069699995,0.0211
155280215519743,0.012,-0.102199994,0.0199,0.012,-0.102199994,0.0199
155280225530681,-0.0698,-0.0394,-0.048899997,-0.0698,-0.0394,-0.048899997
155280235510368,-0.19139999,0.1182,-0.0115,-0.19139999,0.1182,-0.0115
155280245521306,0.2472,0.062699996,0.0158,0.2472,0.062699996,0.0158
155280255532243,0.42319998,0.1011,0.0042999997,0.42319998,0.1011,0.0042999997
155280265511931,0.3312,0.1539,0.0902,0.3312,0.1539,0.0902
155280275522868,0.2798,0.1498,0.0758,0.2798,0.1498,0.0758
155280285504118,0.1276,0.23279999,-0.0039,0.1276,0.23279999,-0.0039
155280295515056,0.0521,0.23799999,-0.053799998,0.0521,0.23799999,-0.053799998
155280305525993,-0.151,0.17459999,-0.0744,-0.151,0.17459999,-0.0744
155280315505681,-0.2461,0.18779999,-0.2076,-0.2461,0.18779999,-0.2076
155280325516618,-0.047599997,0.2523,0.0176,-0.047599997,0.2523,0.0176
155280335527556,0.2856,-0.0422,0.055,0.2856,-0.0422,0.055
155280345507243,0.3606,0.1319,-0.122499995,0.3606,0.1319,-0.122499995
155280355518181,0.3031,0.2199,-0.0929,0.3031,0.2199,-0.0929
155280365529118,0.3186,0.1165,-0.1335,0.3186,0.1165,-0.1335
155280375510368,0.1802,-0.0519,-0.1008,0.1802,-0.0519,-0.1008
155280385521306,0.1978,-0.0416,-0.0033999998,0.1978,-0.0416,-0.0033999998
155280395532243,0.016999999,0.097399995,-0.070999995,0.016999999,0.097399995,-0.070999995
155280405511931,-0.0235,0.0973,-0.073199995,-0.0235,0.0973,-0.073199995
155280415522868,-0.006,0.0981,-0.072799996,-0.006,0.0981,-0.072799996
155280425502556,-0.027999999,0.1671,-0.0451,-0.027999999,0.1671,-0.0451
155280435513493,0.0189,0.18679999,-0.0081,0.0189,0.18679999,-0.0081
155280445524431,-0.0046,0.22739999,-0.018,-0.0046,0.22739999,-0.018
155280455504118,-0.0139999995,0.21689999,-0.0104,-0.0139999995,0.21689999,-0.0104
155280465515056,-0.0276,0.22819999,0.0099,-0.0276,0.22819999,0.0099
155280475527556,0.0224,0.24659999,0.0363,0.0224,0.24659999,0.0363
155280485507243,0.1583,0.1788,0.0374,0.1583,0.1788,0.0374
155280495518181,0.097899996,0.1497,0.017099999,0.097899996,0.1497,0.017099999
155280505529118,-0.0111,0.14109999,0.0197,-0.0111,0.14109999,0.0197
155280515508806,-0.0089,0.120699994,0.0101,-0.0089,0.120699994,0.0101
155280525519743,-0.0308,0.0734,-0.015899999,-0.0308,0.0734,-0.015899999
155280535530681,-0.1048,0.1507,-0.0243,-0.1048,0.1507,-0.0243
155280545510368,0.0099,0.16229999,-0.0804,0.0099,0.16229999,-0.0804
155280555521306,0.067099996,0.1148,-0.0769,0.067099996,0.1148,-0.0769
155280565532243,0.1572,0.23259999,-0.0839,0.1572,0.23259999,-0.0839
155280575511931,0.0634,0.1437,-0.0613,0.0634,0.1437,-0.0613
155280585524431,-0.0106,0.0839,-7.0E-4,-0.0106,0.0839,-7.0E-4
155280595504118,-0.024999999,0.1602,0.0374,-0.024999999,0.1602,0.0374
155280605515056,0.102699995,0.1607,-0.0782,0.102699995,0.1607,-0.0782
155280615525993,0.24329999,0.2122,-0.0479,0.24329999,0.2122,-0.0479
155280625505681,0.0841,0.2427,-0.0078,0.0841,0.2427,-0.0078
155280635516618,-0.022699999,0.1735,-0.018299999,-0.022699999,0.1735,-0.018299999
155280645527556,-0.049599998,0.13769999,-0.0251,-0.049599998,0.13769999,-0.0251
155280655507243,0.045399997,0.16839999,-0.043899998,0.045399997,0.16839999,-0.043899998
155280665518181,-0.1059,0.2005,-0.0591,-0.1059,0.2005,-0.0591
155280675529118,-0.1153,0.1486,-0.0664,-0.1153,0.1486,-0.0664
155280685510368,-0.040999997,0.18679999,0.0053999997,-0.040999997,0.18679999,0.0053999997
155280695521306,0.119799994,0.3136,-0.0607,0.119799994,0.3136,-0.0607
155280705532243,0.2509,0.2537,-0.010799999,0.2509,0.2537,-0.010799999
155280715511931,0.015299999,0.1751,0.0275,0.015299999,0.1751,0.0275
155280725522868,0.0915,0.1467,0.0968,0.0915,0.1467,0.0968
155280735502556,0.0273,0.17809999,-0.020399999,0.0273,0.17809999,-0.020399999
155280745513493,-0.076699995,0.19999999,-0.1768,-0.076699995,0.19999999,-0.1768
155280755524431,-0.2419,0.0722,-0.0484,-0.2419,0.0722,-0.0484
