156527079160833,0.0056999996,-0.0547,0.0179,0.0056999996,-0.0547,0.0179
156527088234271,0.0055,-0.0547,0.0177,0.0055,-0.0547,0.0177
156527098240521,0.0067999996,-0.0548,0.019199999,0.0067999996,-0.0548,0.019199999
156527108238958,-0.090399995,-0.065299995,2.9999999E-4,-0.090399995,-0.065299995,2.9999999E-4
156527118595729,-0.0991,-0.0064999997,0.0019999999,-0.0991,-0.0064999997,0.0019999999
156527128221771,-0.0088,0.0030999999,0.030399999,-0.0088,0.0030999999,0.030399999
156527138266562,-0.0567,-0.0165,0.1105,-0.0567,-0.0165,0.1105
156527148272291,0.021599999,-0.0263,0.095,0.021599999,-0.0263,0.095
156527158244166,0.1599,-0.036199998,0.028099999,0.1599,-0.036199998,0.028099999
156527168212916,0.1485,-0.064899996,0.011399999,0.1485,-0.064899996,0.011399999
156527178262396,0.1496,-0.0747,-0.0163,0.1496,-0.0747,-0.0163
156527188256666,0.1762,-0.0347,-0.011399999,0.1762,-0.0347,-0.011399999
156527198659271,0.0793,-0.0053,0.0391,0.0793,-0.0053,0.0391
156527208198333,-0.0064999997,-0.0447,0.1121,-0.0064999997,-0.0447,0.1121
156527218773854,0.0436,-0.0938,0.1924,0.0436,-0.0938,0.1924
156527228997812,0.0795,-0.1034,0.147,0.0795,-0.1034,0.147
156527238947812,-0.0674,-0.0323,-0.2611,-0.0674,-0.0323,-0.2611
156527248932187,-0.074499995,0.0158,-0.2922,-0.074499995,0.0158,-0.2922
156527260918125,-0.2949,0.0747,-0.6911,-0.2949,0.0747,-0.6911
156527268908750,-0.42209998,0.0605,-0.6487,-0.42209998,0.0605,-0.6487
156527278966041,-0.77919996,0.1127,-0.90739995,-0.77919996,0.1127,-0.90739995
156527288934271,-0.8344,0.1041,-0.7384,-0.8344,0.1041,-0.7384
156527298933229,-1.0569,0.2069,-1.0399,-1.0569,0.2069,-1.0399
156527308915521,-0.8885,0.20439999,-1.1177,-0.8885,0.20439999,-1.1177
156527319569166,-0.583,0.1982,-1.5496999,-0.583,0.1982,-1.5496999
156527328959271,-0.45299998,0.24309999,-1.5339999,-0.45299998,0.24309999,-1.5339999
156527338936875,-0.61109996,0.3321,-1.8312999,-0.61109996,0.3321,-1.8312999
156527348888958,-0.696,0.2155,-1.7136999,-0.696,0.2155,-1.7136999
156527358953541,-1.0749,0.2418,-1.9375,-1.0749,0.2418,-1.9375
156527369012916,-1.0732,0.0722,-1.7095,-1.0732,0.0722,-1.7095
156527379095208,-1.3601999,0.1722,-2.2038999,-1.3601999,0.1722,-2.2038999
156527389005625,-1.2653999,0.3391,-2.1074,-1.2653999,0.3391,-2.1074
156527399063437,-1.4017,0.52059996,-2.3999,-1.4017,0.52059996,-2.3999
156527408998333,-1.3662,0.3696,-2.3346,-1.3662,0.3696,-2.3346
156527419036875,-1.6876,0.59349996,-2.6346,-1.6876,0.59349996,-2.6346
156527429210312,-1.7375,0.66319996,-2.4721,-1.7375,0.66319996,-2.4721
156527439506146,-1.7929,0.6838,-2.8398,-1.7929,0.6838,-2.8398
156527449157708,-1.5361999,0.50479996,-2.9034,-1.5361999,0.50479996,-2.9034
156527459242604,-1.6463,0.5663,-3.1341,-1.6463,0.5663,-3.1341
156527469188437,-1.8182,0.6981,-2.9799,-1.8182,0.6981,-2.9799
156527479230625,-2.0702,0.8404,-3.0598,-2.0702,0.8404,-3.0598
156527489151458,-2.0486999,0.6967,-2.886,-2.0486999,0.6967,-2.886
156527499176458,-2.0056,0.7522,-3.0932999,-2.0056,0.7522,-3.0932999
156527509213958,-1.9260999,0.7165,-2.9175,-1.9260999,0.7165,-2.9175
156527519462396,-2.1945,0.8319,-2.9004998,-2.1945,0.8319,-2.9004998
156527529171250,-2.0990999,0.7768,-2.7064,-2.0990999,0.7768,-2.7064
156527539237916,-2.1601,0.86359996,-2.8472,-2.1601,0.86359996,-2.8472
156527549157708,-1.979,0.7384,-2.8105,-1.979,0.7384,-2.8105
156527559558750,-2.0523,0.89479995,-2.9496999,-2.0523,0.89479995,-2.9496999
156527569170208,-2.2395,0.8438,-2.8411999,-2.2395,0.8438,-2.8411999
156527579192083,-2.6279,0.8721,-3.1639,-2.6279,0.8721,-3.1639
156527589165000,-2.8205,0.86259997,-3.0414999,-2.8205,0.86259997,-3.0414999
156527599209791,-3.1985,1.0983,-3.1459,-3.1985,1.0983,-3.1459
156527609207187,-2.8701,1.1257,-3.122,-2.8701,1.1257,-3.122
156527619192083,-2.4896,1.2039,-3.3681998,-2.4896,1.2039,-3.3681998
156527629175416,-1.9682,1.0192,-3.2789998,-1.9682,1.0192,-3.2789998
156527639184791,-1.5435,1.0156,-3.2875,-1.5435,1.0156,-3.2875
156527649185312,-0.9539,0.9192,-2.9998,-0.9539,0.9192,-2.9998
156527659181146,-0.759,0.91169995,-3.0832,-0.759,0.91169995,-3.0832
156527669150416,-0.8113,0.7283,-2.8720999,-0.8113,0.7283,-2.8720999
156527679549375,-1.2048,0.8864,-2.8574,-1.2048,0.8864,-2.8574
156527689154583,-1.3726,0.98929995,-2.7572,-1.3726,0.98929995,-2.7572
156527699217083,-1.5184,1.059,-3.1118999,-1.5184,1.059,-3.1118999
156527709165000,-1.5122,0.9659,-3.1920998,-1.5122,0.9659,-3.1920998
156527719488958,-1.8389,1.1962999,-3.3186998,-1.8389,1.1962999,-3.3186998
156527729161875,-2.0751,1.1517999,-3.1832,-2.0751,1.1517999,-3.1832
156527739212916,-2.3334,1.1916,-3.2884998,-2.3334,1.1916,-3.2884998
156527749227500,-2.7389998,1.2164,-3.2189,-2.7389998,1.2164,-3.2189
156527762601458,-2.7247999,1.1903,-3.3732,-2.7247999,1.1903,-3.3732
156527769178021,-2.3336,1.0735999,-3.4359,-2.3336,1.0735999,-3.4359
156527779177500,-2.2182,1.2037,-3.5816998,-2.2182,1.2037,-3.5816998
156527789168646,-2.2275,1.0999,-3.5791,-2.2275,1.0999,-3.5791
156527799552500,-2.4895,1.1197,-3.9018998,-2.4895,1.1197,-3.9018998
156527809149375,-2.7718,1.1257,-3.8232,-2.7718,1.1257,-3.8232
156527819236354,-3.3474,1.4015,-3.9050999,-3.3474,1.4015,-3.9050999
156527829179062,-3.307,1.4824,-3.7393,-3.307,1.4824,-3.7393
156527839189479,-3.0911,1.3641,-3.8732998,-3.0911,1.3641,-3.8732998
156527849218125,-2.6746,1.0005,-3.7319,-2.6746,1.0005,-3.7319
156527859185312,-2.6313999,0.9999,-3.8995,-2.6313999,0.9999,-3.8995
156527869163437,-2.5268,1.0582,-3.9824,-2.5268,1.0582,-3.9824
156527879222291,-2.7101,1.2937,-4.2211,-2.7101,1.2937,-4.2211
156527889179583,-2.7517,1.2324,-4.1429,-2.7517,1.2324,-4.1429
156527899208229,-2.8636,1.2672,-4.2778,-2.8636,1.2672,-4.2778
156527909177500,-2.9171,1.156,-4.1844,-2.9171,1.156,-4.1844
156527919787396,-3.2649999,1.2445999,-4.1423,-3.2649999,1.2445999,-4.1423
156527929474896,-3.3346999,1.1632999,-3.9069,-3.3346999,1.1632999,-3.9069
156527939197291,-3.0778,1.1732,-4.0483,-3.0778,1.1732,-4.0483
156527949157708,-2.6636,1.0892999,-4.0046,-2.6636,1.0892999,-4.0046
156527959235312,-2.7888,1.0958999,-4.492,-2.7888,1.0958999,-4.492
156527969145729,-2.8077,1.0084,-4.5302,-2.8077,1.0084,-4.5302
156527979219166,-2.9793,1.1922,-4.4667,-2.9793,1.1922,-4.4667
156527989162396,-2.9764,1.2172999,-4.0998,-2.9764,1.2172999,-4.0998
156527999211875,-2.8925998,1.1308,-4.2055,-2.8925998,1.1308,-4.2055
156528009204583,-2.5509,0.8759,-4.2535,-2.5509,0.8759,-4.2535
156528019212396,-2.8669999,1.1229,-4.4224,-2.8669999,1.1229,-4.4224
156528029188958,-2.8946998,1.0322,-4.3898,-2.8946998,1.0322,-4.3898
156528039512396,-2.985,1.0065,-4.5365,-2.985,1.0065,-4.5365
156528049177500,-2.9801,1.005,-4.3728,-2.9801,1.005,-4.3728
156528059197291,-3.178,1.313,-4.3057,-3.178,1.313,-4.3057
156528069187916,-3.0328,1.4523,-4.0190997,-3.0328,1.4523,-4.0190997
156528079238437,-3.0855,1.5152999,-4.0482,-3.0855,1.5152999,-4.0482
156528089163437,-3.0607998,1.1560999,-3.9096,-3.0607998,1.1560999,-3.9096
156528099229583,-3.0063999,0.86509997,-4.0232,-3.0063999,0.86509997,-4.0232
156528109161354,-2.8065999,0.6471,-3.8234,-2.8065999,0.6471,-3.8234
156528119531666,-2.9559,0.8944,-3.8286,-2.9559,0.8944,-3.8286
156528129178021,-3.1453,1.0964999,-3.6994998,-3.1453,1.0964999,-3.6994998
156528139183229,-3.5001,1.1973,-3.6873999,-3.5001,1.1973,-3.6873999
156528149165521,-3.3964999,1.0962,-3.3755999,-3.3964999,1.0962,-3.3755999
156528159532708,-3.4218998,1.0897,-3.536,-3.4218998,1.0897,-3.536
156528169229062,-3.0121999,0.87229997,-3.5985,-3.0121999,0.87229997,-3.5985
156528179205104,-2.7951999,0.8933,-3.7893,-2.7951999,0.8933,-3.7893
156528189193125,-2.6618,0.8746,-3.6583998,-2.6618,0.8746,-3.6583998
156528199195208,-2.9799,0.93359995,-3.6446,-2.9799,0.93359995,-3.6446
156528209172812,-3.053,0.84419996,-3.3163998,-3.053,0.84419996,-3.3163998
156528219262395,-3.0677998,1.0124,-3.2075,-3.0677998,1.0124,-3.2075
156528229172291,-2.7458,0.96449995,-3.1420999,-2.7458,0.96449995,-3.1420999
156528239219166,-2.6416,0.9129,-3.4148,-2.6416,0.9129,-3.4148
156528249182187,-2.4945998,0.8347,-3.3067,-2.4945998,0.8347,-3.3067
156528261266041,-2.8523998,1.1007,-3.5923,-2.8523998,1.1007,-3.5923
156528269224895,-2.7029998,1.125,-3.8028998,-2.7029998,1.125,-3.8028998
156528279506666,-2.9564998,1.1351,-4.2297997,-2.9564998,1.1351,-4.2297997
156528289164479,-2.891,1.0148,-4.2244997,-2.891,1.0148,-4.2244997
156528299214479,-2.9831,1.2996,-4.0587997,-2.9831,1.2996,-4.0587997
156528309188437,-2.9845,1.1722,-4.0018997,-2.9845,1.1722,-4.0018997
156528319522291,-2.7117,1.0136,-4.2855,-2.7117,1.0136,-4.2855
156528329190000,-2.5442998,0.8616,-4.2559,-2.5442998,0.8616,-4.2559
156528339177500,-3.0753,1.0169,-4.572,-3.0753,1.0169,-4.572
156528349199375,-3.2284,1.0644,-4.5087,-3.2284,1.0644,-4.5087
156528359210312,-3.4685,1.2416999,-4.6054,-3.4685,1.2416999,-4.6054
156528369180625,-3.277,1.1244999,-4.5471,-3.277,1.1244999,-4.5471
156528379232187,-2.9599,1.0472,-4.7823997,-2.9599,1.0472,-4.7823997
156528389176979,-2.6727,0.9862,-4.7633,-2.6727,0.9862,-4.7633
156528399509270,-2.9573,1.0476,-4.6665,-2.9573,1.0476,-4.6665
156528409203020,-2.9373999,0.74289995,-4.4258,-2.9373999,0.74289995,-4.4258
156528419184270,-2.8978,0.6483,-4.5011997,-2.8978,0.6483,-4.5011997
156528429163958,-2.9071999,0.6694,-4.4136,-2.9071999,0.6694,-4.4136
156528439211354,-3.0944998,0.856,-4.4816,-3.0944998,0.856,-4.4816
156528449187916,-3.0593998,0.78,-4.2862997,-3.0593998,0.78,-4.2862997
156528459255625,-3.1316,0.74289995,-4.2402997,-3.1316,0.74289995,-4.2402997
156528469182708,-3.0398,0.5031,-4.0713997,-3.0398,0.5031,-4.0713997
156528479196770,-3.0261,0.45679998,-4.1129,-3.0261,0.45679998,-4.1129
156528489177500,-2.8514,0.42659998,-3.7924,-2.8514,0.42659998,-3.7924
156528499221770,-2.786,0.5104,-3.6854,-2.786,0.5104,-3.6854
156528509161875,-2.3527,0.5464,-3.4761999,-2.3527,0.5464,-3.4761999
156528519823333,-2.5209,0.7795,-3.5693998,-2.5209,0.7795,-3.5693998
156528529188958,-2.6286,0.79249996,-3.3709,-2.6286,0.79249996,-3.3709
156528539220729,-2.8244998,0.8074,-3.3488998,-2.8244998,0.8074,-3.3488998
156528549193125,-2.6863,0.6827,-3.2092,-2.6863,0.6827,-3.2092
156528559213437,-2.6146998,0.7141,-3.2870998,-2.6146998,0.7141,-3.2870998
156528569158229,-2.4336998,0.6301,-3.1429,-2.4336998,0.6301,-3.1429
156528579210312,-2.4415,0.6274,-3.2268,-2.4415,0.6274,-3.2268
156528589199375,-2.3476999,0.533,-3.2087998,-2.3476999,0.533,-3.2087998
156528599203020,-2.6304,0.9824,-3.5117,-2.6304,0.9824,-3.5117
156528609169687,-2.9189,1.4088,-3.5897,-2.9189,1.4088,-3.5897
156528619184791,-3.4642,1.4283999,-3.8056,-3.4642,1.4283999,-3.8056
156528629169687,-3.7723,1.0648999,-3.9431,-3.7723,1.0648999,-3.9431
156528639540000,-3.9283998,1.0274,-4.2406,-3.9283998,1.0274,-4.2406
156528649160312,-3.5609,1.1277,-3.9090998,-3.5609,1.1277,-3.9090998
156528659221250,-3.2075,1.1748999,-3.9478998,-3.2075,1.1748999,-3.9478998
156528669173333,-2.5872,0.8124,-4.2989,-2.5872,0.8124,-4.2989
156528679204062,-2.3384,0.7446,-4.2785997,-2.3384,0.7446,-4.2785997
156528689194687,-2.3418,0.7917,-3.658,-2.3418,0.7917,-3.658
156528699215520,-2.5518,0.9984,-3.533,-2.5518,0.9984,-3.533
156528709433750,-2.3981,0.92509997,-3.6541,-2.3981,0.92509997,-3.6541
156528719508750,-2.6418,0.9576,-3.8537998,-2.6418,0.9576,-3.8537998
156528729181666,-2.7921999,0.9483,-3.7378,-2.7921999,0.9483,-3.7378
156528740817083,-3.0232,0.98969996,-3.8701,-3.0232,0.98969996,-3.8701
156528749175416,-3.172,0.8982,-3.8274,-3.172,0.8982,-3.8274
156528762696770,-3.4266999,0.99359995,-3.5909,-3.4266999,0.99359995,-3.5909
156528769172291,-3.2863,0.8113,-3.498,-3.2863,0.8113,-3.498
156528779202500,-3.1876,0.86329997,-3.5976,-3.1876,0.86329997,-3.5976
156528789184270,-3.164,0.8436,-3.4036999,-3.164,0.8436,-3.4036999
156528799230625,-3.4067,0.9633,-3.3945,-3.4067,0.9633,-3.3945
156528809181666,-3.2449,0.92499995,-3.2457,-3.2449,0.92499995,-3.2457
156528819211875,-3.2351,0.84919995,-3.3720999,-3.2351,0.84919995,-3.3720999
156528829168645,-3.3109999,0.77199996,-3.2791,-3.3109999,0.77199996,-3.2791
156528839222291,-3.471,0.9219,-3.2919998,-3.471,0.9219,-3.2919998
156528849159270,-3.2363,0.86689997,-3.0572,-3.2363,0.86689997,-3.0572
156528859207187,-2.8411999,0.9291,-3.044,-2.8411999,0.9291,-3.044
156528869204583,-1.9596,0.8804,-3.0174,-1.9596,0.8804,-3.0174
156528879521770,-1.3201,0.8443,-3.2540998,-1.3201,0.8443,-3.2540998
156528889188958,-1.2039,0.726,-3.0883,-1.2039,0.726,-3.0883
156528899194166,-1.8284999,0.7996,-2.9183,-1.8284999,0.7996,-2.9183
156528909176979,-2.0853,0.8337,-2.6533,-2.0853,0.8337,-2.6533
156528919529583,-2.1499,0.8688,-2.8669,-2.1499,0.8688,-2.8669
156528929154583,-2.0993,0.79039997,-2.9517,-2.0993,0.79039997,-2.9517
156528939213437,-2.5728,0.90099996,-3.0697,-2.5728,0.90099996,-3.0697
156528949180625,-2.7837,1.0073999,-2.9648,-2.7837,1.0073999,-2.9648
156528959208229,-2.8418,1.0854,-3.0188,-2.8418,1.0854,-3.0188
156528969218125,-2.5851998,0.9579,-2.9208999,-2.5851998,0.9579,-2.9208999
156528979222291,-2.5556998,0.93619996,-3.0943,-2.5556998,0.93619996,-3.0943
156528989159270,-2.4954,0.8275,-3.0958,-2.4954,0.8275,-3.0958
156528999516041,-2.7995,0.87869996,-2.9636,-2.7995,0.87869996,-2.9636
156529009219687,-2.9276,0.86399996,-2.5400999,-2.9276,0.86399996,-2.5400999
156529019208229,-2.6141999,0.75659996,-2.4598,-2.6141999,0.75659996,-2.4598
156529029174895,-2.3783,0.5834,-2.4115,-2.3783,0.5834,-2.4115
156529039190520,-2.6353998,0.7003,-2.2639,-2.6353998,0.7003,-2.2639
156529049166562,-2.6725,0.6892,-2.3609998,-2.6725,0.6892,-2.3609998
156529059248333,-2.6241999,0.80469996,-2.8393998,-2.6241999,0.80469996,-2.8393998
156529069155104,-2.7354999,0.8587,-2.8221998,-2.7354999,0.8587,-2.8221998
156529079246250,-3.0284,0.9126,-2.6554,-3.0284,0.9126,-2.6554
156529089175937,-2.9613,0.7679,-2.4679,-2.9613,0.7679,-2.4679
156529099193125,-3.0841,0.69189996,-2.5937,-3.0841,0.69189996,-2.5937
156529109232708,-2.9873998,0.6652,-2.5816,-2.9873998,0.6652,-2.5816
156529119796770,-3.0266,0.8246,-2.6585,-3.0266,0.8246,-2.6585
156529129171770,-3.0444,0.75879997,-2.7001998,-3.0444,0.75879997,-2.7001998
156529139197812,-3.2282,0.8084,-2.7063,-3.2282,0.8084,-2.7063
156529149210833,-3.2208998,0.8125,-2.4059,-3.2208998,0.8125,-2.4059
156529159220208,-3.2668,0.85179996,-2.2087,-3.2668,0.85179996,-2.2087
156529169188437,-2.9998,0.67579997,-1.9052999,-2.9998,0.67579997,-1.9052999
156529179194687,-2.7849,0.51559997,-1.6658,-2.7849,0.51559997,-1.6658
156529189159791,-2.3973,0.3592,-1.3733,-2.3973,0.3592,-1.3733
156529199206666,-2.2668,0.3436,-1.2664,-2.2668,0.3436,-1.2664
156529209174375,-2.1769,0.28849998,-1.0277,-2.1769,0.28849998,-1.0277
156529219229583,-2.3869,0.29029998,-0.83239996,-2.3869,0.29029998,-0.83239996
156529229182187,-2.3753,0.30179998,-0.5442,-2.3753,0.30179998,-0.5442
156529239546250,-2.3306,0.3078,-0.33179998,-2.3306,0.3078,-0.33179998
156529249168645,-2.0375,0.1548,-0.2707,-2.0375,0.1548,-0.2707
156529261253541,-2.0044,0.0142,-0.1704,-2.0044,0.0142,-0.1704
156529269167604,-1.9549999,-0.0733,0.13229999,-1.9549999,-0.0733,0.13229999
156529279218645,-1.6679,-0.0755,0.3087,-1.6679,-0.0755,0.3087
156529289233229,-0.6985,0.1692,0.4901,-0.6985,0.1692,0.4901
156529299201458,0.4016,0.58529997,0.4522,0.4016,0.58529997,0.4522
156529309175416,0.2787,0.2584,0.58889997,0.2787,0.2584,0.58889997
156529319500937,-1.4796,-0.3926,1.2031,-1.4796,-0.3926,1.2031
156529329447812,-2.9101,-0.1476,1.5992999,-2.9101,-0.1476,1.5992999
156529339208229,-3.2094,0.8524,1.5101,-3.2094,0.8524,1.5101
156529349157708,-2.7085,2.2263,1.3708,-2.7085,2.2263,1.3708
156529359541562,-2.5902,4.4344997,0.9305,-2.5902,4.4344997,0.9305
156529369188958,-2.6058,7.0884,0.9902,-2.6058,7.0884,0.9902
156529379480624,-2.8571,8.0645,0.49249998,-2.8571,8.0645,0.49249998
156529389183749,-3.1520998,7.1945,0.212,-3.1520998,7.1945,0.212
156529399198333,-3.6,6.6461,0.0067999996,-3.6,6.6461,0.0067999996
156529409147812,-3.5428,7.6698,1.3370999,-3.5428,7.6698,1.3370999
156529419461874,-2.8676999,6.8676996,2.7589998,-2.8676999,6.8676996,2.7589998
156529429207708,-2.0586,3.7247,2.2925,-2.0586,3.7247,2.2925
156529439207187,-1.8416,1.8729,0.60389996,-1.8416,1.8729,0.60389996
156529449161354,-1.7838999,1.2545999,-1.5166,-1.7838999,1.2545999,-1.5166
156529460126458,-1.8311,1.5584999,-4.9488997,-1.8311,1.5584999,-4.9488997
156529469467604,-0.955,2.1499,-4.5249,-0.955,2.1499,-4.5249
156529479547291,0.1105,2.3473,-1.8131,0.1105,2.3473,-1.8131
156529489151458,1.6854999,1.1342,-0.9324,1.6854999,1.1342,-0.9324
156529499221770,1.554,-0.0317,-0.0521,1.554,-0.0317,-0.0521
156529509172812,-0.2816,-0.5036,0.5563,-0.2816,-0.5036,0.5563
156529519471249,-1.6877999,-0.69449997,1.0744,-1.6877999,-0.69449997,1.0744
156529529202499,-3.2595,-1.0763,1.5694,-3.2595,-1.0763,1.5694
156529539257187,-4.5171,-1.4116,1.8469,-4.5171,-1.4116,1.8469
156529549143124,-5.1717997,-2.1337,2.0226,-5.1717997,-2.1337,2.0226
156529559189999,-5.8169,-2.533,2.1166,-5.8169,-2.533,2.1166
156529569200416,-5.9553,-2.5604,1.4750999,-5.9553,-2.5604,1.4750999
156529579207187,-5.8083997,-2.2352,1.1442,-5.8083997,-2.2352,1.1442
156529589478020,-5.2187,-2.2059999,0.6595,-5.2187,-2.2059999,0.6595
156529599517083,-4.8015,-2.3534,0.269,-4.8015,-2.3534,0.269
156529609150416,-4.4728,-2.6129,-0.338,-4.4728,-2.6129,-0.338
156529619195729,-4.4207,-2.4626,-1.1241,-4.4207,-2.4626,-1.1241
156529629198854,-3.951,-2.0147998,-1.4789,-3.951,-2.0147998,-1.4789
156529639219166,-4.2402997,-2.2976,-4.4136,-4.2402997,-2.2976,-4.4136
156529649436874,-4.7472997,-4.5608,-9.413199,-4.7472997,-4.5608,-9.413199
156529659175416,-8.04,-4.9497,-6.3677998,-8.04,-4.9497,-6.3677998
156529669157708,-15.519099,-3.2098,-3.3393,-15.519099,-3.2098,-3.3393
156529679212395,-11.6897,-0.77199996,-4.3406997,-11.6897,-0.77199996,-4.3406997
156529689153020,-2.5537,0.8878,-2.103,-2.5537,0.8878,-2.103
156529699184270,2.1464999,0.6667,-3.1854,2.1464999,0.6667,-3.1854
156529709472291,2.7826998,-2.2819998,-5.0408998,2.7826998,-2.2819998,-5.0408998
156529719807187,0.7535,-3.7352,-3.8648,0.7535,-3.7352,-3.8648
156529729172291,-2.8435,-2.9833,-2.1683,-2.8435,-2.9833,-2.1683
156529739219687,-6.8177,-1.4073,-1.3729999,-6.8177,-1.4073,-1.3729999
156529749431666,-10.6289,-0.016999999,-1.1721,-10.6289,-0.016999999,-1.1721
156529762537916,-11.684,-0.1783,-1.7274,-11.684,-0.1783,-1.7274
156529769185312,-7.3343997,-1.8548,-2.8992999,-7.3343997,-1.8548,-2.8992999
156529779214479,-2.1852999,-1.7263,-4.3301,-2.1852999,-1.7263,-4.3301
156529789173333,-1.2574999,-1.5346999,-4.9000998,-1.2574999,-1.5346999,-4.9000998
156529799182187,-0.7244,-1.819,-4.6735997,-0.7244,-1.819,-4.6735997
156529809458749,-0.7974,-2.2180998,-4.1289,-0.7974,-2.2180998,-4.1289
156529819198333,-1.4348999,-2.5686998,-3.5305998,-1.4348999,-2.5686998,-3.5305998
156529829146249,-1.6596999,-2.9713,-2.7164,-1.6596999,-2.9713,-2.7164
156529839529583,-1.5271,-4.0541,-8.3155,-1.5271,-4.0541,-8.3155
156529849216562,0.2555,-5.1296,-19.5833,0.2555,-5.1296,-19.5833
156529859470729,3.0535998,-0.968,-24.8119,3.0535998,-0.968,-24.8119
156529869169687,6.9561996,12.630799,-10.1073,6.9561996,12.630799,-10.1073
156529879205624,-5.5903997,9.530499,-0.3152,-5.5903997,9.530499,-0.3152
156529889177499,-23.5943,4.8264,6.2882,-23.5943,4.8264,6.2882
156529899509791,-10.4192,1.4886999,6.8104,-10.4192,1.4886999,6.8104
156529909213958,-1.1674,-0.4378,-3.0231,-1.1674,-0.4378,-3.0231
156529919508229,-3.6065,-0.45299998,-9.2815,-3.6065,-0.45299998,-9.2815
156529929190520,-3.1996999,1.5997,-6.7476997,-3.1996999,1.5997,-6.7476997
156529939253541,0.52669996,0.80649996,-3.2949998,0.52669996,0.80649996,-3.2949998
156529949280104,1.6385,-0.54969996,-3.1467998,1.6385,-0.54969996,-3.1467998
156529959569687,-0.8971,0.7977,-1.9490999,-0.8971,0.7977,-1.9490999
156529969147812,-2.1731,1.4531,-2.2726998,-2.1731,1.4531,-2.2726998
156529979205624,-1.1202999,0.7626,-2.6341999,-1.1202999,0.7626,-2.6341999
156529989191041,-0.4734,-0.0144,-2.0406,-0.4734,-0.0144,-2.0406
156529999237395,-1.2109,-0.1871,-1.4943999,-1.2109,-0.1871,-1.4943999
156530009232187,-2.4708998,0.0047,-0.99719995,-2.4708998,0.0047,-0.99719995
156530019255104,-3.6724,0.3821,-0.58809996,-3.6724,0.3821,-0.58809996
156530029185833,-3.0265,0.60539997,-0.0552,-3.0265,0.60539997,-0.0552
156530039201979,-2.5376,0.34,-0.0037,-2.5376,0.34,-0.0037
156530049217083,-1.8044,0.40379998,-0.100999996,-1.8044,0.40379998,-0.100999996
156530059293645,-1.0737,0.5708,-0.2191,-1.0737,0.5708,-0.2191
156530069154062,-0.35779998,0.3965,-0.48709998,-0.35779998,0.3965,-0.48709998
156530079521249,0.0029,0.1697,-0.68869996,0.0029,0.1697,-0.68869996
156530089150937,-0.3527,0.0937,-0.61829996,-0.3527,0.0937,-0.61829996
156530099234791,-1.2937,0.2552,-0.2093,-1.2937,0.2552,-0.2093
156530109143124,-2.1354,0.51379997,0.3443,-2.1354,0.51379997,0.3443
156530119469166,-2.7935,0.50769997,0.2572,-2.7935,0.50769997,0.2572
156530129189479,-2.5582,0.17629999,0.0648,-2.5582,0.17629999,0.0648
156530139181666,-1.9887999,0.021699999,-0.3726,-1.9887999,0.021699999,-0.3726
156530149172291,-1.4458,0.17029999,-0.80619997,-1.4458,0.17029999,-0.80619997
156530159210833,-1.2349,0.28079998,-0.9217,-1.2349,0.28079998,-0.9217
156530169139479,-1.1888,0.3134,-0.7229,-1.1888,0.3134,-0.7229
156530179203541,-1.5861,0.3543,-0.50049996,-1.5861,0.3543,-0.50049996
156530189175416,-1.8686999,0.3478,-0.41149998,-1.8686999,0.3478,-0.41149998
156530199559270,-2.0607,0.38799998,-0.1734,-2.0607,0.38799998,-0.1734
156530209166562,-2.1367,0.308,-0.0163,-2.1367,0.308,-0.0163
156530219200416,-2.2783,0.241,0.089899994,-2.2783,0.241,0.089899994
156530229177499,-2.2589998,0.17,0.2289,-2.2589998,0.17,0.2289
156530239196249,-2.3878,0.2118,0.33359998,-2.3878,0.2118,0.33359998
156530249179062,-2.3076,0.2377,0.71129996,-2.3076,0.2377,0.71129996
156530261606145,-1.9296999,0.20719999,0.9471,-1.9296999,0.20719999,0.9471
156530269472291,-1.1316,0.13679999,0.96059996,-1.1316,0.13679999,0.96059996
156530279202499,-0.6884,0.2251,1.1560999,-0.6884,0.2251,1.1560999
156530289156666,-0.49499997,0.32979998,1.2232,-0.49499997,0.32979998,1.2232
156530299196249,-0.7439,0.4497,1.1644,-0.7439,0.4497,1.1644
156530309159270,-0.90349996,0.7032,0.8149,-0.90349996,0.7032,0.8149
156530319804583,-1.1774,1.2281,0.6304,-1.1774,1.2281,0.6304
156530329228020,-1.5877,1.5194,0.4019,-1.5877,1.5194,0.4019
156530339216562,-1.9373,1.558,0.5233,-1.9373,1.558,0.5233
156530349156145,-2.0656,1.5708,1.0737,-2.0656,1.5708,1.0737
156530359207708,-2.0018,1.7710999,1.1667,-2.0018,1.7710999,1.1667
156530369163958,-1.632,2.095,1.1536,-1.632,2.095,1.1536
156530379226458,-1.5601,2.3694,1.5271,-1.5601,2.3694,1.5271
156530389166041,-1.4125999,2.3401,1.9296,-1.4125999,2.3401,1.9296
156530399168645,-1.3162999,2.4536998,2.6059,-1.3162999,2.4536998,2.6059
156530409441562,-1.0390999,2.9229999,3.1687,-1.0390999,2.9229999,3.1687
156530419204062,-0.3602,4.154,3.8679998,-0.3602,4.154,3.8679998
156530429139478,0.50159997,6.1865997,4.4809,0.50159997,6.1865997,4.4809
156530439498853,0.72429997,8.1051,5.5608997,0.72429997,8.1051,5.5608997
156530449141562,0.885,8.9359,6.9282,0.885,8.9359,6.9282
156530459443124,0.8768,8.9286995,8.6052,0.8768,8.9286995,8.6052
156530469212916,0.5862,8.5166,10.3045,0.5862,8.5166,10.3045
156530479200416,1.0943999,8.1579,11.9528,1.0943999,8.1579,11.9528
156530489162395,1.7795999,6.8197,10.0427,1.7795999,6.8197,10.0427
156530499459791,2.2263,5.5113997,6.3722997,2.2263,5.5113997,6.3722997
156530509142603,1.8735,4.4537,3.0619,1.8735,4.4537,3.0619
156530519502499,2.5253,2.1295,0.55579996,2.5253,2.1295,0.55579996
156530529159791,3.3284,2.6289,-1.0862,3.3284,2.6289,-1.0862
156530539441041,3.1804,3.8144999,-4.9853,3.1804,3.8144999,-4.9853
156530549204062,3.988,2.7115998,-5.541,3.988,2.7115998,-5.541
156530559512916,3.622,1.4848,-1.6841999,3.622,1.4848,-1.6841999
156530569179583,2.1388,1.4559,3.1996,2.1388,1.4559,3.1996
156530579461353,-1.3757,1.2411,3.7531998,-1.3757,1.2411,3.7531998
156530589148853,-3.3334,-0.113,3.2782,-3.3334,-0.113,3.2782
156530599193124,-0.72029996,-2.2776,4.3159,-0.72029996,-2.2776,4.3159
156530609162916,1.5646,-4.1632,4.3884,1.5646,-4.1632,4.3884
156530619214999,1.5395,-5.0273,3.6697998,1.5395,-5.0273,3.6697998
156530629434791,0.41529998,-5.1004,2.2717,0.41529998,-5.1004,2.2717
156530639198853,-0.4924,-4.7953,1.1143,-0.4924,-4.7953,1.1143
156530649182708,-1.1436,-4.0449,1.3339,-1.1436,-4.0449,1.3339
156530659461353,-2.309,-3.1155,2.4852,-2.309,-3.1155,2.4852
156530669172812,-4.0264,-2.7398,3.7459,-4.0264,-2.7398,3.7459
156530679492603,-5.3173,-2.9766,2.7596998,-5.3173,-2.9766,2.7596998
156530689184270,-5.1075997,-3.5635,2.5398,-5.1075997,-3.5635,2.5398
156530699462395,-4.8936996,-4.0793,0.4109,-4.8936996,-4.0793,0.4109
156530709143124,-4.7874,-3.8507,-0.8473,-4.7874,-3.8507,-0.8473
156530719528541,-4.7415,-3.0827,-1.9327999,-4.7415,-3.0827,-1.9327999
156530729474895,-4.6693997,-2.4679,-3.6032999,-4.6693997,-2.4679,-3.6032999
156530739181666,-4.9593997,-1.999,-5.2921,-4.9593997,-1.999,-5.2921
156530749469687,-5.0646,-1.3784,-6.6333,-5.0646,-1.3784,-6.6333
156530762961874,-4.4568,-0.83519995,-7.2367997,-4.4568,-0.83519995,-7.2367997
156530769431666,-2.3864,-0.6651,-7.0801,-2.3864,-0.6651,-7.0801
156530779207187,-0.5708,-0.9289,-8.1413,-0.5708,-0.9289,-8.1413
156530789156666,-0.9503,-0.54429996,-8.8364,-0.9503,-0.54429996,-8.8364
156530799773853,-2.4782,-0.1104,-9.6923,-2.4782,-0.1104,-9.6923
156530809164999,-3.5084999,-0.23699999,-10.2378,-3.5084999,-0.23699999,-10.2378
156530819171249,-4.8684998,-0.65169996,-11.3747,-4.8684998,-0.65169996,-11.3747
156530829455624,-5.989,-1.2191,-13.1712,-5.989,-1.2191,-13.1712
156530839201458,-5.6049,-1.3499,-12.1952,-5.6049,-1.3499,-12.1952
156530849147812,-5.0842,-1.186,-10.4591,-5.0842,-1.186,-10.4591
156530859187395,-6.0808997,-2.3367999,-10.2007,-6.0808997,-2.3367999,-10.2007
156530869439478,-6.1214,-3.4304,-13.243199,-6.1214,-3.4304,-13.243199
156530879236353,-3.0879,-3.7222,-13.310699,-3.0879,-3.7222,-13.310699
156530889198853,0.1854,-3.2103,-11.1946,0.1854,-3.2103,-11.1946
156530899197291,1.8639,-3.1553,-11.404799,1.8639,-3.1553,-11.404799
156530909147291,2.3430998,-4.4577,-13.7584,2.3430998,-4.4577,-13.7584
156530919786353,2.5967999,-5.1287,-13.8286,2.5967999,-5.1287,-13.8286
156530929143124,1.592,-0.7592,-4.4122,1.592,-0.7592,-4.4122
156530939212916,0.5627,15.2081995,11.5345,0.5627,15.2081995,11.5345
156530949164999,-4.4312997,29.4256,12.460799,-4.4312997,29.4256,12.460799
156530959182187,-7.686,6.8866997,2.8741999,-7.686,6.8866997,2.8741999
156530969184791,-0.6671,-6.3924,-2.1452,-0.6671,-6.3924,-2.1452
156530979211874,-5.8139,-8.842199,-6.2093997,-5.8139,-8.842199,-6.2093997
156530989171770,-8.185699,-6.0667,-8.229899,-8.185699,-6.0667,-8.229899
156530999491041,-4.5374,-1.3507,-3.4008,-4.5374,-1.3507,-3.4008
156531009170728,-2.0521,2.3119,-1.1137999,-2.0521,2.3119,-1.1137999
156531019187916,-0.9806,5.0151,-2.7263,-0.9806,5.0151,-2.7263
156531029171249,0.30789998,4.0496,-3.8000998,0.30789998,4.0496,-3.8000998
156531039518124,1.4821,1.0727999,-3.0101,1.4821,1.0727999,-3.0101
156531049162916,1.5926,-1.9309,-1.2745999,1.5926,-1.9309,-1.2745999
156531059195208,0.055299997,-0.6864,-0.7345,0.055299997,-0.6864,-0.7345
156531069164478,-1.0278,0.6505,-0.8853,-1.0278,0.6505,-0.8853
156531079195208,-1.3925999,1.0863,-1.2688,-1.3925999,1.0863,-1.2688
156531089196249,-1.3564999,1.022,-0.79389995,-1.3564999,1.022,-0.79389995
156531099185833,-1.2206,0.926,-0.4619,-1.2206,0.926,-0.4619
156531109204583,-0.6792,0.6028,-0.7068,-0.6792,0.6028,-0.7068
156531119508749,-0.212,0.35799998,-1.1783,-0.212,0.35799998,-1.1783
156531129147291,-0.040799998,0.2866,-1.0516,-0.040799998,0.2866,-1.0516
156531139187916,-0.1981,0.2339,-0.82049996,-0.1981,0.2339,-0.82049996
156531149180624,-0.3584,0.311,-0.80579996,-0.3584,0.311,-0.80579996
156531159503020,-0.585,0.5575,-0.6835,-0.585,0.5575,-0.6835
156531169486874,-0.7187,0.6142,-0.3042,-0.7187,0.6142,-0.3042
156531179232187,-0.8501,0.36659998,-0.0835,-0.8501,0.36659998,-0.0835
156531189149895,-0.78319997,0.1725,0.1954,-0.78319997,0.1725,0.1954
156531199205624,-0.82119995,0.120299995,0.3585,-0.82119995,0.120299995,0.3585
156531209160833,-0.93689996,0.0898,0.45909998,-0.93689996,0.0898,0.45909998
156531219179583,-1.0315,0.22299999,0.8354,-1.0315,0.22299999,0.8354
156531229164478,-0.9022,0.17899999,1.2105,-0.9022,0.17899999,1.2105
156531239168124,-0.6982,-0.0099,1.5682,-0.6982,-0.0099,1.5682
156531249191562,-0.5273,-0.2968,1.9014,-0.5273,-0.2968,1.9014
156531261833228,-0.671,-0.4741,2.0679998,-0.671,-0.4741,2.0679998
156531269199374,-0.8296,-0.3384,2.2893,-0.8296,-0.3384,2.2893
156531279506145,-1.0265,-0.0064999997,2.5542998,-1.0265,-0.0064999997,2.5542998
156531289173333,-1.0955,0.12979999,2.4389,-1.0955,0.12979999,2.4389
156531299187916,-0.2787,-0.12459999,2.5233998,-0.2787,-0.12459999,2.5233998
156531309187916,0.5475,-0.3119,2.3339999,0.5475,-0.3119,2.3339999
156531319529062,0.82089996,-0.45499998,2.0384998,0.82089996,-0.45499998,2.0384998
156531329163958,0.74829996,-0.4094,2.0153,0.74829996,-0.4094,2.0153
156531339196770,0.5324,-0.176,2.0291,0.5324,-0.176,2.0291
156531349156145,0.2409,-0.0207,1.4121,0.2409,-0.0207,1.4121
156531359238437,0.0056999996,0.069699995,0.92759997,0.0056999996,0.069699995,0.92759997
156531369163437,0.0242,0.2608,0.6708,0.0242,0.2608,0.6708
156531379183749,-0.4052,0.3755,0.74619997,-0.4052,0.3755,0.74619997
156531389191562,-0.6957,0.2244,0.33609998,-0.6957,0.2244,0.33609998
156531399520728,-0.83159995,0.2445,0.067,-0.83159995,0.2445,0.067
156531409473853,-1.1812,0.6264,0.0817,-1.1812,0.6264,0.0817
156531419192603,-1.4434999,1.1221,0.111499995,-1.4434999,1.1221,0.111499995
156531429169687,-1.5897,1.5208,0.487,-1.5897,1.5208,0.487
156531439181145,-1.686,1.6991999,0.7198,-1.686,1.6991999,0.7198
156531449258228,-1.4025999,1.7771,0.90389997,-1.4025999,1.7771,0.90389997
156531459281666,-1.2466999,2.158,1.5085,-1.2466999,2.158,1.5085
156531469423853,-1.0752,2.5956,1.8672999,-1.0752,2.5956,1.8672999
156531479199895,-0.6569,3.3179,2.1018999,-0.6569,3.3179,2.1018999
156531489248853,0.0578,4.7086,2.6329,0.0578,4.7086,2.6329
156531499181145,0.2697,6.1565,3.5879998,0.2697,6.1565,3.5879998
156531509201457,0.2873,7.0477,4.673,0.2873,7.0477,4.673
156531520071249,0.835,7.9887,5.9059997,0.835,7.9887,5.9059997
156531529182707,0.90999997,8.5989,6.6421,0.90999997,8.5989,6.6421
156531539245207,0.8376,8.877,9.1473,0.8376,8.877,9.1473
156531549151457,1.4623,8.1867,10.2845,1.4623,8.1867,10.2845
156531559239478,1.7441,8.3199,10.1938,1.7441,8.3199,10.1938
156531569176457,1.4057,5.5708,7.7524,1.4057,5.5708,7.7524
156531579450416,2.3014,1.4742,2.3869998,2.3014,1.4742,2.3869998
156531589201457,3.0233,0.401,-1.3914,3.0233,0.401,-1.3914
156531599217082,4.1749,2.8146,-2.3371,4.1749,2.8146,-2.3371
156531609421770,4.9912,5.3304996,-6.1025,4.9912,5.3304996,-6.1025
156531619191562,5.7943997,4.7804,-6.3366,5.7943997,4.7804,-6.3366
156531629168124,4.2254,1.2451,-0.0189,4.2254,1.2451,-0.0189
156531639519687,1.7508,0.346,2.0241,1.7508,0.346,2.0241
156531649417603,0.0733,0.8842,3.9914,0.0733,0.8842,3.9914
156531659157187,-1.1829,0.61939996,3.6604,-1.1829,0.61939996,3.6604
156531669184270,0.028199999,-1.0138,3.6611,0.028199999,-1.0138,3.6611
156531679193124,2.475,-2.9248998,4.2556,2.475,-2.9248998,4.2556
156531689187395,2.8314,-4.4547,3.6574998,2.8314,-4.4547,3.6574998
156531699180624,1.6287,-5.1443996,3.1931999,1.6287,-5.1443996,3.1931999
156531709424895,-0.4103,-5.2372,3.2305,-0.4103,-5.2372,3.2305
156531719481145,-2.3021,-5.1663,3.9229999,-2.3021,-5.1663,3.9229999
156531729160832,-4.0966,-4.8947997,4.1152997,-4.0966,-4.8947997,4.1152997
156531739244166,-5.6628,-4.3735,3.3590999,-5.6628,-4.3735,3.3590999
156531749140520,-5.2932,-3.9164,2.5953999,-5.2932,-3.9164,2.5953999
156531763036874,-3.7770998,-4.0129,0.57019997,-3.7770998,-4.0129,0.57019997
156531769168124,-2.5254,-3.7879999,-1.1496,-2.5254,-3.7879999,-1.1496
156531779211353,-2.731,-3.1694999,-2.5886,-2.731,-3.1694999,-2.5886
156531789463957,-3.6548998,-2.2301,-2.8693,-3.6548998,-2.2301,-2.8693
156531799162916,-4.5495,-1.3383,-3.1769998,-4.5495,-1.3383,-3.1769998
156531809171249,-1.7021999,-2.1064,-4.2809997,-1.7021999,-2.1064,-4.2809997
156531819473853,-0.21769999,-3.2145998,-5.5961,-0.21769999,-3.2145998,-5.5961
156531829214478,-0.2836,-3.6058998,-6.3080997,-0.2836,-3.6058998,-6.3080997
156531839193645,-2.302,-3.4582,-7.046,-2.302,-3.4582,-7.046
156531849444166,-4.5952997,-3.7361999,-13.777699,-4.5952997,-3.7361999,-13.777699
156531859170207,-6.258,-3.1104,-12.3543,-6.258,-3.1104,-12.3543
156531869154062,-5.8868,-3.3528,-19.276,-5.8868,-3.3528,-19.276
156531879882707,-6.0200996,-3.2916,-15.579499,-6.0200996,-3.2916,-15.579499
156531889148332,-5.5827,-2.8369,-12.122499,-5.5827,-2.8369,-12.122499
156531899198853,-7.48,-3.9754,-9.725699,-7.48,-3.9754,-9.725699
156531909160832,-11.148399,-7.0973997,-13.351999,-11.148399,-7.0973997,-13.351999
156531919461353,-8.1264,-7.4314,-14.1411,-8.1264,-7.4314,-14.1411
156531929203020,-1.2803999,-5.6233997,-11.394099,-1.2803999,-5.6233997,-11.394099
156531939209791,3.514,-4.6647,-11.7408,3.514,-4.6647,-11.7408
156531949188957,4.3589,-5.0759,-12.1086,4.3589,-5.0759,-12.1086
156531959229062,0.017199999,-5.3483996,-11.627299,0.017199999,-5.3483996,-11.627299
156531969139999,-5.7282,-4.4908,-11.356999,-5.7282,-4.4908,-11.356999
156531979239999,-10.2445,-2.6234999,-8.9422,-10.2445,-2.6234999,-8.9422
156531989154062,-12.465,4.3484,4.1875997,-12.465,4.3484,4.1875997
156531999486353,-4.897,27.559399,32.2532,-4.897,27.559399,32.2532
156532009184791,22.1414,32.6454,22.1342,22.1414,32.6454,22.1342
156532019228541,14.216,6.1496997,2.0702999,14.216,6.1496997,2.0702999
156532029172812,-15.666699,-4.7293997,-6.9932,-15.666699,-4.7293997,-6.9932
156532039184791,-6.0333,-6.8332,-3.3221998,-6.0333,-6.8332,-3.3221998
156532049180624,6.7609997,-9.4973,-4.026,6.7609997,-9.4973,-4.026
156532059203541,0.57379997,2.8611,-3.3074,0.57379997,2.8611,-3.3074
156532069162916,-2.8962,5.5076,-3.1094,-2.8962,5.5076,-3.1094
156532079214999,-4.8075,4.3069,1.1360999,-4.8075,4.3069,1.1360999
156532089185312,-3.3753998,1.1912,5.0622,-3.3753998,1.1912,5.0622
156532099229582,-1.7527,-0.7007,1.6741999,-1.7527,-0.7007,1.6741999
156532109155103,-1.2890999,-1.3942,-2.0221,-1.2890999,-1.3942,-2.0221
156532119770728,0.1356,-0.55289996,-1.7284,0.1356,-0.55289996,-1.7284
156532129159270,2.6527998,0.6824,-0.9167,2.6527998,0.6824,-0.9167
156532139184791,2.9619,1.1097,-0.4184,2.9619,1.1097,-0.4184
156532149176978,1.1607,1.3113999,0.3003,1.1607,1.3113999,0.3003
156532159265520,0.6566,0.988,0.3674,0.6566,0.988,0.3674
156532169157187,1.477,0.0574,-0.0502,1.477,0.0574,-0.0502
156532179189999,1.4913,-0.5129,0.0695,1.4913,-0.5129,0.0695
156532189171249,0.57519996,0.0313,0.7504,0.57519996,0.0313,0.7504
156532199195207,-0.5124,0.6328,1.1673,-0.5124,0.6328,1.1673
156532209163437,-1.3759999,0.4692,1.1000999,-1.3759999,0.4692,1.1000999
156532219199895,-1.6263,0.21689999,1.8934,-1.6263,0.21689999,1.8934
156532229176457,-1.2559,0.578,3.0730999,-1.2559,0.578,3.0730999
156532239519166,-1.0436,0.1328,-0.0659,-1.0436,0.1328,-0.0659
156532249204062,-1.2923,-0.3619,0.8109,-1.2923,-0.3619,0.8109
156532261306145,-4.1949997,0.13769999,2.2254999,-4.1949997,0.13769999,2.2254999
156532269161874,-3.1866,0.067099996,3.0326998,-3.1866,0.067099996,3.0326998
156532279183749,0.3699,-0.6534,2.3771,0.3699,-0.6534,2.3771
156532289157707,1.1286,-0.3252,1.9088,1.1286,-0.3252,1.9088
156532299253541,1.0572,-0.197,2.1404,1.0572,-0.197,2.1404
156532309153020,1.012,-0.4703,2.8423998,1.012,-0.4703,2.8423998
156532319472812,-0.2139,-0.3637,3.0412998,-0.2139,-0.3637,3.0412998
156532329170728,-0.1533,-0.2382,3.0140998,-0.1533,-0.2382,3.0140998
156532339178541,2.0E-4,-0.21319999,2.9926,2.0E-4,-0.21319999,2.9926
156532349192603,0.3488,-0.27179998,2.908,0.3488,-0.27179998,2.908
156532359805624,0.6738,-0.0907,2.9635,0.6738,-0.0907,2.9635
156532369176978,0.7661,0.1343,2.9994,0.7661,0.1343,2.9994
156532379207707,0.5437,0.3049,2.9298,0.5437,0.3049,2.9298
156532389184270,1.0357,1.1266,2.977,1.0357,1.1266,2.977
156532399217603,1.9712,4.2697,3.5372999,1.9712,4.2697,3.5372999
156532409168645,1.6561999,8.3708,4.4252,1.6561999,8.3708,4.4252
156532419439999,-0.1252,8.799399,5.0562997,-0.1252,8.799399,5.0562997
156532429172291,-1.6410999,6.179,5.1229997,-1.6410999,6.179,5.1229997
156532439252499,-2.4531,5.9860997,5.5786,-2.4531,5.9860997,5.5786
156532449163957,-3.0562,8.0634,5.154,-3.0562,8.0634,5.154
156532459471770,-3.511,9.58,4.5283,-3.511,9.58,4.5283
156532469153020,-2.9180999,9.1045,4.1951,-2.9180999,9.1045,4.1951
156532479530624,-1.7069999,7.0146,3.981,-1.7069999,7.0146,3.981
156532489158228,-0.64879996,4.7634,4.2838,-0.64879996,4.7634,4.2838
156532499491562,0.2538,2.2458,3.8787,0.2538,2.2458,3.8787
156532509168645,1.0748,0.0495,0.5463,1.0748,0.0495,0.5463
156532519486874,2.0369,0.1382,-6.1707,2.0369,0.1382,-6.1707
156532529434791,3.2728999,4.2367,-6.9147,3.2728999,4.2367,-6.9147
156532539177499,4.5856,5.6205997,-1.8928,4.5856,5.6205997,-1.8928
156532549159791,2.1692998,2.794,2.1383,2.1692998,2.794,2.1383
156532559230103,0.20989999,0.5232,4.8327,0.20989999,0.5232,4.8327
156532569159791,-4.0062,-1.7886,5.4086,-4.0062,-1.7886,5.4086
156532579263436,-2.3707,-2.8748,5.036,-2.3707,-2.8748,5.036
156532589439478,-0.46699998,-3.4622998,4.2611,-0.46699998,-3.4622998,4.2611
156532599520728,0.214,-3.4826,3.5109,0.214,-3.4826,3.5109
156532609163436,-0.38509998,-3.0654,3.5655,-0.38509998,-3.0654,3.5655
156532619188957,-0.8678,-3.0800998,3.4161,-0.8678,-3.0800998,3.4161
156532629179582,-0.7665,-3.6785,3.2670999,-0.7665,-3.6785,3.2670999
156532639194166,-0.98639995,-4.0294,3.0138,-0.98639995,-4.0294,3.0138
156532649163436,-1.1294999,-3.9613998,2.5005999,-1.1294999,-3.9613998,2.5005999
156532659458749,-1.0297999,-3.3239,2.1008,-1.0297999,-3.3239,2.1008
156532669183749,-0.91349995,-2.348,1.5540999,-0.91349995,-2.348,1.5540999
156532679178020,-0.87659997,-1.8810999,1.0227,-0.87659997,-1.8810999,1.0227
156532689426457,-0.5748,-2.032,0.7377,-0.5748,-2.032,0.7377
156532699193645,-0.2695,-2.3708,0.6695,-0.2695,-2.3708,0.6695
156532709159791,-0.1601,-2.4449,-1.1072,-0.1601,-2.4449,-1.1072
156532719860311,0.2085,-2.1955,-2.3302,0.2085,-2.1955,-2.3302
156532729151457,0.4179,-1.6891999,-2.9262998,0.4179,-1.6891999,-2.9262998
156532739206145,0.116,-0.98099995,-3.4575,0.116,-0.98099995,-3.4575
156532749463957,-0.1538,-0.185,-4.383,-0.1538,-0.185,-4.383
156532762939478,-0.5126,0.6915,-5.5629,-0.5126,0.6915,-5.5629
156532769488957,-0.908,1.7978,-5.8146996,-0.908,1.7978,-5.8146996
156532779201978,-1.3182,2.3286,-6.3388,-1.3182,2.3286,-6.3388
156532789174374,-1.2156999,2.191,-6.9168997,-1.2156999,2.191,-6.9168997
156532799458228,-0.8505,1.7062,-7.7725,-0.8505,1.7062,-7.7725
156532809171249,-0.1228,1.0921999,-8.3477,-0.1228,1.0921999,-8.3477
156532819190520,1.3959999,-0.030299999,-8.4029,1.3959999,-0.030299999,-8.4029
156532829430103,1.4789,-0.5338,-8.5665,1.4789,-0.5338,-8.5665
156532839518124,1.1029999,-0.81229997,-8.5805,1.1029999,-0.81229997,-8.5805
156532849164999,0.5884,-0.7012,-7.8698997,0.5884,-0.7012,-7.8698997
156532859491041,0.1489,-0.59279996,-7.1345997,0.1489,-0.59279996,-7.1345997
156532869186874,-0.4493,-0.7098,-6.4862,-0.4493,-0.7098,-6.4862
156532879195728,-1.0849,-0.9521,-5.9209,-1.0849,-0.9521,-5.9209
156532889441041,-1.2564,-1.2564,-5.3104,-1.2564,-1.2564,-5.3104
156532899211874,-1.2068,-1.4691,-4.9758,-1.2068,-1.4691,-4.9758
156532909153541,-1.0705999,-1.5956999,-4.699,-1.0705999,-1.5956999,-4.699
156532919492082,-0.3128,-2.1426,-8.0212,-0.3128,-2.1426,-8.0212
156532929455103,1.2347,-2.4363,-9.6333,1.2347,-2.4363,-9.6333
156532939188436,1.5042,-1.1814,-8.7185,1.5042,-1.1814,-8.7185
156532949197811,-1.179,1.1358,-4.5968,-1.179,1.1358,-4.5968
156532959494686,-3.6283998,4.1363,1.2939999,-3.6283998,4.1363,1.2939999
156532969154582,-1.2746999,5.8815,5.1006,-1.2746999,5.8815,5.1006
156532979210311,1.6336,4.4807997,3.2422,1.6336,4.4807997,3.2422
156532989158749,2.6878,2.2121,1.0577999,2.6878,2.2121,1.0577999
156532999219166,1.6345999,1.0479,-0.5809,1.6345999,1.0479,-0.5809
156533009175416,0.46179998,0.7872,-1.5265,0.46179998,0.7872,-1.5265
156533019184270,-0.4116,0.5248,-1.6158999,-0.4116,0.5248,-1.6158999
156533029163957,-0.61579996,-0.4331,-1.1768,-0.61579996,-0.4331,-1.1768
156533039219166,-0.72389996,-1.2038,-0.5281,-0.72389996,-1.2038,-0.5281
156533049191561,-1.1014999,-0.8991,0.095199995,-1.1014999,-0.8991,0.095199995
156533059198332,-1.1642,0.0558,0.0603,-1.1642,0.0558,0.0603
156533069438957,-0.5471,0.4903,-0.2617,-0.5471,0.4903,-0.2617
156533079505624,-0.0569,-0.091,-0.31039998,-0.0569,-0.091,-0.31039998
156533089182186,-0.1037,-0.1362,-0.0656,-0.1037,-0.1362,-0.0656
156533099181145,-0.3976,0.0075999997,0.0053999997,-0.3976,0.0075999997,0.0053999997
156533109157186,-0.7698,0.20529999,-0.0603,-0.7698,0.20529999,-0.0603
156533119491041,-1.0726,0.3199,-0.0039,-1.0726,0.3199,-0.0039
156533129158228,-1.0992,0.281,-0.0256,-1.0992,0.281,-0.0256
156533139241561,-1.1362,0.1602,-0.14819999,-1.1362,0.1602,-0.14819999
156533149211353,-0.9528,0.0241,-0.176,-0.9528,0.0241,-0.176
156533159186353,-0.6156,0.0309,-0.0659,-0.6156,0.0309,-0.0659
156533169162916,-0.0486,0.0638,0.0296,-0.0486,0.0638,0.0296
156533179207707,0.6727,-0.0081,0.0846,0.6727,-0.0081,0.0846
156533189203541,1.1439999,-0.098699994,0.1191,1.1439999,-0.098699994,0.1191
156533199521249,0.6716,0.051599998,0.28759998,0.6716,0.051599998,0.28759998
156533209191041,-0.148,0.20979999,0.4007,-0.148,0.20979999,0.4007
156533219181145,-0.70879996,0.275,0.4868,-0.70879996,0.275,0.4868
156533229169166,-1.079,0.1545,0.31689999,-1.079,0.1545,0.31689999
156533239211353,-1.2679,0.0337,-0.096599996,-1.2679,0.0337,-0.096599996
156533249158228,-1.0561,0.1117,-0.4533,-1.0561,0.1117,-0.4533
156533261819166,-0.9145,0.3153,-0.59,-0.9145,0.3153,-0.59
156533269180103,-0.87759995,0.2659,-0.7086,-0.87759995,0.2659,-0.7086
156533279214999,-0.8524,0.1047,-0.6957,-0.8524,0.1047,-0.6957
156533289203020,-0.751,0.0852,-0.5027,-0.751,0.0852,-0.5027
156533299185311,-0.7366,0.18769999,-0.3065,-0.7366,0.18769999,-0.3065
156533309160311,-0.50879997,0.294,-0.0739,-0.50879997,0.294,-0.0739
156533319806666,-0.5315,0.1894,0.1698,-0.5315,0.1894,0.1698
156533329151457,-0.6538,-0.2364,0.40739998,-0.6538,-0.2364,0.40739998
156533339210311,-0.8246,0.012,0.5202,-0.8246,0.012,0.5202
156533349178020,-0.9095,0.16319999,0.6143,-0.9095,0.16319999,0.6143
156533359203020,-0.8348,0.177,0.5341,-0.8348,0.177,0.5341
156533369165520,-0.55039996,0.046699997,0.44219998,-0.55039996,0.046699997,0.44219998
156533379181145,-0.3557,0.0607,0.3755,-0.3557,0.0607,0.3755
156533389162916,-0.2277,0.2471,-0.0123,-0.2277,0.2471,-0.0123
156533399206666,-0.2581,0.085,-0.26209998,-0.2581,0.085,-0.26209998
156533409158228,-0.3224,-0.19039999,0.1174,-0.3224,-0.19039999,0.1174
156533419233228,-0.3214,-0.0881,0.35369998,-0.3214,-0.0881,0.35369998
156533429175936,-0.2861,0.078099996,-0.0535,-0.2861,0.078099996,-0.0535
156533439521249,-0.39589998,0.0425,-0.0495,-0.39589998,0.0425,-0.0495
156533449169686,-0.7599,0.1748,0.4289,-0.7599,0.1748,0.4289
156533459226978,-0.8221,0.3847,0.8149,-0.8221,0.3847,0.8149
156533469166561,-0.0374,0.2456,1.1251999,-0.0374,0.2456,1.1251999
156533479194166,1.0019,-0.2604,1.0332999,1.0019,-0.2604,1.0332999
156533489203020,1.5149,-0.613,0.536,1.5149,-0.613,0.536
156533499187395,1.4405,-0.5994,0.38819999,1.4405,-0.5994,0.38819999
156533509194166,0.74799997,-0.1628,0.046,0.74799997,-0.1628,0.046
156533519488436,-0.1462,0.1734,-0.166,-0.1462,0.1734,-0.166
156533529142603,-1.0466,0.2636,-0.0742,-1.0466,0.2636,-0.0742
156533539200416,-1.9056,0.2162,0.2094,-1.9056,0.2162,0.2094
156533549146770,-1.5565,0.0866,0.2766,-1.5565,0.0866,0.2766
156533559533228,-1.0074999,0.0288,-0.11009999,-1.0074999,0.0288,-0.11009999
156533569162395,-0.5765,-0.0645,-0.2245,-0.5765,-0.0645,-0.2245
156533579175416,-1.1183,0.4957,0.0625,-1.1183,0.4957,0.0625
156533589157186,-1.2437999,0.2509,0.29889998,-1.2437999,0.2509,0.29889998
156533599200936,-1.5289999,0.1847,0.5398,-1.5289999,0.1847,0.5398
156533609185832,-1.4944999,0.3313,0.82379997,-1.4944999,0.3313,0.82379997
156533619255103,-0.7475,0.2844,1.0921,-0.7475,0.2844,1.0921
156533629206145,0.21229999,0.1865,1.1567999,0.21229999,0.1865,1.1567999
156533640655624,0.8882,0.1191,0.7194,0.8882,0.1191,0.7194
156533649160311,1.2583,-0.1478,0.3946,1.2583,-0.1478,0.3946
156533659249374,1.1197,-0.5779,-0.9967,1.1197,-0.5779,-0.9967
156533669204582,0.35099998,-1.0251,-1.9672999,0.35099998,-1.0251,-1.9672999
156533679504582,-0.7924,-0.57159996,-0.8287,-0.7924,-0.57159996,-0.8287
156533689196249,-1.8514999,0.6805,0.6587,-1.8514999,0.6805,0.6587
156533699237915,-1.5952,0.9357,1.1867,-1.5952,0.9357,1.1867
156533709274374,-0.7585,-0.0506,0.797,-0.7585,-0.0506,0.797
156533719513436,-0.6554,-0.412,0.56979996,-0.6554,-0.412,0.56979996
156533729143645,-0.3498,-0.0806,0.84169996,-0.3498,-0.0806,0.84169996
156533739203020,0.22109999,0.037299998,1.0652,0.22109999,0.037299998,1.0652
156533749164999,0.1072,-0.2076,0.1572,0.1072,-0.2076,0.1572
156533765311353,-0.60969996,-0.561,-0.4978,-0.60969996,-0.561,-0.4978
156533769476978,-1.759,-0.1704,0.037699997,-1.759,-0.1704,0.037699997
156533779203020,-2.7876,0.9087,0.5689,-2.7876,0.9087,0.5689
156533789254061,-1.5540999,0.9482,0.8772,-1.5540999,0.9482,0.8772
156533799527499,0.42679998,-0.0898,0.5229,0.42679998,-0.0898,0.5229
156533809204061,1.4261999,-0.7084,0.19849999,1.4261999,-0.7084,0.19849999
156533819205624,1.4873999,-0.46359998,0.3672,1.4873999,-0.46359998,0.3672
156533829135832,0.9741,-0.1366,-0.1331,0.9741,-0.1366,-0.1331
156533839262915,-0.9945,-0.23619999,-0.23699999,-0.9945,-0.23619999,-0.23699999
156533849154061,-1.9820999,0.0929,0.0782,-1.9820999,0.0929,0.0782
156533859174895,-1.9312999,0.5133,0.2962,-1.9312999,0.5133,0.2962
156533869166561,-0.76019996,0.6242,0.0848,-0.76019996,0.6242,0.0848
156533879196249,-0.0484,0.0743,-0.1331,-0.0484,0.0743,-0.1331
156533889205624,0.0109,-0.2997,-0.1786,0.0109,-0.2997,-0.1786
156533899185311,-0.3954,-0.28059998,0.21959999,-0.3954,-0.28059998,0.21959999
156533909198332,-0.8656,0.0672,0.5301,-0.8656,0.0672,0.5301
156533919779582,-1.0629,0.1646,0.3746,-1.0629,0.1646,0.3746
156533929167603,-0.876,-0.105799995,-0.0817,-0.876,-0.105799995,-0.0817
156533939226978,-0.8024,-0.096,-0.2886,-0.8024,-0.096,-0.2886
156533949140520,-0.7981,0.2914,-0.20359999,-0.7981,0.2914,-0.20359999
156533959184790,-0.5563,0.39909998,-0.185,-0.5563,0.39909998,-0.185
156533969138957,-0.0806,0.044499997,-0.3041,-0.0806,0.044499997,-0.3041
156533979236353,0.12,-0.2103,-0.4039,0.12,-0.2103,-0.4039
156533989189478,-0.016999999,-0.2012,-0.1558,-0.016999999,-0.2012,-0.1558
156533999163957,-0.46249998,-0.0933,0.16569999,-0.46249998,-0.0933,0.16569999
156534009153020,-0.96879995,0.0888,0.4263,-0.96879995,0.0888,0.4263
156534019196770,-1.2104,0.18689999,0.61439997,-1.2104,0.18689999,0.61439997
156534029175936,-0.898,-0.0223,0.61149997,-0.898,-0.0223,0.61149997
156534039519686,-0.5032,-0.2579,0.4739,-0.5032,-0.2579,0.4739
156534049198332,-0.46589997,-0.1718,0.30949998,-0.46589997,-0.1718,0.30949998
156534059176978,-0.5724,-0.0348,0.371,-0.5724,-0.0348,0.371
156534069165520,-0.5933,-0.0169,0.494,-0.5933,-0.0169,0.494
156534079225415,-0.7657,0.022699999,0.622,-0.7657,0.022699999,0.622
156534089145207,-0.2906,-0.0752,0.6889,-0.2906,-0.0752,0.6889
156534099194686,0.0503,-0.0849,0.564,0.0503,-0.0849,0.564
156534109174895,0.1946,-0.1134,0.4346,0.1946,-0.1134,0.4346
156534119498332,0.105399996,-0.2312,0.36969998,0.105399996,-0.2312,0.36969998
156534129183228,-0.159,-0.2707,0.33139998,-0.159,-0.2707,0.33139998
156534139189478,-0.23079999,-0.506,0.4023,-0.23079999,-0.506,0.4023
156534149149374,-0.285,-0.51629996,0.36159998,-0.285,-0.51629996,0.36159998
156534159503540,-0.2287,-0.3103,0.2367,-0.2287,-0.3103,0.2367
156534169144165,-0.1916,-0.1647,0.0784,-0.1916,-0.1647,0.0784
156534179249895,-0.5735,0.1489,-0.0369,-0.5735,0.1489,-0.0369
156534189197811,-0.8892,0.35099998,0.2049,-0.8892,0.35099998,0.2049
156534199167603,-1.0574,0.3313,0.3454,-1.0574,0.3313,0.3454
156534209183749,-0.85819995,0.2986,0.24579999,-0.85819995,0.2986,0.24579999
156534219213436,-0.5755,0.2591,0.1345,-0.5755,0.2591,0.1345
156534229172811,-0.44399998,0.2665,-0.0325,-0.44399998,0.2665,-0.0325
156534239204582,-0.2871,0.266,-0.0343,-0.2871,0.266,-0.0343
156534249206665,-0.1504,0.1862,-0.0348,-0.1504,0.1862,-0.0348
156534261558228,-0.17189999,0.1563,-0.0841,-0.17189999,0.1563,-0.0841
156534269174374,-0.3162,0.0958,-0.20009999,-0.3162,0.0958,-0.20009999
156534279513436,-0.5177,-0.0315,-0.16489999,-0.5177,-0.0315,-0.16489999
156534289157707,-0.52889997,0.0254,-0.0683,-0.52889997,0.0254,-0.0683
156534299195728,-0.4482,0.0845,-0.033299997,-0.4482,0.0845,-0.033299997
156534309167603,-0.4718,0.092599995,-0.1217,-0.4718,0.092599995,-0.1217
156534319474374,-0.5219,-0.112799995,-0.19479999,-0.5219,-0.112799995,-0.19479999
156534329200415,-0.5168,-0.31059998,-0.1646,-0.5168,-0.31059998,-0.1646
156534339178540,-0.1566,-0.1139,0.0663,-0.1566,-0.1139,0.0663
156534349163957,0.098,-0.1427,0.059299998,0.098,-0.1427,0.059299998
156534359237395,0.0783,-0.1423,0.0447,0.0783,-0.1423,0.0447
156534369148332,0.0536,-0.15179999,0.0567,0.0536,-0.15179999,0.0567
156534379179582,0.0075,-0.1319,0.0016999999,0.0075,-0.1319,0.0016999999
156534389168645,-0.10569999,-0.0932,-0.024,-0.10569999,-0.0932,-0.024
156534399545728,-0.30609998,-0.044,0.0964,-0.30609998,-0.044,0.0964
156534409191040,-0.44309998,0.0231,0.134,-0.44309998,0.0231,0.134
156534419207707,-0.4305,0.052899998,0.107599996,-0.4305,0.052899998,0.107599996
156534429163957,-0.4129,0.0809,0.0218,-0.4129,0.0809,0.0218
156534439317082,-0.3839,0.022599999,-0.1607,-0.3839,0.022599999,-0.1607
156534449171770,-0.1814,-0.2331,-0.114999995,-0.1814,-0.2331,-0.114999995
156534459208749,-0.36769998,-0.2227,0.18239999,-0.36769998,-0.2227,0.18239999
156534469192603,-0.4103,-0.0669,0.122099996,-0.4103,-0.0669,0.122099996
156534479179582,-0.30539998,-0.115899995,0.18339999,-0.30539998,-0.115899995,0.18339999
156534489150415,-0.2945,-0.0775,0.066199996,-0.2945,-0.0775,0.066199996
156534499230624,-0.26749998,-0.0186,-0.0095,-0.26749998,-0.0186,-0.0095
156534509160311,-0.2571,-0.0195,0.0026999998,-0.2571,-0.0195,0.0026999998
156534519784270,-0.14639999,-0.0191,-0.043399997,-0.14639999,-0.0191,-0.043399997
156534529174895,-0.093499996,0.0587,-0.115899995,-0.093499996,0.0587,-0.115899995
156534539199895,-0.1688,0.1179,-0.1432,-0.1688,0.1179,-0.1432
156534549230624,-0.3129,0.0285,-0.0903,-0.3129,0.0285,-0.0903
156534559204582,-0.4852,0.0191,0.037499998,-0.4852,0.0191,0.037499998
156534569147290,-0.41079998,0.018,0.0266,-0.41079998,0.018,0.0266
156534579183749,-0.46559998,0.0773,0.0359,-0.46559998,0.0773,0.0359
156534589138436,-0.4113,0.096,0.072399996,-0.4113,0.096,0.072399996
156534599226978,-0.14209999,0.25329998,-0.0557,-0.14209999,0.25329998,-0.0557
156534609200936,-0.1484,-0.20789999,-0.14999999,-0.1484,-0.20789999,-0.14999999
156534619183749,-0.12529999,-0.19759999,0.0058,-0.12529999,-0.19759999,0.0058
