156399563916061,-0.0358,-0.0808,0.064399995,-0.0358,-0.0808,0.064399995
156399573229082,-0.035299998,-0.0809,0.0657,-0.035299998,-0.0809,0.0657
156399583233248,-0.0348,-0.0809,0.0659,-0.0348,-0.0809,0.0659
156399593215540,-0.0347,-0.0809,0.0677,-0.0347,-0.0809,0.0677
156399603334811,-0.2701,0.0072999997,0.117599994,-0.2701,0.0072999997,0.117599994
156399613542103,-0.18769999,0.0257,0.1171,-0.18769999,0.0257,0.1171
156399623269186,-0.1293,-0.032899998,0.0991,-0.1293,-0.032899998,0.0991
156399633554603,0.0133,-0.1012,0.072399996,0.0133,-0.1012,0.072399996
156399643222311,0.1206,-0.0423,0.084,0.1206,-0.0423,0.084
156399653252519,0.0734,0.026999999,0.039699998,0.0734,0.026999999,0.039699998
156399663244707,0.0826,-0.0219,0.1004,0.0826,-0.0219,0.1004
156399673194186,0.0287,-0.080299996,0.1114,0.0287,-0.080299996,0.1114
156399683346790,0.037699997,-0.0998,0.1427,0.037699997,-0.0998,0.1427
156399693213978,0.0047999998,-0.0995,0.1147,0.0047999998,-0.0995,0.1147
156399703255123,-0.0254,-0.021,0.0872,-0.0254,-0.021,0.0872
156399713756686,0.0382,0.0186,0.1468,0.0382,0.0186,0.1468
156399724723873,0.12529999,0.0972,0.12,0.12529999,0.0972,0.12
156399734366582,0.0893,0.0095,0.12,0.0893,0.0095,0.12
156399743961373,0.2893,-0.042,0.1378,0.2893,-0.042,0.1378
156399753946269,0.1423,-0.0611,0.129,0.1423,-0.0611,0.129
156399763947311,0.3471,-0.1011,0.1304,0.3471,-0.1011,0.1304
156399773934290,0.30069998,-0.041699998,0.0468,0.30069998,-0.041699998,0.0468
156399784154603,0.6337,0.0352,0.084,0.6337,0.0352,0.084
156399793930123,0.6702,0.1039,0.067499995,0.6702,0.1039,0.067499995
156399804441061,0.90349996,0.100099996,0.2137,0.90349996,0.100099996,0.2137
156399813929603,0.7236,0.069699995,0.192,0.7236,0.069699995,0.192
156399824150436,0.87109995,0.0916,0.46359998,0.87109995,0.0916,0.46359998
156399834308248,0.8285,0.0398,0.7891,0.8285,0.0398,0.7891
156399843974394,1.3396,-0.2864,1.0988,1.3396,-0.2864,1.0988
156399854259811,1.504,-0.4486,0.701,1.504,-0.4486,0.701
156399864044186,2.2374,-0.3891,0.7984,2.2374,-0.3891,0.7984
156399874008248,2.2252998,-0.3786,0.77449995,2.2252998,-0.3786,0.77449995
156399884042103,2.3063,-0.091,0.613,2.3063,-0.091,0.613
156399893998873,2.1735,0.047199998,0.479,2.1735,0.047199998,0.479
156399904019186,2.1639,0.0632,0.58349997,2.1639,0.0632,0.58349997
156399913993144,1.8677,-0.0336,0.6254,1.8677,-0.0336,0.6254
156399924221269,1.9273,0.0438,0.7536,1.9273,0.0438,0.7536
156399934196790,1.8314999,0.1424,0.7057,1.8314999,0.1424,0.7057
156399944193665,2.1901,0.1051,0.7385,2.1901,0.1051,0.7385
156399954150957,2.2749999,-0.0341,0.5499,2.2749999,-0.0341,0.5499
156399964222311,2.4823,0.0095,0.5445,2.4823,0.0095,0.5445
156399974516582,2.2080998,0.0953,0.5618,2.2080998,0.0953,0.5618
156399984188457,2.3283,0.2093,0.6168,2.3283,0.2093,0.6168
156399994163978,2.373,0.2735,0.6408,2.373,0.2735,0.6408
156400004207207,2.5347,0.23189999,0.7436,2.5347,0.23189999,0.7436
156400014157207,2.6224,0.0581,0.77059996,2.6224,0.0581,0.77059996
156400024215019,2.8641999,0.0968,1.0145999,2.8641999,0.0968,1.0145999
156400034463978,2.5649,0.10789999,1.1172,2.5649,0.10789999,1.1172
156400044182207,2.6497,0.0394,1.2860999,2.6497,0.0394,1.2860999
156400054176478,2.557,0.049599998,1.2311,2.557,0.049599998,1.2311
156400064172832,2.7057998,0.23799999,1.3086,2.7057998,0.23799999,1.3086
156400074185853,2.642,0.15869999,1.3305,2.642,0.15869999,1.3305
156400084203561,3.07,0.1327,1.3026,3.07,0.1327,1.3026
156400094459290,2.7584999,0.2189,1.3656,2.7584999,0.2189,1.3656
156400104201998,2.9517,0.1441,1.546,2.9517,0.1441,1.546
156400114159811,3.1167,0.051599998,1.2074,3.1167,0.051599998,1.2074
156400124212936,3.3737,0.097399995,1.1247,3.3737,0.097399995,1.1247
156400134165019,2.9496999,0.1148,1.1156,2.9496999,0.1148,1.1156
156400144207207,2.7050998,0.2215,1.1732,2.7050998,0.2215,1.1732
156400154187415,2.2712,0.35999998,1.272,2.2712,0.35999998,1.272
156400164192103,2.2833,0.4281,1.3405,2.2833,0.4281,1.3405
156400174235853,2.8219,0.30719998,1.1761,2.8219,0.30719998,1.1761
156400184184290,3.4405,0.26839998,1.1527,3.4405,0.26839998,1.1527
156400194174915,3.4447,0.163,1.086,3.4447,0.163,1.086
156400204200957,3.4622998,0.2541,1.009,3.4622998,0.2541,1.009
156400214471269,3.016,0.3662,1.2174,3.016,0.3662,1.2174
156400224219186,2.8567,0.4006,1.6231999,2.8567,0.4006,1.6231999
156400234465019,3.007,0.218,1.2067,3.007,0.218,1.2067
156400244227519,3.5391,0.1933,0.76489997,3.5391,0.1933,0.76489997
156400254213978,3.2242,0.3153,0.8103,3.2242,0.3153,0.8103
156400264173353,3.0472999,0.5538,1.1130999,3.0472999,0.5538,1.1130999
156400274160332,3.0776,0.46789998,1.1104,3.0776,0.46789998,1.1104
156400284215019,3.1448,0.4723,0.8452,3.1448,0.4723,0.8452
156400294166061,2.7245998,0.6053,0.8666,2.7245998,0.6053,0.8666
156400304242103,2.5848,0.6502,1.0322,2.5848,0.6502,1.0322
156400314199915,2.6757,0.496,0.9644,2.6757,0.496,0.9644
156400324178040,2.9780998,0.55979997,0.86509997,2.9780998,0.55979997,0.86509997
156400334477519,2.8969,0.6827,1.3831999,2.8969,0.6827,1.3831999
156400344183769,3.4090998,0.4675,1.5243,3.4090998,0.4675,1.5243
156400354148353,3.4838998,0.3003,1.3562,3.4838998,0.3003,1.3562
156400364177519,3.6819,0.3691,1.7109,3.6819,0.3691,1.7109
156400374149394,3.7777998,0.3435,1.7164999,3.7777998,0.3435,1.7164999
156400384232207,4.023,0.38419998,1.2631999,4.023,0.38419998,1.2631999
156400394206686,3.6122,0.4368,0.8328,3.6122,0.4368,0.8328
156400404197832,2.9631,0.6372,1.1642,2.9631,0.6372,1.1642
156400414159290,2.2742999,0.7549,1.1834999,2.2742999,0.7549,1.1834999
156400424215540,2.6169999,0.7687,1.5282999,2.6169999,0.7687,1.5282999
156400434437415,3.1345,0.5699,1.66,3.1345,0.5699,1.66
156400444246790,3.8887,0.5251,1.7099999,3.8887,0.5251,1.7099999
156400454521269,4.1885,0.3288,1.4941,4.1885,0.3288,1.4941
156400464187936,4.3466,0.271,1.6574,4.3466,0.271,1.6574
156400474170227,3.7907999,0.3196,1.9038999,3.7907999,0.3196,1.9038999
156400484221269,3.6599,0.45549998,1.6804999,3.6599,0.45549998,1.6804999
156400494205644,3.707,0.3539,1.2797999,3.707,0.3539,1.2797999
156400504208248,3.7631998,0.43109998,1.1438999,3.7631998,0.43109998,1.1438999
156400514152519,3.1977,0.6282,1.1474,3.1977,0.6282,1.1474
156400524257207,2.8195999,0.96989995,1.2375,2.8195999,0.96989995,1.2375
156400534178040,2.1554,1.1496999,1.6244999,2.1554,1.1496999,1.6244999
156400544228040,2.2768,1.0004,1.6916,2.2768,1.0004,1.6916
156400554168144,3.0507,0.6049,1.441,3.0507,0.6049,1.441
156400564200436,3.9338999,0.6209,1.2712,3.9338999,0.6209,1.2712
156400574522311,4.0512,0.5907,1.1014999,4.0512,0.5907,1.1014999
156400584201998,4.0462,0.5069,1.4118999,4.0462,0.5069,1.4118999
156400594233769,3.2856,0.5721,2.0611,3.2856,0.5721,2.0611
156400604200436,3.5216,0.5473,2.2,3.5216,0.5473,2.2
156400614165540,3.6567,0.44489998,1.9587,3.6567,0.44489998,1.9587
156400624219707,3.9991999,0.47059998,1.6344,3.9991999,0.47059998,1.6344
156400634454602,3.7905,0.5193,1.5156,3.7905,0.5193,1.5156
156400644217102,3.524,0.7484,1.7523999,3.524,0.7484,1.7523999
156400654159290,3.1801,0.7309,1.8748,3.1801,0.7309,1.8748
156400664225436,3.3464,0.587,2.08,3.3464,0.587,2.08
156400674200436,3.3697999,0.43919998,2.1087,3.3697999,0.43919998,2.1087
156400684192623,3.5814,0.50339997,2.3262,3.5814,0.50339997,2.3262
156400694480644,3.5468,0.41149998,2.4398,3.5468,0.41149998,2.4398
156400704209811,3.7257998,0.32099998,2.6694999,3.7257998,0.32099998,2.6694999
156400714160852,3.8221998,0.20619999,2.7658,3.8221998,0.20619999,2.7658
156400730566582,4.1854997,0.3579,2.7291,4.1854997,0.3579,2.7291
156400734216582,4.2637997,0.3117,2.3244998,4.2637997,0.3117,2.3244998
156400744189498,4.3614,0.3658,2.1931999,4.3614,0.3658,2.1931999
156400754186894,3.9408,0.35689998,2.1018999,3.9408,0.35689998,2.1018999
156400764221269,3.9989998,0.41419998,2.158,3.9989998,0.41419998,2.158
156400774157207,3.6931999,0.4308,1.8580999,3.6931999,0.4308,1.8580999
156400784203040,3.5356998,0.4818,1.6305,3.5356998,0.4818,1.6305
156400794181686,3.1595,0.5958,1.3583,3.1595,0.5958,1.3583
156400804225436,3.0409,0.8117,1.3551999,3.0409,0.8117,1.3551999
156400814510332,2.9081,0.7597,1.2853999,2.9081,0.7597,1.2853999
156400824183769,3.1685998,0.766,1.2586,3.1685998,0.766,1.2586
156400834469707,3.4712,0.6999,0.98539996,3.4712,0.6999,0.98539996
156400844212936,3.5802,0.7797,0.8943,3.5802,0.7797,0.8943
156400854174394,3.345,0.7915,0.9127,3.345,0.7915,0.9127
156400864233769,3.3364,0.8121,1.1523,3.3364,0.8121,1.1523
156400874216582,3.097,0.7622,1.1661999,3.097,0.7622,1.1661999
156400884185852,3.3151999,0.76269996,1.2837,3.3151999,0.76269996,1.2837
156400894175957,3.3449,0.6975,1.2751,3.3449,0.6975,1.2751
156400904207727,3.4908,0.7536,1.2774,3.4908,0.7536,1.2774
156400914193665,3.3815,0.79469997,1.1862999,3.3815,0.79469997,1.1862999
156400924208248,3.4757998,0.78819996,1.3057,3.4757998,0.78819996,1.3057
156400934501477,3.2305999,0.7887,1.2573999,3.2305999,0.7887,1.2573999
156400944236894,3.3123999,0.8886,1.1883,3.3123999,0.8886,1.1883
156400954182207,3.2977,0.7909,0.99649996,3.2977,0.7909,0.99649996
156400964208769,3.3251,0.91959995,0.8332,3.3251,0.91959995,0.8332
156400974170748,3.1457,0.9708,0.6058,3.1457,0.9708,0.6058
156400984215540,3.1416,0.8886,0.71129996,3.1416,0.8886,0.71129996
156400994183248,2.8314,0.7712,0.83159995,2.8314,0.7712,0.83159995
156401004205123,2.8095,0.8048,1.0756999,2.8095,0.8048,1.0756999
156401014229602,2.7591999,0.6818,1.3046,2.7591999,0.6818,1.3046
156401024187415,2.9455,0.62149996,1.7709,2.9455,0.62149996,1.7709
156401034458769,3.1539,0.46789998,2.2214,3.1539,0.46789998,2.2214
156401044204602,3.8119998,0.3637,2.7972999,3.8119998,0.3637,2.7972999
156401054473873,4.3684,0.059499998,2.9536998,4.3684,0.059499998,2.9536998
156401064209290,4.8768997,-0.0545,3.4161,4.8768997,-0.0545,3.4161
156401074171269,4.7813997,-0.1741,3.7965,4.7813997,-0.1741,3.7965
156401084223873,4.7527,-0.15179999,4.171,4.7527,-0.15179999,4.171
156401094211894,4.6043997,-0.2126,3.6109,4.6043997,-0.2126,3.6109
156401104205123,3.8581,0.38509998,3.7054,3.8581,0.38509998,3.7054
156401114154602,3.3123999,0.3328,3.4503,3.3123999,0.3328,3.4503
156401124193144,3.3643,0.1302,3.3451,3.3643,0.1302,3.3451
156401134145227,3.2351,0.103099994,3.0706,3.2351,0.103099994,3.0706
156401144220748,3.4831,0.3531,3.0332,3.4831,0.3531,3.0332
156401154204082,3.6290998,0.37579998,2.8049998,3.6290998,0.37579998,2.8049998
156401164172311,3.994,0.30339998,2.6694999,3.994,0.30339998,2.6694999
156401174476477,3.9503999,0.1698,2.3892999,3.9503999,0.1698,2.3892999
156401184201477,3.8971999,0.2839,2.2361999,3.8971999,0.2839,2.2361999
156401194143665,3.6144998,0.46019998,1.9538,3.6144998,0.46019998,1.9538
156401204195227,3.5769,0.70129997,1.862,3.5769,0.70129997,1.862
156401214171790,3.4355,0.8612,1.6431999,3.4355,0.8612,1.6431999
156401224224915,3.4847999,1.1674,1.6150999,3.4847999,1.1674,1.6150999
156401234450957,3.1104999,0.69369996,1.4485999,3.1104999,0.69369996,1.4485999
156401244207207,3.3455,0.099999994,1.4941,3.3455,0.099999994,1.4941
156401254147832,3.4624999,0.103199996,1.3910999,3.4624999,0.103199996,1.3910999
156401264206686,3.5377,0.501,1.4879,3.5377,0.501,1.4879
156401274141582,3.1633,0.5432,1.6459,3.1633,0.5432,1.6459
156401284208248,3.1633,0.3935,1.9692999,3.1633,0.3935,1.9692999
156401294503040,3.1495,0.2461,1.9866999,3.1495,0.2461,1.9866999
156401304167623,3.5187,0.36969998,2.062,3.5187,0.36969998,2.062
156401314163457,3.6859,0.42299998,2.0261,3.6859,0.42299998,2.0261
156401324200957,3.9601998,0.3976,2.1216,3.9601998,0.3976,2.1216
156401334186894,3.9117,0.30159998,2.0697,3.9117,0.30159998,2.0697
156401344180644,3.9808998,0.4526,2.154,3.9808998,0.4526,2.154
156401354171269,3.8005998,0.2992,2.1395,3.8005998,0.2992,2.1395
156401364203040,3.7997,0.354,2.1523,3.7997,0.354,2.1523
156401374159290,3.5697,0.3803,2.042,3.5697,0.3803,2.042
156401384235332,3.5774,0.49409997,2.1359,3.5774,0.49409997,2.1359
156401394160332,3.5058,0.4525,2.0187,3.5058,0.4525,2.0187
156401404206686,3.6725,0.40789998,2.0182,3.6725,0.40789998,2.0182
156401414485852,3.6632,0.3858,1.7943,3.6632,0.3858,1.7943
156401424179602,3.7810998,0.50519997,1.7349,3.7810998,0.50519997,1.7349
156401434486373,3.5382,0.4843,1.7507,3.5382,0.4843,1.7507
156401444184811,3.6311,0.5135,1.8952999,3.6311,0.5135,1.8952999
156401454167623,3.5347998,0.4235,1.8496,3.5347998,0.4235,1.8496
156401464222311,3.6631,0.40489998,1.8841,3.6631,0.40489998,1.8841
156401474151998,3.5488,0.3637,1.8731999,3.5488,0.3637,1.8731999
156401484205123,3.6051998,0.4253,2.0042999,3.6051998,0.4253,2.0042999
156401494169707,3.4824998,0.41369998,1.8944999,3.4824998,0.41369998,1.8944999
156401504207206,3.6130998,0.4974,1.8830999,3.6130998,0.4974,1.8830999
156401514160852,3.5547998,0.43649998,1.7796999,3.5547998,0.43649998,1.7796999
156401524193144,3.7349,0.49769998,1.9434999,3.7349,0.49769998,1.9434999
156401534486373,3.7206998,0.39569998,1.9452,3.7206998,0.39569998,1.9452
156401544200436,3.8614998,0.38939998,2.0663,3.8614998,0.38939998,2.0663
156401554179602,3.6065998,0.4155,2.0349998,3.6065998,0.4155,2.0349998
156401564226998,3.5974,0.46069998,2.0997999,3.5974,0.46069998,2.0997999
156401574199915,3.523,0.40969998,1.9714999,3.523,0.40969998,1.9714999
156401584174915,3.6571,0.47689998,1.9208,3.6571,0.47689998,1.9208
156401594154081,3.5898,0.45569998,1.7712,3.5898,0.45569998,1.7712
156401604206165,3.5342,0.5818,1.8714,3.5342,0.5818,1.8714
156401614131686,3.3925998,0.51269996,1.8209,3.3925998,0.51269996,1.8209
156401624188977,3.4692,0.57809997,1.8880999,3.4692,0.57809997,1.8880999
156401634453561,3.3776,0.4992,1.7781,3.3776,0.4992,1.7781
156401644212415,3.5486,0.5032,1.8363999,3.5486,0.5032,1.8363999
156401654505644,3.5217,0.5207,1.7542,3.5217,0.5207,1.7542
156401664217102,3.6424,0.5635,1.8405999,3.6424,0.5635,1.8405999
156401674157206,3.5077,0.47289997,1.7473999,3.5077,0.47289997,1.7473999
156401684203040,3.5052998,0.5628,1.8325,3.5052998,0.5628,1.8325
156401694185852,3.3544,0.5514,1.777,3.3544,0.5514,1.777
156401704206165,3.4513,0.5628,1.8204999,3.4513,0.5628,1.8204999
156401714207206,3.3874,0.47239998,1.7638999,3.3874,0.47239998,1.7638999
156401730901477,3.5749998,0.55079997,1.9132999,3.5749998,0.55079997,1.9132999
156401734175956,3.4963999,0.5257,1.8773999,3.4963999,0.5257,1.8773999
156401744204081,3.6662998,0.5512,1.9497999,3.6662998,0.5512,1.9497999
156401754181686,3.6111999,0.47529998,1.8942,3.6111999,0.47529998,1.8942
156401764192102,3.7264998,0.5586,2.0679998,3.7264998,0.5586,2.0679998
156401774481165,3.5649,0.5415,2.0293999,3.5649,0.5415,2.0293999
156401784228561,3.6571,0.5649,2.1743999,3.6571,0.5649,2.1743999
156401794173352,3.5175,0.527,2.2919,3.5175,0.527,2.2919
156401804245748,3.7063,0.4712,2.3379,3.7063,0.4712,2.3379
156401814173352,3.6797,0.2947,2.1598,3.6797,0.2947,2.1598
156401824203040,3.8026,0.37559998,2.3181999,3.8026,0.37559998,2.3181999
156401834506686,3.6773,0.3951,2.2855,3.6773,0.3951,2.2855
156401844192623,3.7903998,0.4872,2.4821,3.7903998,0.4872,2.4821
156401854243665,3.6536,0.3795,2.2364,3.6536,0.3795,2.2364
156401864231165,3.7282,0.3798,2.4397,3.7282,0.3798,2.4397
156401874180644,3.4485998,0.40129998,2.6060998,3.4485998,0.40129998,2.6060998
156401884220748,3.5449,0.26729998,2.4503999,3.5449,0.26729998,2.4503999
156401894465540,3.4097,0.2225,2.4563,3.4097,0.2225,2.4563
156401904238456,3.3809998,0.3735,2.4234,3.3809998,0.3735,2.4234
156401914230123,3.4206,0.4107,2.3613,3.4206,0.4107,2.3613
156401924218665,3.7189999,0.5035,2.2017999,3.7189999,0.5035,2.2017999
156401934216061,3.9685998,0.3655,1.8727,3.9685998,0.3655,1.8727
156401944246269,4.1724997,0.3726,1.9044,4.1724997,0.3726,1.9044
156401954248352,3.6539998,0.3757,1.9165,3.6539998,0.3757,1.9165
156401964260331,3.2142,0.4623,2.0544999,3.2142,0.4623,2.0544999
156401974211373,2.9510999,0.4409,2.053,2.9510999,0.4409,2.053
156401984195227,2.9317,0.5671,2.277,2.9317,0.5671,2.277
156401994203040,3.0541,0.5027,2.4222,3.0541,0.5027,2.4222
156402004232727,3.7034,0.31379998,2.1936998,3.7034,0.31379998,2.1936998
156402014495227,3.9480999,0.2179,1.6703999,3.9480999,0.2179,1.6703999
156402024239498,3.7245,0.43109998,1.6846,3.7245,0.43109998,1.6846
156402034477519,3.1668,0.5251,1.9168999,3.1668,0.5251,1.9168999
156402044501477,2.9424999,0.60499996,2.2384999,2.9424999,0.60499996,2.2384999
156402054199394,2.8724,0.5118,2.2453,2.8724,0.5118,2.2453
156402064224394,3.2273998,0.4547,2.162,3.2273998,0.4547,2.162
156402074170227,3.1503,0.3897,2.0244,3.1503,0.3897,2.0244
156402084213456,3.1264,0.5388,1.9656999,3.1264,0.5388,1.9656999
156402094182727,3.0045,0.5926,1.9068999,3.0045,0.5926,1.9068999
156402104191061,3.1011,0.5427,1.8421999,3.1011,0.5427,1.8421999
156402114186373,3.132,0.5789,1.3828,3.132,0.5789,1.3828
156402124197831,2.9975998,0.7035,1.4116,2.9975998,0.7035,1.4116
156402134606686,2.6606,0.6816,1.5108,2.6606,0.6816,1.5108
156402144213456,2.7568,0.72639996,1.5192,2.7568,0.72639996,1.5192
156402154150956,2.8386,0.6242,1.35,2.8386,0.6242,1.35
156402164204602,2.9004998,0.63699996,1.4426999,2.9004998,0.63699996,1.4426999
156402174199915,2.7161999,0.6376,1.711,2.7161999,0.6376,1.711
156402184185331,2.9905999,0.79819995,2.1433,2.9905999,0.79819995,2.1433
156402194170748,3.7301,0.6601,2.0637,3.7301,0.6601,2.0637
156402204204081,4.835,0.4781,1.787,4.835,0.4781,1.787
156402214175956,4.9809,0.23189999,1.2147,4.9809,0.23189999,1.2147
156402224262415,4.4925,0.3543,1.4465,4.4925,0.3543,1.4465
156402234445227,3.449,0.6716,1.8584,3.449,0.6716,1.8584
156402244196269,3.3044,0.77279997,2.2103,3.3044,0.77279997,2.2103
156402254504081,3.7354999,0.4978,2.1624,3.7354999,0.4978,2.1624
156402264196790,4.6163,0.41399997,1.8793999,4.6163,0.41399997,1.8793999
156402274218144,5.0601997,0.3335,1.4347999,5.0601997,0.3335,1.4347999
156402284211894,5.1029,0.4447,1.2136999,5.1029,0.4447,1.2136999
156402294160852,4.112,0.5467,1.4826,4.112,0.5467,1.4826
156402304246790,3.5695,0.7456,1.7946999,3.5695,0.7456,1.7946999
156402314188456,3.3467999,0.6938,1.8003999,3.3467999,0.6938,1.8003999
156402324230123,3.6286,0.624,1.8419,3.6286,0.624,1.8419
156402334182206,3.7259998,0.5707,1.698,3.7259998,0.5707,1.698
156402344212936,3.9024,0.5098,1.6658,3.9024,0.5098,1.6658
156402354197831,3.6671,0.5143,1.9090999,3.6671,0.5143,1.9090999
156402364221269,3.6948,0.5351,1.8320999,3.6948,0.5351,1.8320999
156402374496269,3.4466999,0.45369998,1.8033999,3.4466999,0.45369998,1.8033999
156402384204602,3.2558,0.5618,1.921,3.2558,0.5618,1.921
156402394213977,3.0404,0.5402,2.0606,3.0404,0.5402,2.0606
156402404210331,3.2840998,0.5021,2.2659,3.2840998,0.5021,2.2659
156402414261373,3.5721,0.3482,2.2069,3.5721,0.3482,2.2069
156402424232727,3.8929,0.3915,2.0025,3.8929,0.3915,2.0025
156402434445227,3.6578999,0.3974,1.8591,3.6578999,0.3974,1.8591
156402444194706,3.3367999,0.6306,2.2303,3.3367999,0.6306,2.2303
156402454179081,3.136,0.6083,2.2744,3.136,0.6083,2.2744
156402464187415,3.625,0.48259997,2.1815,3.625,0.48259997,2.1815
156402474178040,3.8018,0.3586,2.1394,3.8018,0.3586,2.1394
156402484250956,4.0985,0.3872,2.0997999,4.0985,0.3872,2.0997999
156402494484811,3.9039,0.34109998,2.2217999,3.9039,0.34109998,2.2217999
156402504253561,3.6769,0.4405,2.6833,3.6769,0.4405,2.6833
156402514449915,3.5331,0.30629998,2.7946,3.5331,0.30629998,2.7946
156402524195748,3.8999,0.2622,2.8692,3.8999,0.2622,2.8692
156402534182727,4.1333,0.2145,2.6186,4.1333,0.2145,2.6186
156402544216581,4.4346,0.3502,2.631,4.4346,0.3502,2.631
156402554191581,4.2655997,0.37199998,2.7094,4.2655997,0.37199998,2.7094
156402564192623,4.5287,0.3559,2.7175,4.5287,0.3559,2.7175
156402574156686,4.4934998,0.097799994,2.4175,4.4934998,0.097799994,2.4175
156402584204081,4.2197,0.1778,2.3779,4.2197,0.1778,2.3779
156402594188977,3.6209,0.27809998,2.4527,3.6209,0.27809998,2.4527
156402604198873,3.5990999,0.40789998,2.8752,3.5990999,0.40789998,2.8752
156402614492102,3.7312,0.3884,3.1074998,3.7312,0.3884,3.1074998
156402624262415,4.5724998,0.055299997,3.5346,4.5724998,0.055299997,3.5346
156402634448873,4.7728,-0.111899994,3.6984,4.7728,-0.111899994,3.6984
156402644251998,5.24,-0.1507,3.7949,5.24,-0.1507,3.7949
156402654422831,4.8925,-0.15779999,3.7965999,4.8925,-0.15779999,3.7965999
156402664192623,4.6074,0.1876,4.139,4.6074,0.1876,4.139
156402674189498,4.7500997,0.6379,4.3413,4.7500997,0.6379,4.3413
156402684195227,5.687,1.6193,4.3896,5.687,1.6193,4.3896
156402694230644,6.0806,2.6348,4.0608,6.0806,2.6348,4.0608
156402704213456,5.2721996,3.2624,3.2542999,5.2721996,3.2624,3.2542999
156402714428040,3.0535998,3.722,2.3207998,3.0535998,3.722,2.3207998
156402730944706,1.3472999,6.6692,3.8562999,1.3472999,6.6692,3.8562999
156402734531165,1.1373,9.359099,4.8359,1.1373,9.359099,4.8359
156402744234810,2.6278,8.8906,5.1587996,2.6278,8.8906,5.1587996
156402754470227,3.3312,6.9644,5.1903996,3.3312,6.9644,5.1903996
156402764248873,3.7638998,6.4062,4.5041,3.7638998,6.4062,4.5041
156402774155644,4.3391,6.6798997,3.7703,4.3391,6.6798997,3.7703
156402784208769,5.2279997,5.6787,3.3665,5.2279997,5.6787,3.3665
156402794479602,5.6351,3.7710998,2.2119,5.6351,3.7710998,2.2119
156402804216060,6.127,2.7387,-1.3765999,6.127,2.7387,-1.3765999
156402814192623,6.6477,3.4415998,-8.4031,6.6477,3.4415998,-8.4031
156402824501998,8.116,4.2030997,-9.1493,8.116,4.2030997,-9.1493
156402834505644,7.2096996,6.9066,1.2406,7.2096996,6.9066,1.2406
156402844238456,5.5459,0.542,-1.5566,5.5459,0.542,-1.5566
156402854779081,3.2814,-0.66389996,1.3555,3.2814,-0.66389996,1.3555
156402864236894,-0.0997,1.8993,6.1238,-0.0997,1.8993,6.1238
156402874180644,3.1469,-0.71489996,3.0323,3.1469,-0.71489996,3.0323
156402884193144,8.3792,-1.2926999,3.059,8.3792,-1.2926999,3.059
156402894265019,9.583799,-1.8612,3.3283,9.583799,-1.8612,3.3283
156402904244706,6.782,-1.8276999,4.0769,6.782,-1.8276999,4.0769
156402914159290,2.6432,-1.558,5.1049,2.6432,-1.558,5.1049
156402924235852,0.3217,-1.6025,5.2901998,0.3217,-1.6025,5.2901998
156402934182727,0.3525,-2.1294,4.1394997,0.3525,-2.1294,4.1394997
156402944192623,1.7268,-1.9373,3.4341998,1.7268,-1.9373,3.4341998
156402954175435,2.7235,-1.5191,2.418,2.7235,-1.5191,2.418
156402964202519,3.5500998,-1.2322999,1.298,3.5500998,-1.2322999,1.298
156402974548352,3.9297998,-1.1870999,0.7471,3.9297998,-1.1870999,0.7471
156402984484810,3.8039,-1.6248,-1.6116999,3.8039,-1.6248,-1.6116999
156402994157206,3.4484,-4.1766,-8.7324,3.4484,-4.1766,-8.7324
156403004202519,3.2068,-3.5985,-9.507299,3.2068,-3.5985,-9.507299
156403014199915,-1.4745,0.2091,2.2896,-1.4745,0.2091,2.2896
156403024190540,0.2575,2.3597999,-0.7606,0.2575,2.3597999,-0.7606
156403034728560,6.3241,2.1041,0.2563,6.3241,2.1041,0.2563
156403044240540,8.4362,0.5816,-2.8048,8.4362,0.5816,-2.8048
156403054171269,9.1772995,-1.1758,-4.3426,9.1772995,-1.1758,-4.3426
156403064227519,7.4849,-0.0784,-2.3990998,7.4849,-0.0784,-2.3990998
156403074190540,3.6237,1.6716,-1.5891,3.6237,1.6716,-1.5891
156403084217623,0.57839996,2.04,-1.0914999,0.57839996,2.04,-1.0914999
156403094492623,0.0274,0.89769995,-0.1558,0.0274,0.89769995,-0.1558
156403104219706,1.5656999,0.0614,0.044299997,1.5656999,0.0614,0.044299997
156403114505644,2.86,0.443,-0.6987,2.86,0.443,-0.6987
156403124221269,5.2290998,0.6748,-0.7364,5.2290998,0.6748,-0.7364
156403134160331,5.3195996,0.366,-0.3301,5.3195996,0.366,-0.3301
156403144210331,4.4017997,0.78279996,0.3712,4.4017997,0.78279996,0.3712
156403154186373,3.0465,0.7468,0.5554,3.0465,0.7468,0.5554
156403164235331,2.9958,0.44009998,0.7786,2.9958,0.44009998,0.7786
156403174176998,3.076,0.3251,0.8624,3.076,0.3251,0.8624
156403184234290,3.3097,0.28,0.74509996,3.3097,0.28,0.74509996
156403194165540,3.373,-0.1201,0.641,3.373,-0.1201,0.641
156403204212415,3.6283998,-0.4761,0.5938,3.6283998,-0.4761,0.5938
156403214806685,3.5872998,-0.83779997,0.5262,3.5872998,-0.83779997,0.5262
156403224215540,3.396,-1.4344,-0.77379996,3.396,-1.4344,-0.77379996
156403234454602,2.6873999,-1.8254,-1.3711,2.6873999,-1.8254,-1.3711
156403244218144,1.017,-1.7681999,-0.63199997,1.017,-1.7681999,-0.63199997
156403254183248,-0.98389995,-1.9822999,-0.0389,-0.98389995,-1.9822999,-0.0389
156403264328560,0.0209,-2.6327,0.3743,0.0209,-2.6327,0.3743
156403274152519,2.7366998,-3.1574,0.65709996,2.7366998,-3.1574,0.65709996
156403284195748,4.7987,-3.1933,0.1523,4.7987,-3.1933,0.1523
156403294205644,5.0002,-3.352,-0.92719996,5.0002,-3.352,-0.92719996
156403304206165,6.6338997,-4.0759997,-5.2089996,6.6338997,-4.0759997,-5.2089996
156403314499915,8.4794,-3.6279,-16.0217,8.4794,-3.6279,-16.0217
156403324246790,5.1798,-10.4787,-30.8837,5.1798,-10.4787,-30.8837
156403334541060,-1.9422,10.2168,-16.9464,-1.9422,10.2168,-16.9464
156403344237935,-14.155399,21.2788,0.67249995,-14.155399,21.2788,0.67249995
156403354458248,-6.6638,14.9169,15.0659,-6.6638,14.9169,15.0659
156403364226998,7.6355,1.9749999,7.5806,7.6355,1.9749999,7.5806
156403374172310,1.522,-1.8467,-6.0127997,1.522,-1.8467,-6.0127997
156403384211894,3.7617,1.5203999,-3.8286998,3.7617,1.5203999,-3.8286998
156403394230123,8.5084,1.5137999,-1.2557,8.5084,1.5137999,-1.2557
156403404199394,9.2202,0.71209997,-0.40109998,9.2202,0.71209997,-0.40109998
156403414208248,7.6387,0.2171,0.1856,7.6387,0.2171,0.1856
156403424200956,5.6205997,0.7231,0.20359999,5.6205997,0.7231,0.20359999
156403434473873,4.3998,0.8681,0.6094,4.3998,0.8681,0.6094
156403444195227,4.2672,0.7093,0.98969996,4.2672,0.7093,0.98969996
156403454488456,4.3557997,0.7438,0.92289996,4.3557997,0.7438,0.92289996
156403464231685,3.9873,1.1672,0.5208,3.9873,1.1672,0.5208
156403474167102,2.9856,1.1486,0.47599998,2.9856,1.1486,0.47599998
156403484213456,2.3457,1.2947999,1.3300999,2.3457,1.2947999,1.3300999
156403494212415,1.7685,1.5094999,2.1234,1.7685,1.5094999,2.1234
156403504192623,1.5303999,1.3386999,1.987,1.5303999,1.3386999,1.987
156403514169185,1.9015,0.93119997,1.3169,1.9015,0.93119997,1.3169
156403524212935,2.8279998,0.8024,0.9758,2.8279998,0.8024,0.9758
156403534198873,3.4289,0.81579995,0.91539997,3.4289,0.81579995,0.91539997
156403544233248,3.9689,0.85179996,0.854,3.9689,0.85179996,0.854
156403554186373,3.9213998,0.6637,0.9244,3.9213998,0.6637,0.9244
156403564199394,3.7651,0.6494,1.1353999,3.7651,0.6494,1.1353999
156403574501998,3.3622,0.68659997,1.2966,3.3622,0.68659997,1.2966
156403584238977,3.1469,0.78999996,1.5545,3.1469,0.78999996,1.5545
156403594163977,3.0126998,0.7698,1.5086,3.0126998,0.7698,1.5086
156403604227519,3.2554,0.89049995,1.5186,3.2554,0.89049995,1.5186
156403614147310,3.4027998,0.77059996,1.3806,3.4027998,0.77059996,1.3806
156403624204081,3.7094,0.6832,1.3922,3.7094,0.6832,1.3922
156403634493665,3.4638,0.6279,1.7126,3.4638,0.6279,1.7126
156403644195748,3.2473998,0.64019996,2.0386,3.2473998,0.64019996,2.0386
156403654167623,2.8239,0.5359,2.2749,2.8239,0.5359,2.2749
156403664197310,2.4835,0.4804,2.6694,2.4835,0.4804,2.6694
156403674191060,2.45,0.3761,2.822,2.45,0.3761,2.822
156403684238977,2.8788,0.4903,3.0444999,2.8788,0.4903,3.0444999
156403694497310,3.4406998,0.4676,3.2117,3.4406998,0.4676,3.2117
156403704190539,4.2263,0.1867,3.3555,4.2263,0.1867,3.3555
156403714478560,4.6822,-0.1466,3.5089998,4.6822,-0.1466,3.5089998
156403731925435,5.1117,-0.1962,3.9039,5.1117,-0.1962,3.9039
156403734979081,5.2457,-0.27629998,4.1678,5.2457,-0.27629998,4.1678
156403744233248,5.515,-0.28059998,4.3276,5.515,-0.28059998,4.3276
156403754152519,5.1239,-0.2987,4.0281997,5.1239,-0.2987,4.0281997
156403764204081,4.8781,-0.129,3.846,4.8781,-0.129,3.846
156403774173873,4.4793,-0.0354,3.3741,4.4793,-0.0354,3.3741
156403784206685,4.4168,0.17719999,2.9277,4.4168,0.17719999,2.9277
156403794173352,4.0343,0.315,2.3467,4.0343,0.315,2.3467
156403804206685,3.7768,0.53819996,1.9187,3.7768,0.53819996,1.9187
156403814809289,3.2591999,0.7093,1.5709,3.2591999,0.7093,1.5709
156403824289498,3.238,0.991,1.3580999,3.238,0.991,1.3580999
156403834540539,3.2129,1.4502,1.0199,3.2129,1.4502,1.0199
156403844199394,3.4139,2.4292,0.7431,3.4139,2.4292,0.7431
156403854190019,3.2424,3.8174,0.81259996,3.2424,3.8174,0.81259996
156403864228560,3.3086998,5.2716,1.4625,3.3086998,5.2716,1.4625
156403874436894,3.3950999,6.2369,1.9136,3.3950999,6.2369,1.9136
156403884238977,2.639,8.0356,3.6989,2.639,8.0356,3.6989
156403894158769,3.5937998,8.402599,4.7925,3.5937998,8.402599,4.7925
156403904224914,4.6836,8.8201,5.729,4.6836,8.8201,5.729
156403914200956,5.1133,9.224299,7.6496,5.1133,9.224299,7.6496
156403924465539,5.433,9.0924,9.4823,5.433,9.0924,9.4823
156403934487414,5.7527,8.5309,8.9963,5.7527,8.5309,8.9963
156403944218144,4.9708,9.0564995,9.5496,4.9708,9.0564995,9.5496
156403954221789,4.219,8.6466,10.3132,4.219,8.6466,10.3132
156403964480123,2.9522,7.4557996,10.1404,2.9522,7.4557996,10.1404
156403974179081,1.9822999,4.2324,5.2641997,1.9822999,4.2324,5.2641997
156403984182206,3.8239,2.1503,-1.1406,3.8239,2.1503,-1.1406
156403994163456,6.4972997,2.6492,-2.5541,6.4972997,2.6492,-2.5541
156404004480644,8.8986,3.5231998,-5.7135,8.8986,3.5231998,-5.7135
156404014174914,10.1685,3.9531999,-7.8062,10.1685,3.9531999,-7.8062
156404024226477,8.498199,4.4976,-2.141,8.498199,4.4976,-2.141
156404034465019,3.9106998,3.2148,3.165,3.9106998,3.2148,3.165
156404044450435,0.5176,1.5866,3.8463,0.5176,1.5866,3.8463
156404054512414,1.0540999,0.3676,3.3067,1.0540999,0.3676,3.3067
156404064176998,4.6236997,-0.7959,4.1893997,4.6236997,-0.7959,4.1893997
156404074157727,6.2594,-2.0317,4.2723,6.2594,-2.0317,4.2723
156404084199394,6.4768,-2.5839999,3.9887998,6.4768,-2.5839999,3.9887998
156404094442623,5.3083,-2.7972,3.8265998,5.3083,-2.7972,3.8265998
156404104217102,4.0933,-2.8463,3.6715,4.0933,-2.8463,3.6715
156404114175435,2.6299,-3.0298998,3.5467,2.6299,-3.0298998,3.5467
156404124459810,1.2652,-3.0746999,3.6732,1.2652,-3.0746999,3.6732
156404134169185,0.1003,-3.1646,3.9801,0.1003,-3.1646,3.9801
156404144206685,-0.96639997,-3.0186,4.2774,-0.96639997,-3.0186,4.2774
156404154168664,-0.6563,-3.1334999,3.3312,-0.6563,-3.1334999,3.3312
156404164504081,0.5096,-3.1585,2.05,0.5096,-3.1585,2.05
156404174489498,1.5474,-2.836,0.7097,1.5474,-2.836,0.7097
156404184193664,2.1074,-1.9932,-0.5244,2.1074,-1.9932,-0.5244
156404194420748,2.1749,-1.3613,-1.8469,2.1749,-1.3613,-1.8469
156404204201998,2.4067,-1.5821999,-3.0251,2.4067,-1.5821999,-3.0251
156404214432206,2.9406,-1.545,-3.4801,2.9406,-1.545,-3.4801
156404224240019,3.7910998,-0.84099996,-4.2808,3.7910998,-0.84099996,-4.2808
156404234772831,4.193,0.0919,-5.7578998,4.193,0.0919,-5.7578998
156404244191060,4.4989,0.6321,-6.2629,4.4989,0.6321,-6.2629
156404254478560,4.026,0.86179996,-6.5132,4.026,0.86179996,-6.5132
156404264188456,3.7587,0.8226,-7.1471,3.7587,0.8226,-7.1471
156404274434289,3.1485,0.4931,-7.914,3.1485,0.4931,-7.914
156404284218144,1.4918,0.5559,-7.6653,1.4918,0.5559,-7.6653
156404294472831,-1.3548,1.122,-6.5909996,-1.3548,1.122,-6.5909996
156404304493144,-3.5440998,1.0584999,-5.9405,-3.5440998,1.0584999,-5.9405
156404314173873,-3.1998,-0.2616,-5.2204,-3.1998,-0.2616,-5.2204
156404324195748,-1.9995999,-1.3633,-5.2276,-1.9995999,-1.3633,-5.2276
156404334463456,-1.2386999,-1.8901,-6.443,-1.2386999,-1.8901,-6.443
156404344178039,0.7349,-2.7217,-9.6996,0.7349,-2.7217,-9.6996
156404354162935,3.1567,-2.3760998,-9.7648,3.1567,-2.3760998,-9.7648
156404364205123,4.6969,-1.4015,-8.5755,4.6969,-1.4015,-8.5755
156404374494185,4.9336,-2.1272,-8.4257,4.9336,-2.1272,-8.4257
156404384205644,4.0805,-3.4408,-7.7528,4.0805,-3.4408,-7.7528
156404394171269,0.4971,-2.3009999,-6.0902,0.4971,-2.3009999,-6.0902
156404404168144,-0.17729999,-1.5051999,-5.8103,-0.17729999,-1.5051999,-5.8103
156404414486373,-1.3353,-1.4258,-5.0594,-1.3353,-1.4258,-5.0594
156404424238977,-2.2398999,-1.9828999,-4.8589,-2.2398999,-1.9828999,-4.8589
156404434454081,-2.1876,-0.0138,-4.6741,-2.1876,-0.0138,-4.6741
156404444217623,-2.1943,14.114599,6.1857,-2.1943,14.114599,6.1857
156404454184810,0.8005,27.532099,16.726099,0.8005,27.532099,16.726099
156404464473352,4.8963,6.1,8.9326,4.8963,6.1,8.9326
156404474208769,4.9662,-6.226,-4.8444,4.9662,-6.226,-4.8444
156404484208248,4.2657,-9.2130995,-10.1311,4.2657,-9.2130995,-10.1311
156404494166581,-1.4182999,-6.3413,-8.2188,-1.4182999,-6.3413,-8.2188
156404504208769,-7.9328,0.6332,-4.8343997,-7.9328,0.6332,-4.8343997
156404514187935,-7.1902,5.5959,-1.4548999,-7.1902,5.5959,-1.4548999
156404524226998,1.6053,3.5447,-0.33069998,1.6053,3.5447,-0.33069998
156404534498873,6.4912,1.0806,-2.0995998,6.4912,1.0806,-2.0995998
156404544196269,5.9733996,0.5937,-3.9698,5.9733996,0.5937,-3.9698
156404554479602,4.5737,0.14039999,-2.7333,4.5737,0.14039999,-2.7333
156404564211894,3.9773,-0.44599998,-0.5758,3.9773,-0.44599998,-0.5758
156404574188977,2.5246,-0.1021,0.205,2.5246,-0.1021,0.205
156404584233248,1.2688,0.0311,1.0962,1.2688,0.0311,1.0962
156404594181164,0.8104,0.8677,1.3711,0.8104,0.8677,1.3711
156404604231164,1.7845999,1.8053,1.4295,1.7845999,1.8053,1.4295
156404614178560,2.8177,1.2300999,1.4677,2.8177,1.2300999,1.4677
156404624243664,3.2523,0.3039,1.6323999,3.2523,0.3039,1.6323999
156404634467623,3.1439,-0.2634,1.8497,3.1439,-0.2634,1.8497
156404644204602,3.4494998,0.0075,1.6387,3.4494998,0.0075,1.6387
156404654549914,2.9975998,0.22729999,1.5926,2.9975998,0.22729999,1.5926
156404664201477,2.4438999,0.3509,1.6349,2.4438999,0.3509,1.6349
156404674184289,2.0774999,0.37809998,1.4936999,2.0774999,0.37809998,1.4936999
156404684195748,2.1011,0.39209998,1.2296,2.1011,0.39209998,1.2296
156404694208769,2.2818,0.3425,0.97069997,2.2818,0.3425,0.97069997
156404704235852,2.6722999,0.3645,0.9442,2.6722999,0.3645,0.9442
156404714155644,2.9178998,0.419,0.9514,2.9178998,0.419,0.9514
156404731739498,3.2482998,0.4621,0.852,3.2482998,0.4621,0.852
156404735094706,3.1187,0.3366,0.7854,3.1187,0.3366,0.7854
156404744232727,2.8704,0.1586,1.0770999,2.8704,0.1586,1.0770999
156404754217623,2.3818,0.023,1.2234,2.3818,0.023,1.2234
156404764219706,2.2375998,-0.048,1.1795,2.2375998,-0.048,1.1795
156404774481164,2.0595999,0.033099998,1.1108999,2.0595999,0.033099998,1.1108999
156404784480643,1.9815999,0.3627,1.1709,1.9815999,0.3627,1.1709
156404794222831,1.9183999,0.5907,1.0883,1.9183999,0.5907,1.0883
156404804241060,2.1504,0.5962,1.1053,2.1504,0.5962,1.1053
156404814167102,2.1193,0.42999998,1.1841999,2.1193,0.42999998,1.1841999
156404824172310,2.1726,0.24849999,1.2875,2.1726,0.24849999,1.2875
156404834476477,2.1281,-0.056399997,1.4096999,2.1281,-0.056399997,1.4096999
156404844211893,2.1682,-0.2086,1.7005,2.1682,-0.2086,1.7005
156404854175956,2.1008,-0.27109998,1.9196999,2.1008,-0.27109998,1.9196999
156404864216060,2.3009,-0.24569999,2.1192,2.3009,-0.24569999,2.1192
156404874185852,2.3865,-0.1797,2.2242,2.3865,-0.1797,2.2242
156404884184810,2.7012,-0.091199994,2.3205,2.7012,-0.091199994,2.3205
156404894487935,2.8866,-0.1832,2.6123998,2.8866,-0.1832,2.6123998
156404904235331,2.9092999,-0.16,3.1638,2.9092999,-0.16,3.1638
156404914161373,2.9357,-0.2444,3.5628,2.9357,-0.2444,3.5628
156404924224393,3.4469,-0.5886,4.0654,3.4469,-0.5886,4.0654
156404934199393,3.6646998,-1.0288,4.4007998,3.6646998,-1.0288,4.4007998
156404944208248,3.5600998,-1.1506,4.4873,3.5600998,-1.1506,4.4873
156404954173352,3.5691,-1.1003,4.1733,3.5691,-1.1003,4.1733
156404964179602,3.8212998,-0.7236,3.82,3.8212998,-0.7236,3.82
156404974151477,3.6206,-0.5214,3.4547,3.6206,-0.5214,3.4547
156404984196268,3.7993999,-0.56619996,3.2986999,3.7993999,-0.56619996,3.2986999
156404994451477,3.6416998,-0.82009995,2.8172998,3.6416998,-0.82009995,2.8172998
156405004214498,3.376,-0.98099995,2.9517,3.376,-0.98099995,2.9517
156405014481164,2.8197,-0.8131,3.0158,2.8197,-0.8131,3.0158
156405024195227,2.5800998,-0.43109998,2.6506999,2.5800998,-0.43109998,2.6506999
156405034446268,2.1155,0.120699994,2.1682,2.1155,0.120699994,2.1682
156405044504602,2.5363998,1.5763999,1.9409,2.5363998,1.5763999,1.9409
156405054150435,3.1376998,3.8223,0.7622,3.1376998,3.8223,0.7622
156405064212414,2.4538,5.3912,-0.0796,2.4538,5.3912,-0.0796
156405074211373,1.3847,7.3949,0.1302,1.3847,7.3949,0.1302
156405084458768,0.23879999,9.9471,1.2801,0.23879999,9.9471,1.2801
156405094190539,-1.3533,10.6525,3.1049,-1.3533,10.6525,3.1049
156405104207206,-1.0734,9.0475,5.1127,-1.0734,9.0475,5.1127
156405114149393,0.3904,7.3427997,7.0283,0.3904,7.3427997,7.0283
156405124473873,1.3083999,7.3813996,6.5024,1.3083999,7.3813996,6.5024
156405134451998,1.5043,8.402699,6.3395,1.5043,8.402699,6.3395
156405144220748,1.4288,9.1284,7.4624996,1.4288,9.1284,7.4624996
156405154153560,1.4232999,5.6974,7.6045,1.4232999,5.6974,7.6045
156405164432206,2.3144999,2.7166998,3.033,2.3144999,2.7166998,3.033
156405174135331,3.7417998,1.1329,-0.5561,3.7417998,1.1329,-0.5561
156405184193664,4.9521,1.0866,-4.9321,4.9521,1.0866,-4.9321
156405194148352,7.0611997,3.2472,-7.7430997,7.0611997,3.2472,-7.7430997
156405204447310,7.4940996,4.3726997,-6.8708997,7.4940996,4.3726997,-6.8708997
156405214188456,4.4217,2.5302,2.1025999,4.4217,2.5302,2.1025999
156405224211893,-1.3777,1.8821,4.6077,-1.3777,1.8821,4.6077
156405234438456,-3.9782,0.46649998,4.4164,-3.9782,0.46649998,4.4164
156405244204081,0.4244,-2.0512,4.5362997,0.4244,-2.0512,4.5362997
156405254745748,3.9838,-3.4552999,4.5635,3.9838,-3.4552999,4.5635
156405264208248,4.7271,-3.518,4.0027,4.7271,-3.518,4.0027
156405274129602,3.6878998,-3.2156,3.4067,3.6878998,-3.2156,3.4067
156405284200956,2.4822,-2.9940999,3.3816998,2.4822,-2.9940999,3.3816998
156405294145227,1.094,-2.9586,3.9053,1.094,-2.9586,3.9053
156405304165018,0.0771,-3.1674,4.0633,0.0771,-3.1674,4.0633
156405314449914,-0.45659998,-3.4357,3.7793,-0.45659998,-3.4357,3.7793
156405324190539,-0.90059996,-3.2187,4.022,-0.90059996,-3.2187,4.022
156405334130643,-1.2587999,-3.0893998,3.8595998,-1.2587999,-3.0893998,3.8595998
156405344192623,-0.59529996,-3.4327998,2.6641,-0.59529996,-3.4327998,2.6641
156405354467623,1.1035,-3.6413999,1.6594,1.1035,-3.6413999,1.6594
156405364205123,1.9433999,-3.2773,0.116299994,1.9433999,-3.2773,0.116299994
156405374493143,1.8679999,-2.5709,-1.3281,1.8679999,-2.5709,-1.3281
156405384456685,1.7206999,-2.5172,-2.8130999,1.7206999,-2.5172,-2.8130999
156405394133768,1.6082,-2.4721,-3.5321999,1.6082,-2.4721,-3.5321999
156405404185852,1.7061,-1.3484,-3.9905999,1.7061,-1.3484,-3.9905999
156405414458248,2.3158,-0.77669996,-4.9087996,2.3158,-0.77669996,-4.9087996
156405424206164,3.1727998,-0.4375,-5.8522997,3.1727998,-0.4375,-5.8522997
156405434445748,3.7231,-0.13599999,-5.9136996,3.7231,-0.13599999,-5.9136996
156405444441060,3.7238998,-0.053,-5.8991,3.7238998,-0.053,-5.8991
156405454147831,3.1789,-0.2573,-5.6981,3.1789,-0.2573,-5.6981
156405464225956,2.4424999,-0.55979997,-5.3152,2.4424999,-0.55979997,-5.3152
156405474405643,1.0493,-0.5226,-4.2929,1.0493,-0.5226,-4.2929
156405484187935,-0.61079997,-0.3331,-3.5746,-0.61079997,-0.3331,-3.5746
156405494512414,-1.4850999,-0.3759,-2.6313,-1.4850999,-0.3759,-2.6313
156405504157727,-0.6946,-1.1194,-3.7264998,-0.6946,-1.1194,-3.7264998
156405514446268,0.27809998,-2.1004999,-6.6776,0.27809998,-2.1004999,-6.6776
156405524193664,0.28689998,-2.4693,-9.6107,0.28689998,-2.4693,-9.6107
156405534136373,0.3969,-1.0893999,-8.4314995,0.3969,-1.0893999,-8.4314995
156405544184289,-0.3836,0.91929996,-4.5394,-0.3836,0.91929996,-4.5394
156405554157206,-0.9909,0.4258,-1.8068,-0.9909,0.4258,-1.8068
156405564238456,-0.29569998,-1.6381999,-1.3636999,-0.29569998,-1.6381999,-1.3636999
156405574420748,1.6689999,-3.3467,-2.5193,1.6689999,-3.3467,-2.5193
156405584181685,3.3407998,-3.9406,-4.4024997,3.3407998,-3.9406,-4.4024997
156405594160331,3.3003,-3.2345,-5.0903,3.3003,-3.2345,-5.0903
156405604197310,2.1114,-1.7969999,-4.7644997,2.1114,-1.7969999,-4.7644997
156405614463456,0.1414,-0.7073,-4.2623,0.1414,-0.7073,-4.2623
156405624178039,-1.2637,-0.8175,-4.4498,-1.2637,-0.8175,-4.4498
156405634473352,-1.5788,-1.6674,-4.7788997,-1.5788,-1.6674,-4.7788997
156405644173873,-1.8154,-2.2763,-5.4342,-1.8154,-2.2763,-5.4342
156405654144185,-2.0576,-0.17989999,-8.0484,-2.0576,-0.17989999,-8.0484
156405664213456,-1.7904999,12.748,0.3062,-1.7904999,12.748,0.3062
156405674160331,-2.7663,23.647299,8.1621,-2.7663,23.647299,8.1621
156405684207727,0.84459996,6.2455997,7.3262997,0.84459996,6.2455997,7.3262997
156405694193664,5.1221,-4.8949,-2.3444,5.1221,-4.8949,-2.3444
156405704200435,5.6793,-8.4703,-5.1137,5.6793,-8.4703,-5.1137
156405714157206,-1.4784,-6.2299,-4.2981997,-1.4784,-6.2299,-4.2981997
156405731315018,-5.9346,0.7585,-2.9624999,-5.9346,0.7585,-2.9624999
156405734872310,-4.0538,5.7769,1.7328999,-4.0538,5.7769,1.7328999
156405744216060,0.99509996,3.2247,2.1993,0.99509996,3.2247,2.1993
156405754132206,4.5204997,-0.2531,-0.8792,4.5204997,-0.2531,-0.8792
156405764176998,5.068,-1.3192999,-2.4549,5.068,-1.3192999,-2.4549
156405774184289,4.5442,-0.728,-2.2595,4.5442,-0.728,-2.2595
156405784191581,4.0685997,-0.0392,-1.5482999,4.0685997,-0.0392,-1.5482999
156405794157727,1.9613999,0.0924,-0.5502,1.9613999,0.0924,-0.5502
156405804179081,0.7518,-0.2703,0.2967,0.7518,-0.2703,0.2967
156405814145227,0.6608,-0.50299996,1.1334,0.6608,-0.50299996,1.1334
156405824182727,0.615,0.4955,1.4426,0.615,0.4955,1.4426
156405834513977,0.7603,1.4346,1.4132999,0.7603,1.4346,1.4132999
156405844199914,1.5800999,1.0688,1.4419999,1.5800999,1.0688,1.4419999
156405854467102,2.2628,-0.0028,1.5186,2.2628,-0.0028,1.5186
156405864205122,2.4092,-0.5259,1.4187,2.4092,-0.5259,1.4187
156405874145227,2.1835,-0.3576,0.9331,2.1835,-0.3576,0.9331
156405884220227,1.7729,0.097899996,0.83559996,1.7729,0.097899996,0.83559996
156405894132206,0.76659995,0.46809998,1.0892999,0.76659995,0.46809998,1.0892999
156405904162935,-0.1717,0.67859995,1.2954,-0.1717,0.67859995,1.2954
156405914173872,0.2899,0.21689999,0.86039996,0.2899,0.21689999,0.86039996
156405924175956,1.1772,0.0256,0.5868,1.1772,0.0256,0.5868
156405934183768,1.7831999,0.021499999,0.0594,1.7831999,0.021499999,0.0594
156405944454602,2.1028,-0.0429,-0.1087,2.1028,-0.0429,-0.1087
156405954131685,1.6164,-0.0095,0.1308,1.6164,-0.0095,0.1308
156405964207727,0.9744,0.1301,0.593,0.9744,0.1301,0.593
156405974479602,0.529,0.19489999,0.9008,0.529,0.19489999,0.9008
156405984225956,0.7263,0.029299999,1.1025,0.7263,0.029299999,1.1025
156405994163456,1.1146,-0.113199994,1.0898,1.1146,-0.113199994,1.0898
156406004190018,1.4908999,-0.0733,1.1524,1.4908999,-0.0733,1.1524
156406014140539,1.5613999,0.029199999,1.0806,1.5613999,0.029199999,1.0806
156406024190539,1.5766,0.0887,1.1535,1.5766,0.0887,1.1535
156406034459289,1.2085999,0.0622,1.3498,1.2085999,0.0622,1.3498
156406044190539,0.9486,0.053799998,1.5038999,0.9486,0.053799998,1.5038999
156406054196268,1.0102999,0.0755,1.6182,1.0102999,0.0755,1.6182
156406064180643,1.165,-0.029399998,1.7680999,1.165,-0.029399998,1.7680999
156406074144706,1.071,-0.2907,1.6729,1.071,-0.2907,1.6729
156406084193143,1.0217999,-0.4721,1.6840999,1.0217999,-0.4721,1.6840999
156406094457727,0.872,-0.40739998,1.6086999,0.872,-0.40739998,1.6086999
156406104189497,0.7765,-0.17459999,1.4913,0.7765,-0.17459999,1.4913
156406114152518,0.6798,-0.0209,1.7722,0.6798,-0.0209,1.7722
156406124195747,0.73929995,0.0482,1.6072999,0.73929995,0.0482,1.6072999
156406134147831,1.4474,-0.23179999,1.2824999,1.4474,-0.23179999,1.2824999
156406144200956,1.3814,-0.22729999,1.3179,1.3814,-0.22729999,1.3179
156406154176997,0.86179996,-0.0836,1.3237,0.86179996,-0.0836,1.3237
156406164203039,0.6157,-0.0568,0.8659,0.6157,-0.0568,0.8659
156406174163977,0.1778,-0.1245,1.0704,0.1778,-0.1245,1.0704
156406184454602,0.015199999,-0.1339,1.2462,0.015199999,-0.1339,1.2462
156406194189497,0.3908,-0.085999995,1.6272,0.3908,-0.085999995,1.6272
156406204176997,1.0189999,0.1241,2.2323,1.0189999,0.1241,2.2323
156406214460331,2.0857,0.90019995,2.809,2.0857,0.90019995,2.809
156406224198872,3.5073,2.45,3.3992999,3.5073,2.45,3.3992999
156406234458247,3.6559,3.4975,2.5881999,3.6559,3.4975,2.5881999
156406244190539,2.2900999,2.8873,1.9877,2.2900999,2.8873,1.9877
156406254193664,0.8078,2.2594,1.8836999,0.8078,2.2594,1.8836999
156406264488977,0.0907,3.0363,2.3093,0.0907,3.0363,2.3093
156406274149914,-0.19659999,4.2581,2.6502,-0.19659999,4.2581,2.6502
156406284196789,0.24839999,4.8224,2.5595,0.24839999,4.8224,2.5595
156406294138456,0.579,4.2146,1.9914,0.579,4.2146,1.9914
156406304228039,0.8138,2.8329,1.1152999,0.8138,2.8329,1.1152999
156406314157727,1.0935999,1.7881999,-0.9923,1.0935999,1.7881999,-0.9923
156406324167102,0.8871,1.9861,-1.4722999,0.8871,1.9861,-1.4722999
156406334488456,0.3031,1.5741999,-0.5974,0.3031,1.5741999,-0.5974
156406344465018,0.177,-0.107999995,-1.1506,0.177,-0.107999995,-1.1506
156406354156685,0.12979999,-1.4149,-2.0284998,0.12979999,-1.4149,-2.0284998
156406364200956,0.2321,-1.6877999,-2.0753,0.2321,-1.6877999,-2.0753
156406374130122,1.0213,-1.406,-0.0703,1.0213,-1.406,-0.0703
156406384175956,1.9444,-1.1621,3.8820999,1.9444,-1.1621,3.8820999
156406394162414,1.9374,-1.7835,5.4003,1.9374,-1.7835,5.4003
156406404242622,2.4283,-2.6434999,3.5681999,2.4283,-2.6434999,3.5681999
156406414165539,3.0723999,-1.2753999,3.4543,3.0723999,-1.2753999,3.4543
156406424201477,1.4627,-0.8186,2.9677,1.4627,-0.8186,2.9677
156406434437935,-0.6042,-0.6443,2.7468998,-0.6042,-0.6443,2.7468998
156406444187414,-1.856,-0.5638,2.6353998,-1.856,-0.5638,2.6353998
156406454509810,-1.3766999,-1.0575,1.7385,-1.3766999,-1.0575,1.7385
156406464187414,-0.3669,-1.3320999,1.0687,-0.3669,-1.3320999,1.0687
156406474462414,0.18609999,-1.0462999,0.3083,0.18609999,-1.0462999,0.3083
156406484235331,0.4238,-0.6405,-0.55,0.4238,-0.6405,-0.55
156406494153560,0.2066,0.019199999,-0.8472,0.2066,0.019199999,-0.8472
156406504214497,-0.40539998,0.80509996,-0.62,-0.40539998,0.80509996,-0.62
156406514404081,-0.83339995,1.248,-0.78569996,-0.83339995,1.248,-0.78569996
156406524178039,-0.6171,1.2638,-1.5864999,-0.6171,1.2638,-1.5864999
156406534167102,0.3872,1.148,-2.8514,0.3872,1.148,-2.8514
156406544465018,1.8768,0.9173,-4.6159997,1.8768,0.9173,-4.6159997
156406554158247,2.4192,0.0142,-7.1092997,2.4192,0.0142,-7.1092997
156406564194706,2.0835,-1.2497,-8.776899,2.0835,-1.2497,-8.776899
156406574477518,1.4224,-2.3686,-9.5064,1.4224,-2.3686,-9.5064
156406584476997,1.3024,-3.2426,-10.4154,1.3024,-3.2426,-10.4154
156406594180643,1.6266999,-4.0559,-11.9804,1.6266999,-4.0559,-11.9804
156406604180122,1.7508,-3.7517998,-11.4657,1.7508,-3.7517998,-11.4657
156406614219706,0.0954,-0.8548,-5.4178,0.0954,-0.8548,-5.4178
156406624222310,-2.9766,2.4255,0.0332,-2.9766,2.4255,0.0332
156406634515018,-2.5858,2.9710999,3.954,-2.5858,2.9710999,3.954
156406644198352,-0.5991,1.6877999,4.3602,-0.5991,1.6877999,4.3602
156406654168143,0.6349,0.7323,1.7813,0.6349,0.7323,1.7813
156406664183768,1.5646,0.9198,-0.26569998,1.5646,0.9198,-0.26569998
156406674209810,0.20879999,1.7045,-0.5291,0.20879999,1.7045,-0.5291
156406684199914,-0.7862,1.2350999,0.4062,-0.7862,1.2350999,0.4062
156406694478039,-0.099599995,-0.079399996,0.7919,-0.099599995,-0.079399996,0.7919
156406704200956,0.21139999,-0.98179996,0.2049,0.21139999,-0.98179996,0.2049
156406714269706,0.25329998,-0.5318,-0.1409,0.25329998,-0.5318,-0.1409
156406731404081,0.88269997,0.076799996,-0.2768,0.88269997,0.076799996,-0.2768
156406734913456,1.4771999,0.21949999,-0.274,1.4771999,0.21949999,-0.274
156406744188456,1.6602,0.13149999,-0.076,1.6602,0.13149999,-0.076
156406754184289,1.4301,0.048499998,0.1275,1.4301,0.048499998,0.1275
156406764202518,1.1199,0.117199995,0.3074,1.1199,0.117199995,0.3074
156406774181685,0.62619996,0.40879998,0.48979998,0.62619996,0.40879998,0.48979998
156406784192622,-0.1105,0.55579996,0.6444,-0.1105,0.55579996,0.6444
156406794174393,-0.493,0.1537,0.72999996,-0.493,0.1537,0.72999996
156406804196268,-0.1821,-0.3367,0.58419997,-0.1821,-0.3367,0.58419997
156406814487414,0.305,-0.22039999,0.21169999,0.305,-0.22039999,0.21169999
156406824224914,0.49199998,0.2895,-0.0016999999,0.49199998,0.2895,-0.0016999999
156406834476477,0.4289,0.3373,-0.032899998,0.4289,0.3373,-0.032899998
156406844190018,0.47959998,0.0039999997,0.20459999,0.47959998,0.0039999997,0.20459999
156406854161893,0.76379997,0.0311,0.39909998,0.76379997,0.0311,0.39909998
156406864195747,1.0113,0.3746,0.29479998,1.0113,0.3746,0.29479998
156406874186372,1.0587,0.1857,0.1539,1.0587,0.1857,0.1539
156406884244706,1.2143999,-0.2358,-0.32439998,1.2143999,-0.2358,-0.32439998
156406894192622,1.1746,-0.5613,-0.5983,1.1746,-0.5613,-0.5983
156406904247310,0.7841,-0.6692,-0.61,0.7841,-0.6692,-0.61
156406914161372,0.4125,-0.2385,-0.2253,0.4125,-0.2385,-0.2253
156406924285852,0.4172,0.4181,0.096599996,0.4172,0.4181,0.096599996
156406934501477,0.541,-0.2303,0.0202,0.541,-0.2303,0.0202
156406944186893,0.74469995,-0.4658,-0.0814,0.74469995,-0.4658,-0.0814
156406954201997,0.8285,-0.1533,-0.0647,0.8285,-0.1533,-0.0647
156406964258768,0.8749,-0.0162,-0.0087,0.8749,-0.0162,-0.0087
156406974167622,0.88769996,-0.2626,-0.0524,0.88769996,-0.2626,-0.0524
156406984201476,1.005,-0.508,0.0016,1.005,-0.508,0.0016
156406994161372,1.0224999,-0.3915,0.0056999996,1.0224999,-0.3915,0.0056999996
156407004191060,1.0816,0.0103,0.0986,1.0816,0.0103,0.0986
156407014173872,0.91179997,0.2445,0.385,0.91179997,0.2445,0.385
156407024177518,0.8358,0.20529999,0.7456,0.8358,0.20529999,0.7456
156407034480122,0.86429995,-0.0112,0.4067,0.86429995,-0.0112,0.4067
156407044197831,0.9465,-0.3936,-0.19999999,0.9465,-0.3936,-0.19999999
156407054496789,0.84059995,-0.25599998,-0.45049998,0.84059995,-0.25599998,-0.45049998
156407064198351,0.564,0.254,-0.205,0.564,0.254,-0.205
156407074169706,0.45709997,0.1953,-0.23179999,0.45709997,0.1953,-0.23179999
156407084181685,0.3353,-0.4224,-0.19389999,0.3353,-0.4224,-0.19389999
156407094232726,0.26479998,-0.452,0.088999994,0.26479998,-0.452,0.088999994
156407104260331,0.4596,0.2245,0.359,0.4596,0.2245,0.359
156407114213976,0.784,0.7241,0.34199998,0.784,0.7241,0.34199998
156407124243143,0.774,0.45929998,0.3486,0.774,0.45929998,0.3486
156407134182726,0.6612,-0.36479998,0.45659998,0.6612,-0.36479998,0.45659998
156407144301997,1.017,-0.708,0.2408,1.017,-0.708,0.2408
156407154324914,0.8764,-0.2959,-0.2067,0.8764,-0.2959,-0.2067
156407164196268,0.12799999,0.18439999,-0.3796,0.12799999,0.18439999,-0.3796
156407174595747,-0.092199996,0.1355,-0.093399994,-0.092199996,0.1355,-0.093399994
156407184216060,-0.14039999,0.0471,-0.3741,-0.14039999,0.0471,-0.3741
156407194201476,-0.2375,0.0963,-0.2438,-0.2375,0.0963,-0.2438
156407204319706,-0.1996,0.1255,0.1793,-0.1996,0.1255,0.1793
156407214189497,0.1942,-0.0123,0.4836,0.1942,-0.0123,0.4836
156407224254601,0.74759996,-0.1204,0.4572,0.74759996,-0.1204,0.4572
156407234430643,0.9346,-0.0916,0.37829998,0.9346,-0.0916,0.37829998
156407244582726,0.97679996,-0.1308,0.6418,0.97679996,-0.1308,0.6418
156407254735331,0.922,-0.1117,0.6279,0.922,-0.1117,0.6279
156407264401476,0.8379,-0.0234,0.3656,0.8379,-0.0234,0.3656
156407274193143,0.6568,-0.1506,-0.0079,0.6568,-0.1506,-0.0079
156407284227518,0.5816,-0.22899999,-0.103099994,0.5816,-0.22899999,-0.103099994
156407294572831,0.40469998,-0.0131,0.060999997,0.40469998,-0.0131,0.060999997
156407304236372,0.4721,0.094799995,0.1516,0.4721,0.094799995,0.1516
156407314180643,0.252,-0.0127,0.0424,0.252,-0.0127,0.0424
156407324196789,-0.1533,-0.1008,0.1249,-0.1533,-0.1008,0.1249
156407334130643,-0.5189,0.0167,0.3741,-0.5189,0.0167,0.3741
156407344205643,-0.5295,0.2033,0.34109998,-0.5295,0.2033,0.34109998
156407354180643,-0.3583,0.1938,0.0337,-0.3583,0.1938,0.0337
156407364165018,-0.2573,0.105799995,-0.036599997,-0.2573,0.105799995,-0.036599997
156407374141581,0.081199996,-0.1488,0.0603,0.081199996,-0.1488,0.0603
156407384211893,0.6214,0.1261,0.1487,0.6214,0.1261,0.1487
156407394166581,0.5493,0.3029,-0.0047,0.5493,0.3029,-0.0047
156407404178560,0.7359,-0.0791,-0.1708,0.7359,-0.0791,-0.1708
156407414480122,0.74219996,-0.3529,-0.28419998,0.74219996,-0.3529,-0.28419998
156407424206164,0.5965,-0.2348,-0.28489998,0.5965,-0.2348,-0.28489998
156407434476476,0.27019998,-0.3809,-0.4556,0.27019998,-0.3809,-0.4556
156407444194706,0.0752,-0.3414,-0.40039998,0.0752,-0.3414,-0.40039998
156407454163456,0.023799999,-0.066199996,-0.2306,0.023799999,-0.066199996,-0.2306
156407464191060,0.26299998,0.0221,-0.0712,0.26299998,0.0221,-0.0712
156407474160851,0.3373,0.0026,0.0018,0.3373,0.0026,0.0018
156407484175956,0.1856,0.0222,0.1389,0.1856,0.0222,0.1389
156407494174393,0.092999995,0.0123,0.20359999,0.092999995,0.0123,0.20359999
156407504167622,0.14549999,-0.0661,0.1848,0.14549999,-0.0661,0.1848
156407514156164,0.18679999,-0.0072999997,0.14459999,0.18679999,-0.0072999997,0.14459999
156407524254601,0.5432,0.012399999,-0.029299999,0.5432,0.012399999,-0.029299999
156407534470747,0.5787,-0.1048,-0.0788,0.5787,-0.1048,-0.0788
156407544189497,0.4337,-0.21249999,0.1601,0.4337,-0.21249999,0.1601
156407554184810,0.48279998,-0.27109998,0.13409999,0.48279998,-0.27109998,0.13409999
156407564207726,0.5821,-0.3493,-0.1744,0.5821,-0.3493,-0.1744
156407574191060,0.456,-0.1915,-0.2658,0.456,-0.1915,-0.2658
156407584161893,0.28399998,0.043899998,0.022799999,0.28399998,0.043899998,0.022799999
156407594190539,0.2095,0.053799998,0.1515,0.2095,0.053799998,0.1515
156407604197310,0.1193,-0.034199998,0.12459999,0.1193,-0.034199998,0.12459999
156407614174914,-0.1753,-0.0343,0.1343,-0.1753,-0.0343,0.1343
156407624239497,-0.2049,0.0539,0.14559999,-0.2049,0.0539,0.14559999
156407634450435,-0.0365,0.103099994,0.0986,-0.0365,0.103099994,0.0986
156407644170226,0.115899995,0.054199997,0.1017,0.115899995,0.054199997,0.1017
156407654473872,0.2437,0.1327,0.20109999,0.2437,0.1327,0.20109999
156407664279601,0.43539998,0.21139999,0.15709999,0.43539998,0.21139999,0.15709999
156407674148351,0.37199998,-0.092099994,0.104499996,0.37199998,-0.092099994,0.104499996
156407684199393,0.3374,-0.1114,0.0032,0.3374,-0.1114,0.0032
156407694178560,0.3058,-0.0517,-0.119899996,0.3058,-0.0517,-0.119899996
156407704197310,0.2829,-0.100499995,-0.1039,0.2829,-0.100499995,-0.1039
156407714217622,0.3103,-0.0802,-0.0338,0.3103,-0.0802,-0.0338
156407731275435,0.30789998,-0.0991,-0.0993,0.30789998,-0.0991,-0.0993
156407734250956,0.2296,-0.1182,-0.1406,0.2296,-0.1182,-0.1406
156407744208768,0.1292,-0.0689,0.0212,0.1292,-0.0689,0.0212
156407754158247,0.1162,0.0095999995,0.1708,0.1162,0.0095999995,0.1708
156407764227518,0.1718,1.0E-4,0.1662,0.1718,1.0E-4,0.1662
156407774522831,0.3454,-0.0093,0.17979999,0.3454,-0.0093,0.17979999
156407784182726,0.36089998,0.0106,0.1277,0.36089998,0.0106,0.1277
156407794195226,0.3292,-0.0279,0.0581,0.3292,-0.0279,0.0581
156407804236893,0.322,-0.0176,0.038,0.322,-0.0176,0.038
156407814177518,0.3011,0.042,-0.009,0.3011,0.042,-0.009
156407824222831,0.3346,-0.104399994,-0.1073,0.3346,-0.104399994,-0.1073
156407834490539,0.24769999,-0.1424,-0.1584,0.24769999,-0.1424,-0.1584
156407844208247,0.1832,-0.0241,-0.2665,0.1832,-0.0241,-0.2665
156407854176476,0.1019,-0.0326,-0.2674,0.1019,-0.0326,-0.2674
156407864240539,0.0288,-0.0714,-0.2013,0.0288,-0.0714,-0.2013
156407874196789,-0.045399997,-0.021499999,-0.1589,-0.045399997,-0.021499999,-0.1589
156407884216060,-0.109799996,-0.0407,-0.1529,-0.109799996,-0.0407,-0.1529
156407894496268,-0.1792,-0.0598,-0.076799996,-0.1792,-0.0598,-0.076799996
156407904195226,-0.1581,0.009099999,-0.0521,-0.1581,0.009099999,-0.0521
156407914170226,-0.132,-0.0884,-0.0749,-0.132,-0.0884,-0.0749
156407924219185,-0.0418,-0.1077,-0.081199996,-0.0418,-0.1077,-0.081199996
156407934168664,0.45859998,0.0301,-0.035,0.45859998,0.0301,-0.035
156407944285331,0.28309998,0.089099996,-0.1601,0.28309998,0.089099996,-0.1601
156407954154601,0.26119998,0.011299999,-0.1519,0.26119998,0.011299999,-0.1519
156407964218664,0.0736,-0.076699995,0.054899998,0.0736,-0.076699995,0.054899998
156407974192101,0.239,-0.057299998,0.1599,0.239,-0.057299998,0.1599
156407984200956,0.1329,0.0112,0.090799995,0.1329,0.0112,0.090799995
156407994234810,0.29799998,0.089499995,0.1753,0.29799998,0.089499995,0.1753
156408004212935,0.1654,0.1776,0.1742,0.1654,0.1776,0.1742
156408014510331,0.0846,-0.0284,0.1519,0.0846,-0.0284,0.1519
156408024207206,0.10789999,-0.1264,0.2215,0.10789999,-0.1264,0.2215
156408034478039,2.9999999E-4,0.020399999,0.1796,2.9999999E-4,0.020399999,0.1796
156408044221789,0.0011999999,-0.028299998,0.0853,0.0011999999,-0.028299998,0.0853
156408054168143,0.227,-0.273,0.060399998,0.227,-0.273,0.060399998
156408064199914,0.2678,-0.17459999,-0.0032,0.2678,-0.17459999,-0.0032
