48754315394472,0.03888215,0.011185277,-0.013315806
48754323329042,0.03888215,0.011185277,-0.013315806
48754331202577,0.03888215,0.011185277,-0.013315806
48754339076113,0.03888215,0.011185277,-0.013315806
48754347041200,0.03888215,0.011185277,-0.013315806
48754354914736,0.03888215,0.011185277,-0.013315806
48754362818788,0.03888215,0.011185277,-0.013315806
48754370722841,0.03888215,0.011185277,-0.013315806
48754378596376,0.10705908,0.042077947,-0.030360037
48754386561464,0.10705908,0.015978966,-0.034621093
48754394404482,0.09161274,-0.002130529,-0.034621093
48754402308534,0.0777643,-0.021837922,-0.034621093
48754410243105,0.07563378,-0.024501082,-0.03355583
48754418116640,0.0777643,-0.01438107,-0.034088463
48754426051210,0.07669904,-0.011185277,-0.040480047
48754433894228,0.075101145,0.0,-0.04580637
48754441859316,0.06977482,0.007989483,-0.05273059
48754449793886,0.06977482,-0.0063915867,-0.05486112
48754457697939,0.06391586,-0.025033714,-0.053263225
48754465663027,0.061252706,-0.03355583,-0.054328486
48754473506044,0.056991648,-0.04314321,-0.06231797
48754481379579,0.053795855,-0.070307456,-0.06498113
48754489314150,0.058589544,-0.09374327,-0.060720075
48754497187685,0.06018744,-0.092145376,-0.058589544
48754505122255,0.061252706,-0.082025364,-0.05912218
48754513026308,0.06338324,-0.06231797,-0.061252706
48754520899843,0.060720075,-0.033023197,-0.06764429
48754528773378,0.06657903,-0.0015978967,-0.0793622
48754536738466,0.06764429,0.017044231,-0.090014845
48754544703554,0.0628506,0.014913702,-0.099069595
48754552607607,0.06231797,5.326322E-4,-0.10066749
48754560511659,0.06711166,-0.017576864,-0.101200126
48754568385195,0.077231675,-0.032490566,-0.098004326
48754576319765,0.08681905,-0.041012682,-0.09853696
48754584223818,0.08948222,-0.03888215,-0.10226539
48754592127870,0.08948222,-0.021837922,-0.10652645
48754600031923,0.08894958,-0.002130529,-0.111852765
48754607905458,0.082025364,0.020240024,-0.11930962
48754615840029,0.07989483,0.028229509,-0.1257012
48754623774599,0.08522116,0.029827405,-0.128897
48754631709169,0.08681905,0.03888215,-0.12783173
48754639582704,0.08948222,0.03781689,-0.12996227
48754647486757,0.09534117,0.026631612,-0.13262543
48754655421327,0.10652645,0.018642128,-0.13369069
48754663325380,0.11025487,0.033023197,-0.13209279
48754671198915,0.10918961,0.04474111,-0.13528858
48754679102968,0.11717909,0.03355583,-0.14434333
48754687007021,0.12144015,0.007989483,-0.14327806
48754694911074,0.120907515,-0.006924219,-0.13688648
48754702845644,0.12623383,-0.015446335,-0.13635385
48754710688661,0.13422333,-0.02130529,-0.13848437
48754718653749,0.14221281,-0.017576864,-0.14327806
48754726527284,0.1438107,-0.00479369,-0.15073492
48754734431337,0.1454086,-0.011717909,-0.15925704
48754742365908,0.14966966,-0.04261058,-0.16298546
48754750208925,0.1571265,-0.06498113,-0.16458336
48754758082460,0.16618125,-0.068176925,-0.16777915
48754765955995,0.18961707,-0.07243799,-0.18002969
48754773921083,0.21092236,-0.09374327,-0.19281286
48754781855654,0.22264028,-0.11930962,-0.20293288
48754789759706,0.23435818,-0.13848437,-0.20559604
48754797633241,0.25513083,-0.15233281,-0.20559604
48754805567812,0.27803403,-0.165116,-0.21145499
48754813441347,0.29241508,-0.1736381,-0.22423817
48754821406435,0.30360037,-0.17470337,-0.23382555
48754829249452,0.31851408,-0.18375812,-0.25033715
48754837153505,0.3392867,-0.22104238,-0.26897928
48754845088075,0.3536678,-0.24873926,-0.2727077
48754853022646,0.37124467,-0.26844665,-0.2796319
48754860926699,0.38775626,-0.3009372,-0.30146983
48754868830751,0.41438788,-0.35260254,-0.32810146
48754876734804,0.43516052,-0.4149205,-0.34248254
48754884608339,0.45060685,-0.5006743,-0.35899413
48754892542909,0.48309743,-0.59388494,-0.37124467
48754900446962,0.5400891,-0.6508766,-0.38562572
48754908351015,0.57790595,-0.68336713,-0.40426785
48754916224550,0.62051654,-0.727043,-0.43569317
48754924128603,0.66632295,-0.7233146,-0.4644553
48754932063173,0.73822826,-0.68816084,-0.50120693
48754939967226,0.8064052,-0.63010395,-0.54435015
48754947810243,0.8612663,-0.53955644,-0.59388494
48754955714296,0.9262474,-0.43782368,-0.6535397
48754963618349,0.9938917,-0.31691617,-0.7174556
48754971491884,1.0540792,-0.17789917,-0.79042625
48754979426454,1.1142666,0.010120012,-0.92464954
48754987269472,1.2175972,0.35633096,-1.1233214
48754995173525,1.310808,0.7680557,-1.2101405
48755003138613,1.3731259,1.2330436,-1.2687299
48755011012148,1.4002901,1.659682,-1.448227
48755018977236,1.4604776,1.9813919,-1.6644757
48755026820253,1.5254587,2.218946,-1.7933728
48755034785341,1.5451661,2.373942,-1.8477012
48755042689394,1.5611451,2.449043,-1.8849854
48755050623964,1.6074841,2.5310683,-1.9318571
48755058558534,1.6058862,2.6312032,-1.9680761
48755066462587,1.5659387,2.773416,-1.9712719
48755074336122,1.5275892,2.9561088,-1.9584887
48755082209658,1.5153387,3.1574438,-1.9686087
48755090144228,1.5329156,3.3502567,-2.0096214
48755098109316,1.5030881,3.4780884,-2.0762005
48755105952333,1.4183996,3.5377433,-2.128931
48755113825868,1.293231,3.5452,-2.1486385
48755121729921,1.0855045,3.4940674,-2.1156151
48755129664491,0.85753787,3.3428,-2.036253
48755137599062,0.6402239,3.064766,-1.9270633
48755145533632,0.42344263,2.6429212,-1.7992316
48755153407167,0.20559604,2.1257353,-1.6580842
48755161311220,-0.019707393,1.5920377,-1.5116103
48755169245790,-0.25193503,1.071656,-1.361408
48755177149843,-0.47191215,0.5837649,-1.220793
48755185023378,-0.63010395,0.27696875,-1.1297129
48755192957949,-0.84155893,-0.03781689,-1.0205233
48755200831484,-1.0583402,-0.2759035,-0.9129316
48755208796572,-1.2580773,-0.45380265,-0.78776306
48755216700624,-1.4317155,-0.561927,-0.63862604
48755224604677,-1.5973641,-0.59388494,-0.4708469
48755232508730,-1.7310548,-0.59122175,-0.28495824
48755240412783,-1.814678,-0.54648066,-0.09853696
48755248286318,-1.8780613,-0.43729106,0.08042747
48755256251406,-1.9632823,-0.31851408,0.25832662
48755264094423,-2.0474384,-0.21944448,0.44474792
48755271998476,-2.1166804,-0.15393071,0.6396913
48755279933046,-2.181129,-0.11717909,0.8522116
48755287837099,-2.2525017,-0.123038046,1.0657971
48755295802187,-2.3339944,-0.15393071,1.2602079
48755303675722,-2.417085,-0.2050634,1.4444987
48755311579775,-2.4724789,-0.294013,1.6303873
48755319514345,-2.4959147,-0.36964676,1.8189391
48755327418398,-2.5347967,-0.4000068,1.9979035
48755335383486,-2.5917885,-0.40373522,2.1555626
48755343287538,-2.6152241,-0.406931,2.305765
48755351191591,-2.6333337,-0.396811,2.4639566
48755359065126,-2.6828685,-0.3920173,2.6194854
48755366938661,-2.7585022,-0.48309743,2.7499802
48755374873232,-2.8021781,-0.70627034,2.8756814
48755382716249,-2.8027108,-1.010936,3.0115025
48755390650820,-2.7510455,-1.3677995,3.1579764
48755398524355,-2.7260118,-1.7337179,3.3364084
48755406458925,-2.7830033,-2.31695,3.4940674
48755414362978,-2.6823359,-3.055711,3.6458676
48755422297548,-2.492719,-3.6762276,3.8589206
48755430171083,-2.343582,-4.164119,4.094877
48755438044618,-1.995773,-4.3500075,4.043744
48755445948671,-1.5867114,-4.8107343,3.2107072
48755453913759,-2.3276029,-5.6842513,1.9393139
48755461787294,-1.3837786,-6.3681507,2.5438516
48755469691347,-0.77604514,-7.013701,3.240002
48755477625917,-0.7451525,-6.678143,3.6639771
48755485529970,-0.91452956,-5.097823,3.1537154
48755493495058,-0.6396913,-3.512177,2.0655477
48755501338075,-0.06178534,-1.5499598,1.0066749
48755509211611,0.18002969,0.9555422,0.4149205
48755517146181,0.21358553,3.2495892,0.14807177
48755525050234,0.3121225,4.690892,-0.101200126
48755532984804,0.52624065,5.4839816,-0.34408042
48755540919374,0.74675035,5.871205,-0.5209143
48755548792909,0.9044095,5.968144,-0.58962387
48755556696962,1.0359697,5.794506,-0.58483016
48755564601015,1.154214,5.3827815,-0.58429754
48755572535585,1.2799152,4.8107343,-0.6199839
48755580378603,1.4125407,4.1545315,-0.6791061
48755588343691,1.5355787,3.487676,-0.75793564
48755596217226,1.6484967,2.8650289,-0.829841
48755604121279,1.7449032,2.310026,-0.87990844
48755612055849,1.8141453,1.8120148,-0.9150622
48755619929384,1.8551581,1.3379722,-0.94116116
48755627863954,1.8807244,0.89801794,-0.9571401
48755635798525,1.8887138,0.5251754,-0.97471696
48755643672060,1.8828549,0.2561961,-1.0013486
48755651606630,1.8530275,0.08628642,-1.0423613
48755659510683,1.8082864,-0.01917476,-1.0934939
48755667384218,1.7704695,-0.07084008,-1.1531488
48755675318788,1.7374463,-0.06924219,-1.2186625
48755683253359,1.6863136,-0.010652645,-1.2815131
48755691187929,1.6239957,0.09161274,-1.3406353
48755699091982,1.555286,0.21092236,-1.3949639
48755706965517,1.4950987,0.330232,-1.4327807
48755714839052,1.4359765,0.43089947,-1.4476944
48755722773622,1.3912354,0.5113269,-1.4226607
48755730677675,1.3571469,0.5949502,-1.3566142
48755738520693,1.3177321,0.68176925,-1.2602079
48755746424745,1.2596753,0.71585774,-1.1590078
48755754359316,1.2138689,0.6860303,-1.0950918
48755762232851,1.1579424,0.5832323,-1.0173275
48755770197939,1.1004182,0.4607269,-0.96299905
48755778040956,1.0381002,0.38775626,-0.932639
48755785914491,0.96619487,0.3797668,-0.9241169
48755793879579,0.8863,0.39627838,-0.922519
48755801753115,0.8202536,0.41225734,-0.9150622
48755809687685,0.7520767,0.4101268,-0.89588743
48755817591738,0.6737798,0.36485308,-0.8644621
48755825465273,0.5997439,0.2561961,-0.82344943
48755833369325,0.53742594,0.09640643,-0.78083885
48755841303896,0.47404268,-0.096939065,-0.73343456
48755849207949,0.41598576,-0.28016454,-0.6785734
48755857112001,0.3536678,-0.43675843,-0.62317973
48755865016054,0.2892193,-0.5592638,-0.56672066
48755872920107,0.22370553,-0.66525763,-0.5113269
48755880793642,0.1571265,-0.75580513,-0.45327002
48755888758730,0.10226539,-0.8378305,-0.39095205
48755896601747,0.05912218,-0.8996158,-0.32490566
48755904536318,0.0063915867,-0.9438243,-0.26684874
48755912501406,-0.05539375,-0.9683254,-0.21518342
48755920374941,-0.10759171,-0.9960223,-0.16724652
48755928309511,-0.15339808,-1.0237192,-0.118776985
48755936213564,-0.19600865,-1.0508834,-0.07084008
48755944087099,-0.23489082,-1.0743192,-0.02609898
48755951991152,-0.27004454,-1.0849719,0.014913702
48755959925722,-0.3073288,-1.0865698,0.051132694
48755967829775,-0.34993938,-1.0594054,0.07403588
48755975733827,-0.40426785,-1.0237192,0.07882957
48755983607363,-0.45912898,-0.9986854,0.07882957
48755991480898,-0.509729,-0.98590225,0.09267801
48755999445986,-0.53795856,-0.97045594,0.111852765
48756007380556,-0.5273059,-0.9353022,0.12676647
48756015284609,-0.46552056,-0.87298423,0.13954964
48756023158144,-0.49481535,-0.9400959,0.2146508
48756031031679,-0.6844324,-1.0322412,0.3392867
48756038905214,-1.0088054,-1.0540792,0.47137952
48756046870302,-1.1451592,-0.89801794,0.4889564
48756054713320,-1.1893678,-0.73769563,0.5086638
48756062617372,-1.2287825,-0.60293967,0.61572284
48756070551943,-1.2548815,-0.4314321,0.6812366
48756078455995,-1.2319783,-0.27643612,0.6114618
48756086390566,-1.1781825,-0.20453078,0.48363006
48756094264101,-1.0689929,-0.23116238,0.3669836
48756102168154,-0.9321064,-0.25992453,0.3009372
48756110041689,-0.8383631,-0.23329292,0.294013
48756117976259,-0.81918836,-0.14327806,0.32330775
48756125910829,-0.81918836,-0.023435818,0.3552657
48756133845400,-0.79681784,0.07456851,0.36911413
48756141749452,-0.75420725,0.13369069,0.37390783
48756149714540,-0.6988135,0.14221281,0.37337518
48756157588075,-0.6327671,0.1123854,0.3669836
48756165553163,-0.56618804,0.07669904,0.34780884
48756173396181,-0.50120693,0.05219796,0.32597092
48756181300234,-0.45167214,0.046871636,0.31052458
48756189265322,-0.4165184,0.050600063,0.29667616
48756197138857,-0.38562572,0.043675844,0.28495824
48756205073427,-0.360592,0.025033714,0.2796319
48756212946962,-0.33609092,-0.0031957934,0.27643612
48756220851015,-0.30786142,-0.02609898,0.2727077
48756228755068,-0.2759035,-0.027696876,0.26525086
48756236720156,-0.2514024,-0.0058589545,0.25406557
48756244624208,-0.23435818,0.034621093,0.24074976
48756252528261,-0.22530343,0.08362326,0.22264028
48756260432314,-0.23062976,0.13582122,0.2034655
48756268305849,-0.2428803,0.17044231,0.18002969
48756276240419,-0.23489082,0.17896444,0.1571265
48756284144472,-0.21837921,0.15126756,0.1470065
48756292018007,-0.2034655,0.104928546,0.14753912
48756299952577,-0.19121496,0.03834952,0.14966966
48756307856630,-0.17949706,-0.029294772,0.1571265
48756315730165,-0.16458336,-0.06924219,0.17576863
48756323664736,-0.14913702,-0.076166406,0.18588865
48756331538271,-0.128897,-0.06178534,0.19600865
48756339411806,-0.11611383,-0.039414786,0.19707392
48756347285341,-0.11025487,-0.04527374,0.19441076
48756355219911,-0.11664646,-0.0644485,0.19228023
48756363123964,-0.12676647,-0.10865697,0.19760656
48756371028017,-0.13262543,-0.17417073,0.20559604
48756378932070,-0.13422333,-0.20612867,0.21571605
48756386866640,-0.13741912,-0.19813919,0.21891184
48756394740175,-0.13741912,-0.16298546,0.2130529
48756402705263,-0.1438107,-0.103863284,0.1917476
48756410548281,-0.1571265,-0.049002163,0.16831179
48756418421816,-0.17150758,-0.010120012,0.15073492
48756426295351,-0.17576863,0.010652645,0.14168017
48756434199404,-0.15606125,-0.0010652645,0.13901702
48756442133974,-0.14913702,-0.02876214,0.13528858
48756449976991,-0.15180019,-0.10865697,0.12783173
48756457911562,-0.14647387,-0.2146508,0.12410331
48756465846132,-0.14487597,-0.30945933,0.14061491
48756473719667,-0.14008227,-0.37017938,0.1571265
48756481684755,-0.13954964,-0.38136467,0.16405073
48756489527773,-0.13795175,-0.3323625,0.16138756
48756497462343,-0.13901702,-0.221575,0.15126756
48756505396913,-0.13848437,-0.09960223,0.13209279
48756513270449,-0.13102753,-0.0058589545,0.1107875
48756521205019,-0.123038046,0.054328486,0.10013486
48756529109072,-0.11025487,0.077231675,0.0974717
48756536982607,-0.10226539,0.046339005,0.096939065
48756544917177,-0.09374327,-0.0063915867,0.104928546
48756552790712,-0.082558,-0.055926383,0.112918034
48756560755800,-0.08149273,-0.092145376,0.11664646
48756568598818,-0.07989483,-0.11771172,0.10918961
48756576472353,-0.07563378,-0.12516858,0.103863284
48756584437441,-0.07989483,-0.11930962,0.09534117
48756592310976,-0.08522116,-0.12676647,0.08522116
48756600276064,-0.080960095,-0.15393071,0.08149273
48756608149599,-0.076166406,-0.17310548,0.08522116
48756616053652,-0.0793622,-0.17789917,0.090014845
48756623957704,-0.076166406,-0.17789917,0.08735169
48756631892275,-0.06977482,-0.16564862,0.07403588
48756639796327,-0.072970614,-0.15233281,0.06657903
48756647700380,-0.07563378,-0.14327806,0.058589544
48756655604433,-0.0793622,-0.16085494,0.05273059
48756663477968,-0.08042747,-0.18322548,0.053795855
48756671412538,-0.084155895,-0.21784659,0.05539375
48756679316591,-0.08468852,-0.25086978,0.054328486
48756687190126,-0.07989483,-0.26365295,0.056459017
48756695124697,-0.07456851,-0.25832662,0.053263225
48756703028749,-0.070307456,-0.2412824,0.049002163
48756710932802,-0.06657903,-0.21784659,0.04314321
48756718867372,-0.05965481,-0.19547603,0.03888215
48756726740908,-0.053795855,-0.17470337,0.03355583
48756734614443,-0.0479369,-0.16777915,0.03355583
48756742487978,-0.046871636,-0.16405073,0.030360037
48756750422548,-0.04261058,-0.16884442,0.0314253
48756758326601,-0.037284255,-0.17417073,0.033023197
48756766230654,-0.13582122,-0.18162759,0.01917476
48756774134706,-0.07989483,-0.15659387,0.018109497
48756782008241,-0.015978966,-0.1438107,0.01917476
48756789973329,-0.04314321,-0.111852765,0.018109497
48756797877382,-0.041545313,-0.10972224,0.021837922
48756805811952,-0.007456851,-0.11504856,0.023435818
48756813685488,0.0058589545,-0.1123854,0.024501082
48756821589540,0.009054748,-0.10705908,0.019707393
48756829463075,0.03568636,-0.0958738,0.015978966
48756837428163,0.068176925,-0.072970614,0.00958738
48756845301699,0.07084008,-0.04580637,0.0015978967
48756853205751,0.06764429,-0.026631612,-0.0015978967
48756861140322,0.06924219,-0.033023197,5.326322E-4
48756869044374,0.06391586,-0.054328486,0.010120012
48756876978945,0.050600063,-0.06657903,0.037284255
48756884882997,0.05912218,-0.10972224,0.025566347
48756892756533,0.075101145,-0.1107875,0.01438107
48756900630068,0.07829694,-0.05965481,0.00479369
