66230909644345,0.0062147975,-0.17756557,-0.11071634
66230917517881,0.0020974576,-0.08921528,-0.055899143
66230925482969,-1.731515E-5,8.907318E-4,5.764961E-4
66230933356504,0.002137959,-0.09899044,-0.06193924
66230941260556,0.0021000355,-0.08311367,-0.052709103
66230949195127,0.0029962808,-0.0992012,-0.063005924
66230957129697,0.0028372407,-0.07952309,-0.05064726
66230965064267,1.08897686E-4,-6.3705444E-4,-4.6491623E-4
66230972968320,-0.0017941892,0.08145428,0.05254984
66230980841855,-0.001169622,0.056951523,0.03716135
66230988776426,-8.3205104E-4,0.033395767,0.021937847
66230996649961,-0.0014677942,0.04534626,0.02993679
66231004554013,-0.0015486479,0.036520004,0.024170876
66231012427549,0.0018406808,-0.034706116,-0.022772789
66231020362119,0.0029447079,-0.049009323,-0.032524586
66231028357724,0.0024924874,-0.045004845,-0.030249119
66231036261777,0.0029039085,-0.055499077,-0.03685236
66231044196347,-0.0043149292,0.075032234,0.05047226
66231052069883,-0.0064385235,0.11241913,0.07514095
66231059943418,-0.0059622824,0.10247707,0.06886244
66231067877988,-0.005898237,0.0925293,0.06267452
66231075751523,-0.005300939,0.08375645,0.05677843
66231083655576,-0.0031926334,0.061032295,0.040822983
66231091529111,-0.0056752563,0.116827965,0.07742882
66231099402646,-0.011210829,0.23632431,0.16130829
66231107276181,-0.0059164464,0.11427975,0.07571173
66231115210752,-0.0011387765,0.01986599,0.012814522
66231123206357,-8.8208914E-4,0.013441086,0.008768082
66231131079892,0.0025393367,-0.03608322,-0.023269176
66231139014463,0.010108948,-0.14079094,-0.088923454
66231146949033,0.004163027,-0.042707443,-0.030512333
66231154853086,9.26733E-4,-0.014397621,-0.008987904
66231162787656,0.003248334,-0.053447723,-0.032976627
66231170691709,0.0020483136,-0.03235531,-0.019804478
66231178565244,0.002685666,-0.039235115,-0.023736
66231186438779,0.0020856857,-0.030464172,-0.018396854
66231194373349,0.0023332834,-0.03038311,-0.018122196
66231202307920,0.0010592341,-0.013941765,-0.008296967
66231210211972,-0.004914522,0.055455208,0.03264141
66231218146543,-0.0068019032,0.07582092,0.044955254
66231226081113,-0.0067834854,0.07408714,0.04327774
66231233954648,-0.015176117,0.16797352,0.09910965
66231241950254,-0.016914904,0.20664597,0.121831894
66231249854306,-0.01732397,0.19978237,0.11387682
66231257727842,-0.022855163,0.21132374,0.11640978
66231265631894,-0.027878284,0.23266315,0.124771595
66231273505429,-0.03594899,0.26359558,0.13921738
66231281409482,-0.03153956,0.22191048,0.113716125
66231289283017,-0.032008886,0.23462772,0.11834097
66231297217588,-0.03211081,0.25270176,0.12331915
66231305152158,-0.023173451,0.1932087,0.091395855
66231313025693,-0.0075798035,0.06842518,0.031834602
66231321051816,-0.005426109,0.05590248,0.025013447
66231328925351,-0.014629245,0.17809868,0.072127104
66231336768369,-0.04468721,0.66706944,0.23456836
66231344733457,-0.09622043,1.1935472,0.4300096
66231352606992,-0.040482998,0.4159565,0.17782807
66231360450010,0.08367059,-1.382493,-0.6507349
66231368354062,-0.03520322,-0.768877,-0.4828391
66231376227597,0.07269716,0.49402523,0.37105513
66231384101133,0.20728195,0.844676,0.59101963
66231391974668,0.5115278,1.739038,1.2671542
66231399939756,0.49061286,2.5412045,1.8637457
66231407874326,0.17608225,2.9316206,1.6385317
66231415808896,-0.0659318,3.454609,1.2553349
66231423712949,-0.1731438,4.6724977,1.0947299
66231431586484,-0.19994989,5.8655567,1.020566
66231439582090,0.06416861,6.3704796,0.33310193
66231447486142,0.22500351,6.0074053,-0.7829373
66231455390195,0.31802648,4.836091,-0.8038856
66231463263730,0.14980757,3.6821327,-0.42182505
66231471137265,-0.47547257,3.206172,-1.739914
66231478980283,-0.47815895,4.2968035,-4.7399287
66231486884336,-0.56603634,3.9885602,-3.5727272
66231494727353,-0.58830094,3.1937332,-2.2459927
66231502722959,-0.18816113,0.79367256,-0.44511843
66231510596494,0.14579296,-0.84880114,0.5871191
66231518592099,0.103710115,-1.493751,0.813076
66231526496152,0.18868542,-2.872786,0.70186913
66231534400205,-0.15074289,-2.4853005,1.3782225
66231542334775,-0.52464724,-2.4727454,8.330785E-4
66231550269345,0.3397112,-1.9441133,-0.58590484
66231558142881,0.4687276,-0.79654217,-0.34118414
66231565985898,0.5296068,-0.63345337,-0.2990644
66231573889951,0.94081116,-0.82311964,-0.29747844
66231581824521,1.4870582,-1.2694402,-0.29197168
66231589728574,1.9141154,-2.3934956,-0.7731594
66231597663144,1.426467,-3.0723944,-1.610338
66231605567197,0.19474287,-4.2406445,-1.327437
66231613440732,-0.85613036,-4.1101804,-0.95167375
66231621375303,-1.3782661,-3.9171638,-1.0676435
66231629218320,-1.5646676,-4.155019,-0.5751906
66231637213926,-1.3519796,-4.1677876,0.559238
66231645117978,-0.7777462,-3.6411934,1.5504789
66231652991513,-0.30761212,-3.305366,1.6352718
66231660865049,0.10295732,-3.3647137,1.454278
66231668769101,0.719501,-3.0334592,2.0785623
66231676703672,0.18126065,1.6840162,-3.5376635
66231684577207,0.22876415,3.5396838,-4.4591365
66231692481260,-0.40295267,2.1360483,-2.2079005
66231700415830,-0.087206304,2.2355132,-1.9794822
66231708319883,-0.41531885,2.9318304,-0.8432219
66231716254453,-0.7020304,2.359044,-0.86094046
66231724158506,-0.2715693,4.472546,-3.5031571
66231732062558,-0.014928944,3.8416338,-3.4983406
66231739936094,0.2029447,2.3344388,-2.2252512
66231747809629,0.6788285,4.181342,-4.5082498
66231755683164,0.54271615,4.2088494,-3.5384402
66231763587217,-0.020451248,1.3174539,-0.9561329
66231771460752,-0.018801078,1.0839052,-0.8391428
66231779456357,0.17446387,1.3590384,-1.2582574
66231787329892,0.45172644,1.4227896,-1.6185794
66231795264463,0.385983,1.0532494,-1.2156615
66231803137998,-0.061015844,-0.18430328,0.19962978
66231810981015,-0.16880286,-0.530704,0.64201784
66231818976621,-0.11867237,-0.5087538,0.8636737
66231826850156,0.14437568,0.5489216,-0.9711504
66231834723691,0.009931907,-0.38454723,0.5168867
66231842627744,0.29779887,-1.3901663,1.5825105
66231850501279,0.25147974,-0.8473072,1.1324811
66231858374814,0.045877934,-0.13998842,0.19773197
66231866248349,-0.047553778,0.16624975,-0.20896387
66231874121885,0.16819763,-0.72824526,0.6118436
66231881995420,0.17858839,-0.96892405,0.6331792
66231889838437,0.23406649,-1.591342,0.7142408
66231897834043,0.0639174,-2.0963178,0.8495872
66231905707578,-0.25539178,-1.9044085,0.8206215
66231913642148,0.6208203,-1.7165499,0.9211557
66231921515683,0.9814874,-1.5323596,0.72225523
66231929419736,0.81384426,-1.1756635,0.80561876
66231937354306,-0.23205662,-0.95334864,0.34106827
66231945227842,-0.93677425,-0.72021294,0.0513916
66231953131894,-1.3923047,-0.77011013,-0.033595085
66231961005429,-1.2041936,-0.6101093,-0.78287935
66231968878965,-0.31864437,-0.47133923,-0.40758228
66231976752500,0.9619987,-0.5554123,0.14780283
66231984626035,1.7712181,-0.09350681,-0.5865569
66231992530088,2.3924327,0.09202957,-0.6056514
66232000434140,3.020335,0.42872047,-1.0363884
66232008368711,3.1678216,0.8590479,-1.1409545
66232016303281,2.972404,1.1675911,-1.4530888
66232024176816,3.216155,1.4196539,-1.4929056
66232032172422,4.1790195,-0.8708706,-2.570456
66232040076474,4.9332323,-2.9313998,-4.2979174
66232047919492,4.492957,-1.5565515,-13.473836
66232055793027,3.033074,2.7154455,-14.194117
66232063697080,-0.16260639,4.376112,-9.329343
66232071570615,-0.5864644,8.608152,-8.33654
66232079444150,-4.965135,4.8679495,-3.021287
66232087287168,-3.2912252,2.6911907,-3.414744
66232095252256,2.3954265,4.595215,-13.50342
66232103125791,4.717624,4.336113,-15.295948
66232111121396,3.9510913,4.389021,-6.343317
66232119055967,2.6113155,4.5454884,-4.4222813
66232126929502,2.2666187,5.1378403,-6.50986
66232134894590,1.5576586,4.6845026,-6.329996
66232142768125,0.5667887,4.348564,-5.6186466
66232150641660,0.09376931,4.6936646,-5.2980943
66232158515195,0.57967246,5.0612516,-4.7597632
66232166419248,0.89150345,4.766055,-3.2334235
66232174292783,1.1050582,4.1543446,-1.1707399
66232182196836,1.5449075,3.5596285,-0.53501606
66232190131406,1.8101556,3.3392458,-3.09716
66232198004941,0.90112114,2.8352938,-5.5202575
66232205970029,0.078060865,2.801217,-5.798776
66232213935117,-1.0744053,2.4044933,-5.062196
66232221808652,-1.0156798,1.4217138,-4.268592
66232229743222,-0.0057388395,0.6513376,-4.52876
66232237647275,1.146678,0.09111118,-5.2722836
66232245520810,2.3188756,0.12381554,-6.251594
66232253394345,1.6839623,-0.90793705,-6.1641216
66232261267881,0.104249194,-3.0364547,-4.4986734
66232269110898,1.3735099,-3.26167,-8.1409445
66232277014951,3.578455,-2.1478157,-13.206876
66232284888486,3.2751148,-1.9654646,-16.06818
66232292884092,3.2106345,-2.181501,-15.86346
66232300757627,3.6206458,-2.2747922,-14.999819
66232308753232,5.1095724,-2.3122363,-13.740787
66232316626767,7.544202,-1.3616266,-13.033309
66232324530820,7.9903593,0.47833538,-13.855909
66232332465390,6.136885,1.0499468,-16.787237
66232340338926,4.3396697,-0.25540066,-16.49568
66232348242978,2.7047954,-1.7871461,-15.543739
66232356116513,0.79925096,-2.8911633,-14.677252
66232363990049,1.0879853,-3.8916502,-14.1515
66232371894101,1.4035251,-4.8100796,-12.7173
66232379798154,1.6468002,-5.473521,-12.621327
66232387732724,2.7499268,-5.74648,-12.450258
66232395667295,2.810444,-6.041481,-10.607312
66232403540830,2.5608246,-5.9658556,-10.207159
66232411505918,2.2157068,-5.3896604,-9.736418
66232419379453,2.123742,-4.9417834,-10.226705
66232427344541,1.4791044,-5.084347,-10.256524
66232435218076,1.7988981,-5.663147,-9.078475
66232443091611,2.316596,-5.9209957,-7.881178
66232450965146,2.24844,-5.8369913,-8.267911
66232458899717,1.7302488,-5.6289964,-9.046413
66232466834287,1.168692,-4.9855285,-8.888748
66232474707822,0.38638997,-3.661745,-9.747644
66232482611875,3.588973,1.8342314,-5.358159
66232490546445,-1.3683119,-3.386034,12.366322
66232498450498,2.1173658,-2.3085856,-5.413083
66232506385068,-0.84796166,3.2940788,-6.770912
66232514289121,-2.2948236,5.478078,1.6542653
66232522162656,0.4778142,8.519629,2.5461214
66232530097226,1.6037664,6.469759,1.0770167
66232538001279,4.315147,3.6446457,3.3752246
66232545874814,4.002206,3.315795,6.076584
66232553748349,2.6173341,4.8854427,6.594597
66232561591367,3.06326,5.249357,5.888051
66232569586972,1.6997632,4.481777,4.112181
66232577460508,-0.3813491,4.2575493,1.3779619
66232585395078,-3.367301,4.525049,0.9452461
66232593268613,-5.444229,4.350855,0.1347487
66232601142148,-6.36275,3.5792446,-0.6625918
66232609137754,-6.095994,2.620432,-1.6488223
66232617011289,-4.819047,1.610259,-2.258194
66232624945859,-2.8267612,1.1111183,-1.8613621
66232632819394,-0.7495277,0.8685293,-1.1673703
66232640662412,1.5551857,0.6571131,-1.1057249
66232648535947,3.0818577,0.434556,-0.8153653
66232656409482,3.931521,-0.024102211,-0.71263397
66232664313535,4.229563,-0.49192715,-0.5253069
66232672187070,3.8970928,-0.8041096,-0.48448098
66232680060605,3.1613903,-0.86713314,-0.75578034
66232688025693,2.4220285,-0.88900375,-1.1653678
66232695899228,1.8518744,-1.0701933,-1.4201264
66232703894834,1.3751556,-1.2257175,-1.4126661
66232711768369,1.2221739,-1.0653954,-1.3203403
66232719672422,1.3543464,-0.7016039,-1.2956957
66232727606992,1.5848926,-0.21547985,-0.82617426
66232735480527,1.7134252,0.050880432,-0.302642
66232743384580,1.8904059,0.15964603,0.0040431023
66232751258115,2.0224512,0.20669365,0.301144
66232759131650,2.0191371,0.25217056,0.7070056
66232767096738,1.923659,0.25063705,0.96513677
66232774970273,1.8535874,0.32674122,1.1608797
66232782935361,1.5983782,0.3751402,1.3590847
66232790808896,1.393063,0.40568256,1.4673827
66232798682431,1.2014493,0.4111147,1.5600421
66232806617002,1.0279703,0.4273119,1.5865275
66232814551572,0.8957764,0.38703918,1.5902098
66232822486142,0.7564173,0.13922691,1.4644355
66232830359678,0.63315856,-0.098303795,1.5726095
66232838233213,0.64552987,-0.22524166,1.2989913
66232846076230,0.7113898,-0.23453236,1.0146272
66232853980283,0.81359637,-0.41585922,1.0879068
66232861914853,0.98509705,-0.7097511,1.1377422
66232869849424,1.342603,-0.7523651,1.1951208
66232877722959,1.5347927,-0.5893278,1.3028315
66232885688047,1.6264741,-0.3930931,1.1982844
66232893592099,1.7614646,-0.1780777,0.9802029
66232901526670,1.8302959,-0.18119907,0.94808817
66232909430722,1.794422,-0.27557468,0.96517944
66232917273740,1.810248,-0.19307804,0.9439385
66232925177793,1.8631918,0.016032219,1.0969734
66232933051328,1.936865,0.04292679,1.1395949
66232940955381,1.917142,-0.03566742,1.0672381
66232948828916,1.7472663,0.038947105,0.9923843
66232956702451,1.5546017,0.111317635,0.9600477
66232964667539,1.3943295,0.01869297,0.78318787
66232972541074,1.0420161,-0.16927338,0.683908
66232980475644,0.63433695,-0.29454517,0.59272194
66232988349179,0.4619211,-0.34768867,0.4107318
66232996253232,0.49044275,-0.31667423,0.6397486
66233004187803,0.6023747,-0.3308897,0.9448724
66233012061338,0.862678,-0.2947464,0.9392872
66233020026426,1.1331944,-0.20084,1.0942447
66233027930478,1.1325448,-0.14003658,1.0964792
66233035834531,1.2149264,-0.13634682,1.1208448
66233043708066,1.2157333,-0.12989426,1.1484416
66233051581601,1.148928,-0.17577744,1.0808666
66233059516172,1.1496389,-0.19004059,0.96602917
66233067389707,1.0815074,-0.16298962,0.9423387
66233075293760,0.97568333,-0.09708977,0.90946174
66233083228330,0.86276865,-0.116763115,0.95054746
66233091071347,0.8430139,-0.13607311,0.9082775
66233099036435,0.76267666,-0.0855484,0.9976492
66233106909970,0.5543282,-0.0779562,0.9152074
66233114783506,0.40395772,-0.07519436,0.8168249
66233122748594,0.26253414,-0.03903103,0.83852935
66233130622129,0.1915487,0.035063744,0.9232886
66233138495664,0.21205378,0.09931946,1.1087408
66233146399717,0.33341122,0.15370369,1.2392573
66233154273252,0.5628557,0.17660046,1.3629918
66233162268857,0.7335121,0.091594696,1.5036452
66233170142392,0.94887775,0.039788246,1.4680715
66233178046445,1.0563035,-0.012244225,1.4693539
66233185950498,1.0776714,-0.086224556,1.500988
66233193824033,1.101846,-0.1630106,1.4218748
66233201758603,1.0593226,-0.16355324,1.399384
66233209693174,1.0169439,-0.18364811,1.3137548
66233217536191,0.9652859,-0.3477888,1.1793933
66233225440244,0.94474924,-0.4021654,1.0870199
66233233313779,0.9602321,-0.36588192,0.94074225
66233241187314,0.9711238,-0.26757812,0.8265033
66233249060849,1.0063962,-0.22214699,0.737134
66233257025937,0.9748572,-0.27504635,0.63171816
66233264868955,0.9579128,-0.33048916,0.5772257
66233272803525,0.98429215,-0.36944103,0.5069611
66233280738095,0.9785469,-0.39248848,0.38011837
66233288581113,0.94877696,-0.33308697,0.32037592
66233296546201,0.8779507,-0.23910713,0.22653818
66233304419736,0.79461455,-0.16060925,0.15502405
66233312262754,0.65130675,-0.1165514,0.12189269
66233320227842,0.5622738,-0.1472435,0.12796903
66233328101377,0.50774175,-0.16406345,0.12011719
66233335944394,0.45613718,-0.1262989,0.11959314
66233343848447,0.45926028,-0.043340683,0.15904427
66233351721982,0.49262655,-0.0037317276,0.16868925
66233359595517,0.48455817,-0.06250954,0.21070981
66233367469053,0.43507922,-0.10469246,0.26336908
66233375434140,0.37989515,-0.09930229,0.24796247
66233383307676,0.37155342,-0.055716515,0.29078245
66233391272763,0.3524387,-0.036229134,0.35117078
66233399237851,0.34618455,-0.12929058,0.37122035
66233407111387,0.3126046,-0.14091206,0.39636803
66233415045957,0.2681436,-0.090260506,0.36910486
66233422919492,0.21272242,-0.10197258,0.3448422
66233430823545,0.16325724,-0.1161356,0.28992987
66233438666562,0.0934934,-0.1448164,0.18789768
66233446570615,0.022351801,-0.17608833,0.08906937
66233454444150,-0.06498915,-0.19572353,0.043968678
66233462317685,-0.104269385,-0.17965412,-0.005295038
66233470221738,-0.05288112,-0.12800026,-0.08725858
66233478156308,-0.42261046,-0.46161652,1.4152913
66233486060361,-0.0037514567,-0.93067455,2.2718294
66233494055967,-0.13473934,0.4695511,-4.1238117
66233501960019,0.8529101,-0.09710789,1.1494684
66233509833554,-0.27853256,-0.255435,0.74235797
66233517768125,-0.13567954,-0.052318573,0.6396713
66233525672178,0.15821636,-0.07989502,-0.336941
66233533545713,-0.0051593184,-0.15222073,-0.082532406
66233541419248,-0.2713731,-0.035290718,-0.48920035
66233549323301,-0.1490084,0.0151968,-0.14609861
66233557196836,-0.046056807,-0.07313824,0.12261939
66233565070371,0.057034433,-0.19977856,0.0035171509
66233573004941,0.3014961,-0.094142914,0.15248775
