62086549873030,5.056709E-5,0.0074539185,0.0018362999
62086557777083,-5.9726834E-4,-0.029837608,-0.007502556
62086565711653,-0.0017659813,-0.07986641,-0.018996
62086573615706,-0.0020388216,-0.09618664,-0.020528316
62086581519759,-0.002102226,-0.080833435,-0.015151739
62086589454329,-2.3272634E-4,-0.01692009,-0.0028039217
62086597358382,1.3763085E-4,-0.028918266,-0.0045058727
62086605262435,9.803176E-4,-0.05819416,-0.007672429
62086613166487,0.005331427,-0.12560558,-0.015007377
62086621070540,0.009631336,-0.16004086,-0.017362595
62086628974593,0.007983804,-0.16371155,-0.015341878
62086636848128,0.0045873523,-0.14726543,-0.014439464
62086644752181,0.0023366362,-0.169734,-0.015841484
62086652656233,-6.6610426E-4,-0.17737865,-0.012955666
62086660560286,-0.0016417056,-0.1464138,-0.00691694
62086668464339,-6.3783675E-4,-0.10185528,-0.0034383237
62086676337874,-4.5722723E-4,-0.046614647,-5.9494376E-4
62086684272444,2.7514994E-4,0.018247604,1.1621043E-4
62086692176497,-2.091825E-4,-0.011279106,-1.8529594E-4
62086700111067,-0.0018645525,-0.05572319,-8.4993243E-4
62086708015120,-0.004442215,-0.10013771,-9.3592703E-4
62086715919173,-0.003281206,-0.070902824,1.2300722E-4
62086723823226,2.0238757E-4,0.007259369,2.0917505E-5
62086731757796,2.3142993E-4,0.011256218,-5.590543E-5
62086739661849,2.1353364E-5,0.0025978088,-7.6293945E-5
62086747565901,5.0414726E-4,0.08937168,-0.0035493672
62086755469954,0.0013183355,0.08549881,-0.0028207004
62086763374007,0.0020008087,0.07048321,-0.0020843148
62086771308577,0.0013076067,0.045786858,-0.0014819801
62086779212630,-3.9477646E-4,-0.020947456,7.531345E-4
62086787116683,7.8193843E-4,-0.09316349,0.0028720498
62086795020735,0.0033812523,-0.09528637,0.0034116507
62086802924788,5.2446127E-4,-0.012495041,5.8439374E-4
62086810828841,-0.0021767616,0.0775013,-0.0036870837
62086818793929,-7.812232E-4,0.04485798,-0.0014341176
62086826697981,2.9569492E-5,-0.021697044,4.4617057E-4
62086834571517,-4.722476E-4,-0.07213783,0.0014083087
62086842445052,3.4358818E-5,-0.10234642,0.0011659563
62086850349104,0.0011054873,-0.096404076,0.0014232993
62086858253157,3.9368868E-5,0.0025615692,1.7434359E-5
62086866187728,7.359311E-4,0.11768913,-0.0026973635
62086874091780,0.007017672,0.21749115,-0.0040524304
62086881995833,0.023387492,0.41535282,-7.748548E-4
62086889930403,0.020153463,0.34102345,0.008615151
62086897864974,0.008500636,0.19553566,0.012094319
62086905799544,0.0014218614,0.23703861,0.018132508
62086913734114,-0.008166105,0.34848118,0.03317684
62086921638167,-0.0064453483,0.09184456,0.014286518
62086929572737,0.05069208,-0.40722752,-0.093972206
62086937507308,0.11600208,-0.6779928,-0.18751621
62086945380843,0.061011553,-0.39752674,-0.11245775
62086953284896,-0.0036640167,0.0395422,0.011042833
62086961188948,-0.006191328,0.3818512,0.11918545
62086969123519,0.020836204,0.5828991,0.18721557
62086976997054,0.05912471,0.7724161,0.24331307
62086984931624,0.05813068,0.855896,0.30284405
62086992866194,0.07176703,1.0190783,0.3760605
62087000770247,0.1179297,1.4749765,0.5537777
62087008674300,0.19345808,2.1082544,0.7985115
62087016578353,0.32812965,2.6492462,0.9570186
62087024482405,0.44302344,3.1224327,1.0687287
62087032386458,0.4487294,3.6223106,1.1433773
62087040321028,0.4008394,4.0208187,1.1982582
62087048225081,0.18160275,3.8812513,1.0221486
62087056129134,0.036965348,3.1602507,0.38256145
62087064063704,-0.040653497,4.1522846,0.26174545
62087071967757,-0.29196423,5.1625824,0.22165614
62087079871810,-0.11871928,4.8398666,-0.12030654
62087087775862,-0.019920781,3.4211636,-0.4083444
62087095710433,0.3266757,3.7816782,-0.4953946
62087103645003,0.8500477,5.089465,-0.6815262
62087111549056,1.4157934,5.6919565,-0.6512296
62087119483626,1.5270026,5.403098,-0.57284135
62087127418196,1.4021363,4.9210663,-0.48576963
62087135322249,1.1730626,4.5746326,-0.24536026
62087143226302,0.90764713,4.243046,-0.35849518
62087151099837,0.7005862,4.011508,-0.2475946
62087159003890,0.46799016,3.590351,-0.38049662
62087166907942,0.2808407,3.1615124,-0.31080443
62087174811995,-0.045509204,2.5038624,-0.2730404
62087182716048,-0.2823962,1.6730604,-0.3939817
62087190620101,-0.53488636,1.9427423,-0.6838677
62087198554671,-0.88285255,2.2400484,-0.699559
62087206458724,-1.1603465,1.8876147,-0.6924448
62087214332259,-1.6936412,2.0922413,-1.3208294
62087222266829,-1.4897413,1.4525833,-0.577662
62087230201399,-1.1773796,0.79957867,-0.17469656
62087238135970,-1.1870127,0.665751,-0.44139528
62087246040022,-0.94081354,0.5222807,-0.43043232
62087253913558,-0.2688489,0.18016481,-0.12603378
62087261817610,-0.13360119,0.13653135,-0.107381344
62087269691146,-0.6123414,1.2196603,-1.0603867
62087277595198,0.6708844,-1.6346216,1.2423677
62087285499251,2.7722294,10.363597,-11.827583
62087293372786,17.105566,19.04744,-5.832591
62087301276839,19.69137,16.685236,-19.392042
62087309211409,11.187352,10.784494,-8.668346
62087317084944,5.5051923,12.940587,-4.7354136
62087324988997,-1.377766,15.406742,-3.3557184
62087332893050,-14.724971,14.581198,-9.249915
62087340797103,-31.652355,5.6111846,-21.143545
62087348731673,-36.346523,-3.2142158,-15.374496
62087356635726,-19.501053,-1.0028731,-11.039936
62087364570296,0.2735995,1.878176,-4.5876064
62087372443831,6.887038,3.1910682,-1.0024556
62087380378401,18.416595,5.7020545,4.9498024
62087388312972,31.161978,2.175918,3.8480139
62087396247542,26.721981,-3.425126,5.172964
62087404182112,4.502039,-1.1073034,1.4001598
62087412055647,-2.749912,-2.2802067,3.951221
62087419959700,-0.017321348,0.031209469,-0.029278755
62087427894271,-2.8846612,2.708097,-2.684554
62087435798323,-3.4726186,1.9965367,-2.6939049
62087443732894,0.7491393,-0.58013916,0.68998957
62087451636946,1.0505729,-1.8845534,2.251865
62087459571517,-0.4153601,-1.7162075,1.8434296
62087467506087,-0.47856212,-0.8241358,0.6311326
62087475440657,-0.06594467,-0.11812973,0.08429241
62087483375228,0.099547625,0.21885443,-0.17783117
62087491279280,0.09148383,0.23801708,-0.21577549
62087499183333,-0.018946052,-0.06664181,0.068445206
62087507117903,-0.05070001,-0.40656328,0.45742464
62087515021956,0.016708568,-0.47410393,0.57317066
62087522926009,0.061285675,-0.4177928,0.5043807
62087530830062,0.080417275,-0.37706137,0.41757298
62087538734114,0.05636394,-0.23298502,0.23374224
62087546638167,0.03270924,-0.12719679,0.11185551
62087554542220,-0.36030078,0.44986534,0.9078021
62087562476790,-0.69790184,0.90087795,1.6899185
62087570411360,-0.81986547,1.1971102,2.1742587
62087578284896,-0.74161184,1.5189128,2.6019297
62087586249983,-0.35725284,1.9869919,2.961246
62087594154036,0.30208528,2.5813947,3.3987772
62087602027571,0.9348159,3.121632,3.9362705
62087609962142,1.4980386,3.5085006,4.272462
62087617866194,2.0119746,3.8108444,4.48289
62087625739729,2.4123182,4.0688014,4.47729
62087633674300,2.8331501,4.4689374,4.519758
62087641547835,2.8936899,4.8087993,4.7144303
62087649482405,2.7603056,4.9923034,4.9514074
62087657416976,2.6477778,5.1127,5.036989
62087665321028,2.642973,5.238877,5.2360754
62087673225081,2.6985095,5.437666,5.251515
62087681129134,2.8070302,5.7264175,5.2778196
62087689033187,2.7771456,6.0770698,5.289189
62087696937239,2.6259713,6.3499002,5.502636
62087704841292,2.4527931,6.5082564,5.5624943
62087712714827,2.1974928,6.597172,5.8628078
62087720618880,1.7519442,6.5257444,6.115793
62087728522933,1.171916,6.248701,6.2592034
62087736426985,0.8539698,5.973219,6.110321
62087744361556,0.7635695,6.013304,5.946841
62087752235091,0.55205166,6.099903,6.193358
62087760139144,0.3247112,6.0935545,6.664459
62087768073714,0.04886067,6.0072217,6.539603
62087775977767,0.2540115,5.7984815,6.413341
62087783881819,0.3836956,5.555285,6.672011
62087791755354,0.37607002,5.355875,6.763994
62087799689925,0.45125282,5.1203523,6.772607
62087807624495,0.60019386,4.9556737,6.852811
62087815528548,0.87721425,4.6764956,6.838774
62087823371565,1.1589694,4.3223186,6.6427755
62087831275618,1.4041566,4.044784,6.430377
62087839179671,1.5154022,4.113215,6.053462
62087847114241,1.9206319,4.1963053,6.309605
62087855048812,2.5743427,4.745774,7.048638
62087862952864,2.7897658,6.16019,8.405732
62087870856917,3.2113237,6.8955555,10.26378
62087878760970,3.9753494,6.5556784,11.428761
62087886665022,4.5918574,4.16058,11.95035
62087894569075,4.813673,1.4885125,10.391674
62087902442610,4.4290075,1.4985628,9.232784
62087910346663,4.4655867,3.1596632,7.282236
62087918250716,4.818211,3.749651,5.1037006
62087926154769,4.6058297,3.0609121,3.853992
62087934058821,3.6001499,2.3917322,3.530613
62087941993392,1.9536908,1.589654,4.096809
62087949866927,-0.09882605,0.573719,4.247787
62087957770979,-0.95482945,-0.007990837,4.548898
62087965705550,-0.071281195,-0.05041027,5.3341255
62087973579085,1.8813522,0.2557745,5.444975
62087981483138,3.4464972,0.5569687,4.740026
62087989417708,4.156209,0.5505047,4.2749934
62087997321761,3.3241043,0.34626007,4.4082537
62088005256331,1.5340881,0.42947197,4.6222095
62088013160384,0.14264059,0.9021435,4.4873686
62088021033919,0.1709373,1.5980949,4.3133526
62088028968489,0.78548723,2.385664,4.203702
62088036903060,1.4146336,2.8774824,4.012903
62088044837630,1.573601,2.8891869,3.8810658
62088052741683,1.0447931,2.451684,3.5304608
62088060615218,0.0956254,1.5905752,3.1668162
62088068519271,-0.55575705,0.8541174,2.5166626
62088076392806,-0.54138863,0.359375,2.0936122
62088084357894,-0.14765632,0.24984837,1.9450363
62088092261946,0.6330437,0.41023636,2.0515702
62088100135481,1.2480342,0.5047617,2.308984
62088108039534,1.6563781,0.3968134,2.373288
62088115943587,1.8381457,0.36157417,2.3855247
62088123878157,1.803722,0.3082533,2.4660087
62088131812728,1.4466431,0.15565109,2.5626645
62088139716780,1.1803383,-0.06769276,2.5913515
62088147651351,1.0811492,-0.34266663,2.5857701
62088155524886,1.2777567,-0.48271942,2.7105246
62088163489974,1.6235586,-0.36575603,2.8702388
62088171394026,1.9217145,-0.21199608,2.9795983
62088179298079,2.012226,-0.15316296,2.999986
62088187202132,1.9316169,-0.23716927,2.9741707
62088195075667,1.7570754,-0.19345856,2.9548132
62088203010237,1.549,-0.00758934,2.8012557
62088210914290,1.4443524,0.064201355,2.6615858
62088218818343,1.3599057,0.021888733,2.6098201
62088226691878,1.2859643,-0.055583,2.6674209
62088234595931,1.2365081,-0.11316872,2.6481073
62088242530501,1.2401173,-0.16048431,2.7197742
62088250465071,1.2060324,-0.1425209,2.7743478
62088258369124,1.2414286,-0.109597206,2.8051045
62088266273177,1.3653505,-0.121611595,2.773851
62088274177229,1.469707,-0.18821621,2.7210584
62088282081282,1.5090041,-0.24478722,2.4052024
62088289985335,1.5048432,-0.25303078,2.0446022
62088297858870,1.4981308,-0.1770649,1.66789
62088305793440,1.3699126,-0.12944126,1.3873806
62088313728011,1.1732976,-0.043154716,1.1070087
62088321601546,1.0518755,0.072179794,0.8530349
62088329536116,0.90573335,0.09682751,0.7472671
62088337470687,0.8399898,0.09297466,0.78884363
62088345374739,0.8905475,0.029478073,0.95149237
62088353309310,0.92091805,-0.093691826,1.1199884
62088361243880,0.99228644,-0.1329298,1.2818004
62088369117415,0.94696695,-0.10259628,1.2935387
62088377051985,0.9214727,-0.04818535,1.2300626
62088384925521,0.70033705,-0.032989502,1.0737507
62088392829573,0.4959426,-0.10509014,1.0524706
62088400764144,0.5008333,-0.116514206,1.0381207
62088408698714,0.6206866,-0.115395546,1.0567822
62088416572249,0.72587276,-0.15446949,1.262088
62088424445784,0.82444596,-0.1882658,1.2821859
62088432349837,0.9511808,-0.23834705,1.2152324
62088440284407,0.823304,-0.23308468,0.9828136
62088448218978,0.5538927,-0.19190979,0.6879159
62088456123030,0.39523005,-0.07680225,0.35433078
62088464057601,0.39679858,-3.6239624E-4,0.12952274
62088471961653,0.38986853,0.039865494,0.121252954
62088479865706,0.3497823,-0.030256271,0.18135756
62088487769759,0.25691754,-0.11007118,0.3533733
62088495673812,0.29652095,-0.10847378,0.5448179
62088503608382,0.3270155,-0.18344116,0.6546569
62088511542952,0.44539487,-0.21756935,0.7684127
62088519416487,0.57953477,-0.11747265,0.7354182
62088527351058,0.59591097,-0.06994915,0.7069649
62088535255110,0.49062663,-0.0751276,0.5814087
62088543159163,0.33195525,-0.07564831,0.47896898
62088551032698,0.1801447,-0.05724144,0.3668623
62088558967269,0.14971444,-0.063025475,0.27426702
62088566901839,0.23031303,-0.035440445,0.2742939
62088574805892,0.30644816,-0.058234215,0.29246354
62088582709944,0.33497053,-0.112215996,0.3210212
62088590613997,0.3801672,-0.09915733,0.3594175
62088598579085,0.34411007,-0.06220913,0.3219123
62088606513655,0.33947772,-0.03253746,0.17542028
62088614387190,0.30694294,-0.04130745,0.05175215
62088622291243,0.1892252,-0.0574131,0.015514076
62088630195296,0.103752315,-0.0736742,0.0044181347
62088638068831,0.13375235,-0.061260223,0.10858929
62088646003401,0.1761033,-0.058436394,0.21748185
62088653907454,0.24218792,-0.067554474,0.3310051
62088661811507,0.26509148,-0.052700996,0.37482357
62088669715560,0.2259785,-0.08094883,0.3755086
62088677589095,0.15371728,-0.1044302,0.36183625
62088685523665,0.105731845,-0.046588898,0.21486235
62088693397200,0.18237054,-0.0055761337,0.09499508
62088701301253,0.21367437,-0.038866043,-0.03351009
62088709205306,0.14954644,-0.07701683,-0.010554671
62088717078841,0.124011874,-0.069726944,0.029581487
62088724982894,0.14166212,-0.052864075,0.08407438
62088732886946,0.16419339,-0.052775383,0.13870704
62088740790999,0.1747688,-0.079021454,0.16459674
62088748695052,0.16654283,-0.098098755,0.18319124
62088756629622,0.11765897,-0.07885361,0.18485153
62088764503157,0.20020843,-0.042869568,0.021783054
62088772407210,0.18487757,-0.023672104,-0.028648317
62088780341780,0.14366937,0.024191856,-0.11452943
62088788245833,0.14337647,0.002606392,-0.14770901
62088796180403,0.10259527,-0.062098503,-0.15440613
62088804053938,0.083630145,-0.10047531,-0.10134995
62088811957991,0.11018705,-0.06702423,-0.057875812
62088819892562,0.1270768,-0.033560753,-0.050430775
62088827796614,0.11059153,-0.019230843,0.033290565
62088835700667,0.13723522,0.4825592,-7.699095
62088843604720,-0.898141,-0.7491751,4.717667
62088851508772,0.51086515,0.6766834,-1.2663486
62088859443343,0.6134929,-0.17344856,-0.035389602
62088867347396,-0.41155282,-0.58053493,1.3043132
62088875251448,0.5003204,-0.10181999,0.5760796
62088883186019,0.6425436,0.03208828,-0.28448275
62088891090071,0.38098204,0.35530376,0.13992554
62088899024642,-0.16828293,-0.07564449,0.30362582
62088906959212,-0.030827105,-0.15950012,-0.12748307
