47935051396981,6.341934E-4,-0.0040922165,-0.0028395653
47935059362069,0.005082369,-0.02973175,-0.02064085
47935067235604,0.0046260357,-0.03640127,-0.02590704
47935075139656,-0.007962942,0.07541847,0.05169916
47935083104744,-0.0089738965,0.09494209,0.06554937
47935091008797,-0.0034989715,0.033658028,0.024122238
47935098912850,0.009627879,-0.097391605,-0.071884155
47935106816903,0.013761699,-0.14289856,-0.10520744
47935114720955,0.019915938,-0.19614029,-0.14292097
47935122655526,0.022826016,-0.21486473,-0.15593147
47935130529061,0.02771318,-0.26852846,-0.19472075
47935138463631,0.039122462,-0.38118267,-0.27374506
47935146367684,0.051222384,-0.47355652,-0.34178352
47935154241219,0.05204749,-0.53179884,-0.3785963
47935162206307,0.03999293,-0.43884706,-0.31367207
47935170079842,0.0346843,-0.36006117,-0.25206137
47935178044930,0.022606373,-0.2891369,-0.18907976
47935185918465,0.018275738,-0.18516827,-0.11597872
47935193792000,0.023092628,-0.18420506,-0.112354755
47935201696053,0.012577534,-0.10099602,-0.056665897
47935209569588,-0.0066399574,0.045466423,0.02263832
47935217504158,-0.012351155,0.07202244,0.03173375
47935225377694,-0.06848121,0.4192896,0.14820218
47935233251229,-0.1982894,1.1356144,0.31799746
47935241246834,-0.2446481,1.4256973,0.33564448
47935249120369,-0.20337963,1.1131191,0.24075723
47935257024422,-0.063895226,0.422904,0.09867883
47935264897957,-0.028783679,0.38573933,0.100702286
47935272771492,-0.1039986,1.4709272,0.44492102
47935280706063,-0.30464727,3.097722,1.1057773
47935288610115,-0.25842094,4.4482317,1.8112721
47935296575203,-0.17658418,5.2489624,2.2894137
47935304448739,-0.3046332,5.538685,2.59447
47935312322274,-0.5132341,5.5705566,2.3420312
47935320317879,-0.70561266,5.8259325,1.8684032
47935328191414,-0.8049979,5.61903,1.0168873
47935336095467,-0.6486057,5.241765,0.46041465
47935344030037,-0.8140491,5.105858,-0.5717405
47935351903573,-1.0471926,4.6709166,-1.0137191
47935359868660,-0.53879726,4.6618395,-1.4995065
47935367742196,-0.5044623,4.4140453,-2.292718
47935375707283,-0.36921883,5.510211,-3.7377582
47935383580819,-0.15882194,6.941966,-4.49071
47935391454354,0.64387536,5.0473146,-2.3637772
47935399449959,0.73423266,3.019617,-2.0876021
47935407323494,0.8522091,1.7381206,-1.2493849
47935415258065,0.32907486,0.597425,-0.30651617
47935423131600,-0.74479985,-2.2320933,0.38932812
47935431035653,-0.29695582,-2.665433,-1.199084
47935439000740,0.50669754,-1.3643923,-1.5784798
47935446904793,0.28259134,-0.23367405,-0.551826
47935454839364,-0.24607468,0.13125086,0.7495985
47935462743416,-0.23812985,0.10502386,0.7359266
47935470647469,-0.4725108,0.36558223,2.1491308
47935478582039,-0.14850706,0.37029123,1.8526239
47935486455574,0.048161954,0.25883782,1.2806702
47935494390145,-0.07816023,-0.26111436,-0.8824053
47935502263680,-0.34870982,-0.92075896,-1.9470243
47935510137215,0.9012919,-2.9653156,-3.6624932
47935518102303,3.1071222,-4.2427893,-0.27489275
47935526006356,1.6465127,-2.0102515,1.5797925
47935533971444,-0.28097677,0.2637062,-0.35639
47935541875496,-1.9173164,2.1757998,-2.9476976
47935549749031,-2.0037754,3.5324965,-3.6446252
47935557653084,-0.5798373,3.0238996,-2.9961834
47935565526619,1.9706023,2.3781252,-12.691993
47935573430672,9.141408,8.85489,-10.792648
47935581334725,7.797897,13.667889,-3.3604453
47935589177742,-0.63343465,3.825344,-2.2241416
47935597112313,1.6437232,3.8425107,-6.7896156
47935604955330,5.4480667,10.834506,-9.691481
47935612920418,-1.1219001,15.674238,-8.176925
47935620824471,-6.3048306,13.308693,-7.9610586
47935628698006,-3.524186,7.3083425,-6.016997
47935636571541,-1.8334066,4.922153,-10.909162
47935644445076,-3.1888065,6.598277,-8.44523
47935652379647,-2.2525463,7.3276234,-3.131641
47935660253182,-0.01009294,2.670205,-0.82916
47935668126717,2.506505,4.094357,-3.8044028
47935676000252,1.6437359,3.6395426,-1.8725085
47935683873787,0.20761228,0.9014425,-0.002683539
47935691838875,0.26738572,1.4235525,-0.3009696
47935699681893,0.09209582,2.6821642,0.325961
47935707585946,-0.33351386,3.071331,0.3289075
47935715581551,-0.26612753,2.9117184,0.6532757
47935723455086,0.20411652,3.1393623,1.1831446
47935731420174,0.6606537,3.4751396,1.7578478
47935739293709,1.090586,3.2250319,1.6665783
47935747167244,1.3577845,3.0690322,2.025055
47935755071297,0.66141915,1.6521678,1.038938
47935762944832,0.047003746,0.13746834,0.081866264
47935770909920,-0.44104958,-1.6279039,-0.7430227
47935778875008,-0.7760663,-2.3370075,-0.9451978
47935786809578,-0.9936447,-2.1970243,-0.9472294
47935794774666,-1.2040682,-1.8584085,-0.5028398
47935802617684,-1.2367158,-1.7651925,-0.12164283
47935810552254,-1.026187,-1.3987751,-0.2904271
47935818425789,-0.49995184,-0.6008568,-0.037579507
47935826299324,0.24259901,0.30088997,0.00553295
47935834142342,-0.05512047,-0.06789589,0.005227864
47935842046395,1.9329412,0.85774255,-4.4989214
47935849980965,5.4411883,5.326325,-5.841432
47935857885018,0.39772296,5.615073,-2.4194796
47935865758553,-2.0731456,5.006387,-7.1195097
47935873693123,0.9128108,6.8725924,-5.3234096
47935881566658,-0.1456956,11.196036,-4.698018
47935889501229,-0.7142598,9.134804,-3.3694096
47935897374764,1.7035216,9.244917,-3.6680942
47935905248299,3.5843477,9.446877,-4.343741
47935913213387,3.3387232,9.148977,-3.9655826
47935921086922,2.393009,8.991679,-3.900924
47935929052010,1.5483022,8.823408,-4.188115
47935936956063,0.7221213,7.5472393,-3.260476
47935944829598,0.5583493,6.9625587,-2.9411573
47935952733651,0.9429058,6.963155,-2.6956491
47935960607186,1.2552826,6.686105,-2.1816108
47935968541756,1.5949988,6.6640854,-1.7797034
47935976415291,1.7746682,6.4965878,-1.6665535
47935984288826,1.6897426,5.5429544,-1.3498008
47935992223397,1.9874957,5.9145117,-1.2098385
47936000096932,2.3410835,6.04459,-0.99495566
47936007970467,2.7233758,5.8252373,-0.239992
47936015844002,2.9846492,5.307067,-0.12657677
47936023717537,3.1602564,4.9754896,0.18251434
47936031591073,3.4437246,4.5228024,0.13532369
47936039495125,3.1353679,4.2510037,-0.36684442
47936047429696,3.2613273,4.4546437,-0.34797758
47936055333748,3.0246367,4.817242,-2.460433
47936063237801,1.5576177,4.725924,-2.4196236
47936071172371,-0.9054594,3.6510816,-4.031846
47936079076424,-2.3712158,2.824348,-6.532298
47936086980477,-3.1249254,2.5151243,-8.277022
47936094884530,-4.967765,2.0566025,-10.8449135
47936102758065,-7.6494107,1.2008018,-12.315471
47936110662117,-10.183891,-0.31045008,-14.718939
47936118535653,-11.087642,-1.6263561,-17.539835
47936126500740,-10.056622,-2.6609426,-19.527489
47936134404793,-6.4763184,-1.9078007,-17.22583
47936142278328,-4.7455397,1.034337,-16.457731
47936150121346,-3.8034143,4.1750913,-17.569399
47936158025399,-2.4342108,7.0105,-17.301462
47936165929451,-1.6627676,9.217352,-15.981123
47936173925057,-1.1237817,9.696637,-12.3665
47936181798592,-2.3084846,8.223722,-9.687973
47936189733162,-2.1797886,3.648306,-10.181013
47936197637215,-0.20158339,0.7881775,-8.531254
47936205480233,-2.4851065,-0.16257429,-9.733847
47936213353768,-6.341277,1.3346596,-11.896622
47936221257821,-8.816994,3.1677608,-13.114549
47936229222908,-11.94092,4.461605,-14.460588
47936237096444,-15.118355,5.112012,-16.958712
47936245061531,-13.897307,3.4544144,-14.605538
47936252965584,-12.199876,1.1342344,-10.261496
47936260869637,-7.0109777,-0.652555,-10.639787
47936268804207,-0.928918,-0.9645858,-10.37814
47936276708260,3.0482836,0.06950998,-10.958261
47936284673348,0.9658704,0.805243,-12.994769
47936292577401,-2.2194393,0.5031109,-12.92342
47936300450936,-5.364558,-0.24686241,-12.735675
47936308385506,-7.504027,-0.9596734,-10.647297
47936316259041,-5.8594036,-0.74397707,-8.730257
47936324193612,-3.839203,-0.18998098,-6.779182
47936332067147,-2.431043,-0.13923311,-5.3481436
47936339940682,0.3031807,-0.34371996,-5.23864
47936347936287,3.0798576,-0.29837084,-5.2339177
47936355809823,5.28477,-0.7997618,-5.8192635
47936363805428,2.0286279,1.8597231,7.2662163
47936371678963,3.2961588,0.7297287,2.2778702
47936379552498,3.1669831,3.3366976,-1.8246536
47936387517586,-4.371045,5.5619307,-5.323888
47936395421639,-13.418622,4.7773914,-7.261512
47936403386727,-16.1495,1.093008,-5.090723
47936411290780,-9.346517,-0.9684577,-3.9482594
47936419164315,-3.4169128,0.057730675,-0.2490511
47936427129403,-0.273719,2.3800783,1.1866212
47936435063973,0.49981678,4.7887506,2.0877223
47936442968026,1.9326823,6.110139,2.1241899
47936450872078,1.2612902,5.4394417,1.2328725
47936458776131,0.26197863,3.4726496,0.39566517
47936466710701,-0.3165086,1.7485628,0.18073606
47936474584237,-0.04463613,0.81950665,-0.5169747
47936482518807,-0.29368073,0.7118044,-0.8749695
47936490392342,-1.4932886,0.7093811,-1.5747926
47936498265877,-2.427036,0.3905325,-2.2364311
47936506169930,-3.2826996,-0.18060398,-2.8434205
47936514043465,-3.5179358,-0.6694908,-3.319316
47936522039071,-2.9264936,-0.96080637,-3.1640449
47936529882088,-2.532434,-1.3613071,-3.4809084
47936537786141,-1.3994722,-0.60718346,-1.9834952
47936545751229,-0.81784934,-0.6671171,-2.243746
47936553624764,-0.31484365,-0.32521152,-1.3668897
47936561559334,-0.035900474,-0.36240578,-1.3575006
47936569524422,-0.12893999,-0.3254614,-0.7312319
47936577397957,-0.18919891,-0.21284866,-0.66003466
47936585271492,-0.11590284,-0.150733,-0.47545123
47936593175545,0.050351262,0.029058456,-0.35141492
47936601140633,0.0015916228,0.26338005,-0.2933128
47936609044686,-0.3787743,0.45806313,-0.36887884
47936616948739,-0.8598639,0.48081017,-0.5355973
47936624883309,-1.1825535,0.38136292,-0.827615
47936632756844,-1.4360337,0.27436447,-0.9706211
47936640691414,-1.5180382,0.26280308,-0.8754635
47936648564949,-1.9034932,0.36558723,-0.75209785
47936656438485,-1.3597288,0.46157932,-0.4514687
47936664312020,-1.1064202,0.6346693,-0.19917583
47936672185555,-1.132587,0.85098743,-0.121584654
47936680120125,-0.82575727,0.9360342,0.060837746
47936688024178,-0.8405747,0.94919014,0.06882095
47936695928231,-0.8967683,0.9282999,0.099742174
47936703862801,-1.022953,0.8349724,0.04124856
47936711736336,-1.1378946,0.70769024,-0.087893486
47936719670906,-1.1557682,0.48190403,-0.20882535
47936727574959,-1.3087986,0.28916264,-0.46729565
47936735448494,-1.3028984,0.049037933,-0.5908077
47936743383065,-1.2471616,-0.14749146,-0.6829722
47936751287117,-1.1162903,-0.3124056,-0.765311
47936759252205,-1.009128,-0.42110348,-0.6383827
47936767186776,-0.5779919,-0.47506428,-0.47179127
47936775060311,-0.3678259,-0.31336594,-0.17863917
47936783055916,-0.007673621,-7.314682E-4,-0.077400446
47936790990487,0.19421414,0.13232517,0.06397581
47936798894539,0.1888774,0.17608738,0.15343261
47936806798592,0.12665832,0.14380646,0.0020279884
47936814672127,0.046562135,0.0043354034,0.06465769
47936822576180,-0.17995735,-0.17084408,-0.05050707
47936830449715,-0.24937719,-0.24065495,-0.22084737
47936838414803,-0.3209265,-0.14770126,-0.34313726
47936846349373,-0.39504766,-0.04785347,-0.5268681
47936854222908,-0.4820736,-0.02523613,-0.6011765
47936862157479,-0.5443208,-0.09444332,-0.66123104
47936870061531,-0.49133307,-0.0020370483,-0.81148624
47936878026619,-0.78370917,-0.019363403,-1.1768804
47936885930672,-1.2215441,-0.3532772,-0.5518863
47936893804207,-0.39825028,-0.07838249,-0.25149632
47936901738778,0.1882374,0.1820898,-0.62584496
47936909642830,-0.114867605,0.12118721,0.05973029
47936917577401,0.19533086,0.1466217,0.3020234
47936925481453,0.45541245,0.172225,0.019437551
47936933385506,-0.36575174,-0.013743401,0.10033822
47936941320076,-0.4701599,-0.13663292,0.21257687
47936949193612,-0.10001667,-0.07687664,0.04529357
47936957158699,-0.17314036,-0.109931946,0.017699242
47936965032235,-0.3466469,-0.1353674,0.10375881
47936972905770,-0.30987346,-0.11511612,0.062319517
47936980840340,-0.21882191,-0.104296684,0.056341648
47936988713875,-0.34781244,-0.10068512,-0.100509405
47936996648446,-0.46019995,-0.08306885,-0.26370144
47937004552498,-0.67855394,-0.09706783,-0.32510996
47937012426033,-0.80463153,-0.087944984,-0.40118027
47937020299569,-0.73678696,-0.02193737,-0.28895783
47937028234139,-0.5119143,0.005174637,-0.32596898
47937036199227,-0.38685384,-0.008760452,-0.24227285
47937044072762,-0.25871992,-0.02536869,-0.23917365
47937051976815,-0.10874534,-0.04927063,-0.20696926
47937059911385,-0.051705636,-0.04213333,-0.19123602
47937067815438,-0.11086217,-0.0062732697,-0.19219446
47937075688973,-0.1540338,0.05128479,-0.15520072
47937083562508,-0.4014543,-0.29265308,-1.6342024
47937091436043,-1.1304437,0.023836136,-0.1472559
47937099340096,-0.6450927,-0.09681606,0.17836475
47937107244149,-0.16601737,0.1735239,-0.5259259
47937115178719,0.09597178,0.26082802,0.06643939
47937123052254,0.40624827,0.25345135,0.3974254
47937130895272,0.5164248,0.27498245,0.3831706
47937138799324,0.4046499,0.22708225,0.37605524
47937146672860,0.18424392,0.12880611,0.39547348
47937154607430,-0.00898644,0.05417633,0.36294937
47937162511483,-0.2981839,-0.030489922,0.30048418
47937170354500,-0.39458472,-0.0867424,0.07127142
47937178319588,-0.56429684,-0.09517765,-0.2750728
47937186193123,-0.7977584,-0.12738228,-0.5308559
47937194158211,-0.93246555,-0.17377186,-0.59314966
47937202001229,-0.7781652,-0.21106625,-0.7810273
47937209874764,-0.7345713,-0.3202591,-0.4706905
47937217778817,-0.5606296,-0.35786343,-0.28899574
47937225713387,-0.39485595,-0.34750748,-0.24873662
47937233708992,-0.316051,-0.30805874,-0.113654375
47937241613045,-0.37566492,-0.2613182,-0.15840125
