48790131005515,2.8117E-4,0.016011238,5.081594E-4
48790138940085,-1.180172E-5,-8.3732605E-4,-2.5302172E-5
48790146813621,-5.92798E-4,-0.027223587,4.990101E-4
48790154778709,1.7096335E-4,-0.2376461,-0.004521966
48790162682761,-2.6551913E-4,-0.26377487,-0.015254259
48790170617332,-0.0016523078,-0.1501894,-0.0105394125
48790178490867,2.0430982E-4,0.012019157,7.00593E-4
48790186364402,0.0012019128,0.044288635,0.0024417639
48790194268455,8.087456E-4,0.028726578,0.0020278096
48790202203025,-0.0021659136,-0.07238197,-0.0062279105
48790210076560,-0.0022383332,-0.07262516,-0.006562829
48790218011130,-0.0017975569,-0.054135323,-0.004699409
48790225884666,-0.00212726,-0.06121826,-0.0054157972
48790233788718,-0.0010230243,-0.026604652,-0.002326548
48790241723289,0.0012726486,0.032298088,0.0023657084
48790249596824,0.002825141,0.08084774,0.004826665
48790257531394,0.0021799505,0.07804489,0.0048887134
48790265435447,-8.136034E-6,-0.0010852814,-6.955862E-5
48790273339500,-0.0011413246,-0.10062885,-0.0061211586
48790281243552,-0.0017768145,-0.12830544,-0.006370753
48790289178123,-0.0014773011,-0.09406376,-0.0031343699
48790297051658,-6.1286986E-4,-0.03963375,-0.0015163124
48790304925193,-0.001096189,-0.065099716,-0.0029972494
48790312829246,-0.0017709732,-0.06560612,-0.0033100247
48790320733298,3.41326E-4,0.008090019,5.133152E-4
48790328667869,8.0671906E-4,0.02033329,0.0012476444
48790336541404,-0.00744617,0.016947746,-0.0034891963
48790344475974,-5.543232E-5,-0.0012521744,-7.659197E-5
48790352410544,-0.0010296404,-0.032756805,-8.3625317E-4
48790360314597,-0.0024075508,-0.101548195,-0.004162848
48790368249168,-0.0021005124,-0.113687515,-0.0042119026
48790376153220,-0.0012927353,-0.051434517,-0.001686275
48790384087791,-0.0010500848,-0.036855698,-0.0014861822
48790392022361,-0.0024496615,-0.0868597,-0.0032295287
48790399895896,-0.0038731396,-0.12962341,-0.0041276217
48790407799949,-0.0013651252,-0.036052704,-1.1188537E-4
48790415673484,0.0024529994,0.074398994,-0.0022464097
48790423638572,0.003058508,0.17532921,-0.009204507
48790431512107,1.0831922E-5,0.18212318,-0.01071018
48790439416160,-0.0011254773,0.10156059,-0.0055812597
48790447320212,3.543496E-5,-0.002026558,9.0926886E-5
48790455224265,6.9124997E-4,-0.03817177,9.810925E-4
48790463097800,4.0803477E-4,-0.07512665,0.0012255162
48790470971335,-7.6594204E-4,-0.10011673,5.730018E-4
48790478875388,-4.9141794E-4,-0.059310913,3.2038614E-4
48790486779441,7.6717697E-7,0.039811134,-6.8226457E-4
48790494683494,-9.4521046E-4,0.08614063,-0.003161639
48790502618064,-0.0022093207,0.10032272,-0.0037855506
48790510522117,-0.002216518,0.0671587,-0.0020056367
48790518426169,-0.0030463636,0.07096672,-0.0014649332
48790526330222,-0.004175484,0.073246,-6.3097104E-5
48790534264793,-0.0051882863,0.07712078,3.9412454E-4
48790542168845,-0.009270608,0.119423866,0.002016306
48790550042380,-0.019682467,0.21547508,-3.8754428E-5
48790557946433,-0.02553773,0.28942204,4.284773E-4
48790565881003,-0.026323497,0.28236198,0.0094206035
48790573754539,-0.020882666,0.27838707,0.008287877
48790581689109,-0.01616013,0.23857117,0.015246153
48790589593162,-0.012675822,0.21875763,0.022566557
48790597497214,-0.012893826,0.27619457,0.02363199
48790605401267,-0.025123656,0.47216797,0.048583627
48790613305320,-0.041259527,0.6431694,0.08877528
48790621209373,-0.040399373,0.66434383,0.12831819
48790629113425,-0.022940665,0.6341562,0.12333894
48790637017478,-0.011750713,0.73377705,0.16172719
48790644921531,0.0037893802,0.81883335,0.19275117
48790652825584,0.006784618,0.9189434,0.25188804
48790660729636,-0.0044962913,0.88842773,0.22185588
48790668633689,-0.018201947,1.071311,0.26628184
48790676507224,0.019159093,1.2363148,0.35600638
48790684411277,0.14406908,1.4670305,0.5284653
48790692284812,0.26218855,1.5419617,0.61867595
48790700219382,0.50725436,2.004139,0.9742398
48790708123435,0.37356555,1.7401991,0.8896847
48790716027488,0.11648226,1.5464964,0.39006472
48790723992576,-0.11932272,2.1098814,0.452677
48790731896628,-0.14766538,2.3142757,0.43886352
48790739831199,0.17783761,1.9075928,0.2967881
48790747735252,0.21653342,1.3476152,0.11384314
48790755608787,0.097826004,0.9111595,0.021894261
48790763482322,0.018381804,0.50332165,-0.020829797
48790771416892,0.010990053,0.3151617,-0.04335642
48790779290427,0.04603088,0.46407318,-0.11362052
48790787163962,0.15743768,0.7886944,-0.2206738
48790795098533,0.3349545,1.104886,-0.3541193
48790802972068,0.5668297,1.4008989,-0.48709893
48790810937156,0.7782917,1.5767593,-0.58277154
48790818810691,0.88954496,1.718483,-0.7474127
48790826684226,0.73866653,1.6574459,-0.8166003
48790834618796,0.4246037,1.4215908,-0.74825907
48790842522849,0.16692603,1.1628551,-0.56625175
48790850426902,0.00521452,0.8959532,-0.39440846
48790858330955,-0.06618279,0.83730793,-0.3702941
48790866235007,-0.06366134,0.6404238,-0.26130342
48790874108543,-0.0094015,0.1627636,-0.0545249
48790882043113,-0.005683452,-0.31703568,0.09400749
48790889916648,-0.060291648,-0.5401983,0.16729331
48790897851218,-0.12671196,-0.67005444,0.20139146
48790905785789,-0.21849036,-0.89741707,0.24197602
48790913659324,-0.27620912,-0.92755413,0.26883936
48790921593894,-0.2881601,-0.8262768,0.2662394
48790929497947,-0.26001883,-0.67933655,0.21407127
48790937402000,-0.26415324,-0.70306873,0.20370197
48790945306052,-0.20044756,-0.5583391,0.18104506
48790953210105,-0.07627821,-0.21116543,0.07837057
48790961114158,0.04446888,0.111063,-0.038169384
48790969048728,0.25785184,0.5761776,-0.20104146
48790976922263,0.5296974,1.0588503,-0.3684485
48790984795798,0.72278404,1.376277,-0.52278566
48790992760886,0.7404399,1.468936,-0.58909607
48791000634421,0.65599227,1.4841003,-0.62892866
48791008568992,0.56352425,1.7070856,-0.8424554
48791016442527,0.40469754,1.9756432,-1.003027
48791024346580,0.23496974,2.30015,-1.1005025
48791032281150,1.4613047E-6,2.8055582,-1.4868097
48791040154685,-0.36960614,3.5526695,-2.1391616
48791048089255,-0.74004793,3.99549,-2.3480058
48791055993308,-0.9772724,4.1819315,-2.3606124
48791063866843,-1.1323771,4.2720766,-2.4594574
48791071740378,-1.1948824,3.979848,-2.1515617
48791079644431,-1.5714097,4.1864185,-3.1668487
48791087609519,-0.25872695,2.054593,-0.3661065
48791095483054,-0.94880116,4.7855096,-7.6907063
48791103356589,-6.1193504,15.341681,-15.156799
48791111291160,-15.284485,6.053523,8.233229
48791119164695,-6.7003527,2.209865,-2.0498917
48791127099265,-0.64514494,2.6790223,-4.228835
48791134972800,5.698352,2.6046782,7.013481
48791142846335,5.9360914,1.2058635,17.350056
48791150780906,4.8058405,2.6765661,13.907082
48791158715476,7.339843,5.8943725,10.9289
48791166589011,8.382741,7.676975,10.894197
48791174462546,7.422308,8.239944,11.72768
48791182366599,5.4187264,7.746859,10.711216
48791190270652,1.1874226,6.3301277,8.104252
48791198205222,-3.0293314,5.041727,6.094796
48791206078757,-6.3036556,4.1175585,5.332529
48791213982810,-8.577222,3.4164186,4.8971567
48791221917380,-9.860175,3.0845003,4.09299
48791229851951,-10.667011,3.111886,3.3528833
48791237756003,-11.168284,3.1860127,3.1850095
48791245690574,-11.062177,3.2310266,3.4169817
48791253564109,-10.073493,3.3745265,3.6671963
48791261437644,-8.80893,3.5826144,4.0230265
48791269372214,-7.356451,3.6989741,4.4799347
48791277245750,-6.0847454,3.780097,4.867798
48791285180320,-5.085955,3.8546748,5.177976
48791293084373,-4.2127705,3.905067,5.3584843
48791300957908,-3.4761214,3.9237356,5.710261
48791308892478,-2.8152595,3.8320951,5.92239
48791316766013,-2.3008766,3.6639137,5.9953346
48791324700584,-1.9786382,3.4210234,6.0368156
48791332574119,-1.8057187,3.1782866,6.160328
48791340478171,-1.7213953,2.9403448,6.2872953
48791348382224,-1.6512078,2.7818751,6.2916446
48791356286277,-1.5283365,2.6982636,6.202688
48791364190330,-1.2490908,2.8192935,5.82244
48791372124900,-0.8842077,3.0313182,5.427798
48791380059470,-0.58570147,3.2075315,5.3660645
48791387933005,-0.25324667,3.3521605,5.232361
48791395867576,0.10375118,3.606667,4.9671707
48791403741111,0.2949884,3.8222494,4.9005003
48791411706199,0.3745047,3.903524,4.9367647
48791419640769,0.35149872,3.876913,4.9081144
48791427544822,0.2521348,3.819632,4.814638
48791435448875,0.19569147,3.7963552,4.605648
48791443322410,0.15774405,3.788046,4.503387
48791451256980,0.18552732,3.8261428,4.3687496
48791459191550,0.31090224,3.8722706,4.354534
48791467126121,0.58758247,3.9304333,4.2302847
48791474999656,0.8500154,3.9766984,4.1778746
48791482934226,1.1258333,3.953154,4.1658497
48791490838279,1.4509833,3.9127336,4.1128635
48791498711814,1.7992687,3.8884048,4.093128
48791506615867,2.1346335,3.8683205,4.0252924
48791514519919,2.4658217,3.7926035,4.007682
48791522423972,2.8496125,3.7184663,3.920503
48791530297507,3.1982098,3.689176,3.7300289
48791538201560,3.528068,3.6152062,3.6565528
48791546105613,3.7382762,3.5756998,3.319688
48791554040183,3.8218596,3.5386472,3.2007096
48791561913718,3.7350214,3.3552852,3.2206576
48791569848289,3.7762902,3.1258688,3.1043122
48791577813377,4.106306,2.9485078,3.0024288
48791585686912,4.570947,2.839654,3.0827727
48791593590964,5.0586,2.746509,3.250264
48791601495017,5.5749893,2.6531153,3.4240394
48791609429587,6.042035,2.6287293,3.7785096
48791617364158,6.547833,2.5874953,3.9687247
48791625237693,6.901263,2.4460888,3.8889055
48791633141746,6.918919,2.121406,3.5706751
48791641015281,6.680623,1.8197284,3.4436805
48791648919334,6.171874,1.6495252,3.433334
48791656884421,5.901437,1.6116834,3.329378
48791664757957,5.853762,1.498694,3.282997
48791672662009,6.046588,1.2160654,3.409256
48791680535544,6.3168964,1.0338678,2.3519802
48791688470115,5.172365,3.1608062,0.32687473
48791696435203,4.7768664,6.1882114,4.6689343
48791704308738,5.35688,5.5585284,10.83183
48791712243308,4.870614,2.83853,12.171004
48791720147361,4.501868,1.3612261,11.625194
48791728020896,6.174061,0.9012718,6.631247
48791735894431,7.515481,0.61338234,2.4944727
48791743829002,6.8453875,1.5921745,1.9262304
48791751733054,5.022484,1.9692516,3.3907318
48791759637107,4.484496,1.0383701,2.6718588
48791767571677,5.6967683,0.59821415,0.4143932
48791775445212,7.603711,1.682334,0.9245484
48791783318748,7.353272,2.2120209,4.9492083
48791791222800,5.306095,1.3755846,8.373981
48791799096335,4.3101826,0.65245247,9.226357
48791807030906,4.3819666,0.76563454,7.701241
48791814995994,3.3518562,1.2666016,6.5117197
48791822869529,1.0726734,1.7767038,6.0338616
48791830804099,-1.5184059,2.2088995,5.530161
48791838677634,-3.0666964,2.1482735,4.888338
48791846581687,-3.640028,1.5137682,4.53342
48791854516257,-3.3163958,0.7461176,4.064184
48791862389793,-2.5388737,0.20304394,2.9858
48791870293845,-1.6851604,0.032793045,1.9760777
48791878197898,-0.75694716,0.15014458,1.6935283
48791886132468,0.4806556,0.3118677,2.032562
48791894097556,1.8074117,0.12451458,2.6260214
48791901971091,2.8831441,-0.13890171,2.8885746
48791909875144,3.4366782,0.012479782,2.8373563
48791917748679,3.1126642,0.6170225,2.6660469
48791925683250,2.104712,1.1527405,2.5867279
48791933587302,0.96106094,1.2105618,2.3126645
48791941460837,-0.11691147,0.89370346,1.9902426
48791949364890,-0.9386565,0.51578236,1.9160751
48791957268943,-1.458463,0.14631844,1.8705503
48791965142478,-1.5768657,-0.22214413,1.8674995
48791973016013,-1.3903248,-0.23532581,1.7658497
48791980981101,-0.9891462,0.10656452,1.6013372
48791988915671,-0.54349935,0.24072266,1.5314326
48791996819724,-0.053118527,0.12844753,1.7202549
48792004723777,0.3425145,0.25341892,1.768405
48792012658347,0.48754454,0.50553036,1.585131
48792020562400,0.37523612,0.6238127,1.309147
48792028496970,0.12955889,0.5127735,1.1830802
48792036370505,-0.11021477,0.31111908,1.2612065
48792044274558,-0.04809773,0.19349957,1.524029
48792052148093,0.26005545,0.06886101,1.6506004
48792060082664,0.6675652,0.016054153,1.8676572
48792067986716,0.8920758,-0.03915882,2.0241795
48792075921287,1.028409,-0.00830555,2.225047
48792083794822,0.9487849,0.04185295,2.1552525
48792091729392,0.653708,0.08271217,2.0261023
48792099602927,0.36371237,0.06877804,2.014743
48792107537498,0.29729924,0.08637619,1.8991951
48792115441550,0.43462884,0.116280556,1.952286
48792123345603,0.6010486,0.08667278,1.9489942
48792131280173,0.8770635,0.09087181,1.8054845
48792139153709,0.9994973,0.16961098,1.5075964
48792147027244,0.95793664,0.22009754,1.1974885
48792154961814,0.6881722,0.25178814,1.1640857
48792162835349,0.38154152,0.16648293,1.2468867
48792170708884,0.33174288,0.09810829,1.5360157
48792178643455,0.32581976,0.08258915,1.7706745
48792186578025,0.17748347,0.060087204,1.8480127
48792194482078,0.1352267,0.09762287,1.8278868
48792202355613,0.21131118,0.12820148,1.7801268
48792210229148,0.40261114,0.13503933,1.709495
48792218194236,0.6226857,0.094236374,1.467999
48792226128806,0.75879097,0.07491207,1.1375589
48792234032859,0.83057684,0.086782455,1.2316719
48792241906394,0.7405976,0.07396603,1.3886689
48792249840964,0.6589654,0.03375435,1.3535292
48792257714500,0.63826364,-0.02686119,1.2982404
48792265649070,0.55256444,-0.07446957,1.1514843
48792273522605,0.2796626,-0.0900116,0.9860964
48792281426658,0.074070476,-0.08797932,0.8409343
48792289391746,-0.02194912,-0.05897045,0.7129419
48792297265281,-0.07379004,-0.06536484,0.59189963
48792305169334,-0.10580007,-0.05931759,0.28696173
48792313042869,-0.087540925,-0.014554977,0.046801478
48792320977439,-0.18173702,0.049589157,0.055465132
48792328912009,-0.31019348,0.03243351,0.23877585
48792336816062,-0.33722526,-0.051662445,0.19907203
48792344750632,-0.24887285,-0.042279243,0.032285184
48792352624168,-0.18400297,-0.0064754486,-0.0033880174
48792360528220,-0.10483195,0.07483196,0.2221477
48792368493308,0.06962237,0.09627819,0.35165185
48792376366843,0.25069928,0.03392601,0.3732076
48792384270896,0.28996834,0.0026922226,0.40170935
48792392174949,0.24306743,0.021715164,0.44645464
48792400109519,0.1863609,-0.021525383,0.4261448
48792408013572,0.1439966,-0.06474018,0.25552082
48792415917625,0.09976463,-0.074412346,0.19087747
48792423821677,-0.10379285,-0.04338169,0.21522802
48792431725730,-0.24674997,-0.033887863,0.21122858
48792439629783,-0.24547337,-0.021983147,0.1743106
48792447594871,-0.22469321,-0.012461662,0.21190894
48792455498923,-0.19394577,-0.019712448,0.26854455
48792463402976,-0.12257555,-0.0030212402,0.29155415
48792471337546,0.05139132,0.006524086,0.1763942
48792479211082,0.2321443,0.025676727,0.042676896
48792487084617,0.32173592,0.03765011,-0.03838387
48792495019187,0.2938283,-0.0030508041,-0.07165313
48792502892722,0.14189945,0.004128456,-0.183869
48792510827293,-0.090620086,0.06874466,-0.22695902
48792518700828,-0.32246763,0.07347298,-0.14370924
48792526574363,-0.4392163,0.025512695,-0.065544635
48792534478416,-0.35729808,-0.017677307,0.036130965
48792542382468,-0.27044737,-0.03933525,0.07042116
48792550317039,-0.15036783,-0.051424026,0.032654673
48792558251609,-0.06404069,-0.053948402,-0.031839073
48792566125144,-0.044955507,-0.037337303,-0.082463354
48792574029197,-0.08797679,0.027132988,-0.13360462
48792581933250,-0.15975907,0.05087948,-0.17091075
48792589867820,-0.24553935,0.014743805,-0.13219678
48792597741355,-0.32401448,-0.016630173,-0.01989898
48792605645408,-0.33523968,-0.019290924,0.08954102
48792613579978,-0.25784835,0.0019845963,0.11735645
48792621453513,-0.19046222,-0.029423714,0.18303041
48792629388084,-0.14247991,-0.039299965,0.28880924
48792637261619,-0.00404913,-0.027654648,0.44643497
48792645196189,0.08377222,0.01991558,0.4603929
48792653100242,0.12560788,0.036367416,0.4000667
48792660973777,0.6787745,0.19656754,-1.2573869
48792668908347,0.2666574,0.037967682,1.1312152
48792676781882,-0.12926328,-0.25224972,2.02925
48792684655418,-0.2716421,-0.13764858,-0.09619337
48792692589988,-0.18645796,-0.020673752,-0.034176797
48792700463523,-0.33803567,-0.10004997,0.7162808
48792708428611,-0.30491745,-0.069252014,0.6417451
48792716302146,-0.31725124,-0.13416481,0.33170077
48792724175681,-0.1363252,-0.074542046,0.12070997
48792732110252,0.16331619,0.12398529,-0.1826503
48792740014304,0.34121355,0.20516014,0.056118667
48792747887839,0.11190603,-0.024906158,0.45273957
48792755822410,0.100111835,-0.11608982,0.22009116
48792763726462,0.04297562,-0.12106991,0.12654963
