46645978790657,0.010021538,-0.21775055,-0.007952273
46645986725227,-0.0016520619,0.03941059,7.671267E-4
46645994598762,-0.002067253,0.20715237,0.0025731474
46646002441780,-2.5591254E-4,0.062488556,0.0014294684
46646010315315,-1.5234016E-4,0.06362915,0.0017274618
46646018219368,2.474524E-4,0.09532452,0.0035637915
46646026214973,-2.0688772E-4,-0.022018433,-0.0010404289
46646034088508,-6.1283354E-5,-0.10220051,-0.004120171
46646041962043,1.7039105E-4,-0.030405045,-0.0014062226
46646049896614,-4.3967008E-5,0.026604652,0.001200974
46646057800666,8.9553E-4,0.071793556,0.0026094913
46646065796272,0.002620101,0.09789753,0.003365159
46646073669807,0.00168401,0.13222504,0.004974723
46646081512825,0.0013242662,0.14083385,0.0051349103
46646089416877,8.561462E-4,0.095033646,0.002533108
46646097320930,3.2758713E-4,0.0956583,0.002012089
46646105255500,8.1465766E-4,0.16970539,0.0063120425
46646113159553,0.0071083605,0.22543621,0.010130137
46646121063606,0.0056780577,0.22087383,0.011849821
46646128998176,0.0017690659,0.13450909,0.007777691
46646136871711,-1.2696907E-4,0.13821316,0.009033084
46646144745246,6.0578436E-4,0.11379242,0.009589195
46646152618782,-2.1170825E-5,-0.0137758255,-0.0010693073
46646160492317,-8.888543E-5,0.005721092,3.0648708E-4
46646168426887,-0.0040438175,0.16936493,0.008844972
46646176300422,-0.006131023,0.1567688,0.008763492
46646184265510,-0.004303038,0.10719395,0.0037118495
46646192139045,-0.0095047355,0.19738197,0.009446472
46646200012580,-0.008373141,0.19612598,0.00895232
46646207916633,-0.0033019483,0.14588356,0.0063605905
46646215820686,-0.0069327354,0.3779869,0.012355
46646223755256,-0.012204811,0.6659336,0.04287374
46646231628791,-0.02028191,0.73673344,0.054499686
46646239502327,-0.016168341,0.66442966,0.05948764
46646247436897,-0.0070740134,0.4050665,0.048107624
46646255310432,-0.0015972108,0.1007061,0.014649749
46646263183967,-0.007017851,0.24798203,0.043659806
46646271088020,-0.0061900616,0.33417225,0.06700325
46646278992073,-9.8038465E-5,-0.016299248,-0.0036947727
46646286865608,-0.011434451,-0.73551273,-0.1831305
46646294769661,-0.023460552,-1.2547197,-0.3471377
46646302704231,-0.03919159,-2.0450273,-0.3482238
46646310608284,-0.3575374,-2.9114962,-0.1772263
46646318512336,-0.40334558,-2.0753918,0.104791045
46646326446907,-0.13969791,-0.8633833,0.0953176
46646334350959,0.05978799,0.253438,-0.04265952
46646342285530,0.45526242,1.6237793,-0.32468045
46646350159065,0.7199094,2.4150667,-0.45712876
46646358032600,0.9458027,3.0831232,-0.5021874
46646365967170,0.9595356,3.4568872,-0.5188644
46646373840705,0.8540993,3.9291334,-0.639169
46646381775276,0.7245407,4.5422688,-0.7229961
46646389648811,0.59667146,5.1387224,-0.73065424
46646397491828,0.48510242,5.583498,-0.6197071
46646405395881,0.500405,5.898138,-0.68226874
46646413269416,0.6095531,5.8189487,-0.23003104
46646421234504,0.6419754,5.4744377,-0.1576859
46646429108039,0.53482425,5.011733,0.043885864
46646437012092,0.25848335,4.4113398,0.30168635
46646444946662,-0.11131403,3.5691547,0.48837125
46646452850715,-0.46037555,2.4354277,0.44716477
46646460724250,-0.4497521,1.5817499,0.44620824
46646468597786,-0.61765337,1.4682684,0.6577332
46646476471321,-0.7697563,1.1298943,0.6385393
46646484466926,-0.78601265,0.95511055,0.6878762
46646492309944,-0.9466572,1.012764,0.7760911
46646500275032,-1.2385678,1.2277269,0.92862415
46646508179084,-1.4009695,1.4027429,1.0104332
46646516083137,-1.0497932,1.2313442,0.6638653
46646524017707,-0.3069396,0.42551565,0.16824317
46646531891243,0.14229298,-0.25697517,-0.058923006
46646539886848,-0.36393452,0.90162563,0.03760332
46646547760383,-0.31534672,1.1277714,-0.08241862
46646555664436,-0.39167452,1.1133041,-0.28485322
46646563629524,0.2032938,1.8149481,-2.6146078
46646571503059,2.6993277,9.380157,-14.499674
46646579437629,0.3379162,13.2443285,-5.740302
46646587341682,0.9882415,10.562059,-1.4130214
46646595245735,2.4082959,8.932309,-3.0972345
46646603210823,1.418564,7.6826067,-2.298372
46646611084358,-0.4198314,3.9592972,-0.78989685
46646619018928,-1.3814836,3.0902553,-2.2615042
46646626922981,-2.334668,4.3223305,-3.260625
46646634827034,-3.5669484,5.8075905,-2.8067043
46646642761604,-4.2613573,6.5140295,-2.534799
46646650635139,-2.6703258,5.1008053,-1.925159
46646658569709,-0.88368773,3.0060148,-1.2337403
46646666473762,-0.07239425,1.2474451,-0.5568943
46646674377815,-0.18331695,-0.79429626,0.27566743
46646682312385,-1.1001716,-1.5215259,0.03856209
46646690216438,-2.3397093,-1.5735829,-0.7016094
46646698212043,-4.02076,-2.3156993,0.021502197
46646706085578,-2.054856,-2.3906174,2.059333
46646713928596,-0.42252588,-0.99394274,0.84777594
46646721893684,0.06949496,0.4044032,-0.2877593
46646729797737,-0.08270407,0.9885826,-0.65129995
46646737732307,-0.21700668,0.6710181,-0.45457602
46646745636360,-0.042508602,0.10517359,-0.07692766
46646753540412,0.12224007,-0.39828157,0.2956543
46646761444465,0.09943974,-0.7221947,0.5007677
46646769318000,0.015876204,-0.6486654,0.39446545
46646777222053,-0.002778232,-0.26912594,0.14649963
46646785126106,-8.818954E-4,-0.056527138,0.027788162
46646793030159,-0.0055300295,-0.15359211,0.07227945
46646800995246,-0.006382838,-0.2356987,0.108207226
46646808868782,-0.0033788383,-0.15536594,0.07178116
46646816803352,0.0010787323,-0.11396885,0.05001259
46646824676887,-1.9878149E-5,4.6348572E-4,-1.8882751E-4
46646832550422,-0.014542758,0.27988434,-0.11691022
46646840423957,-0.04074651,0.62203217,-0.24684024
46646848297493,-0.06208235,0.8975334,-0.3330295
46646856232063,-0.080637455,1.0405807,-0.35841656
46646864105598,-0.06679213,0.9998398,-0.31981802
46646872009651,-0.033034384,0.771822,-0.22453642
46646879974739,-0.010012418,0.7223177,-0.19483423
46646887848274,0.00860782,0.73656654,-0.18499875
46646895782844,0.03224808,0.85062027,-0.18803048
46646903656379,0.053396106,0.839736,-0.1705563
46646911529914,-0.49649823,0.85455704,-0.76926637
46646919464485,-0.3217215,1.0317278,-0.5226637
46646927338020,-0.14694476,1.1993217,-0.31197393
46646935333625,-0.0032926798,1.3525505,-0.35746372
46646943237678,0.1930319,1.4938087,-0.19944644
46646951111213,0.24326694,1.5740137,-0.13454819
46646959076301,0.25904,1.6155787,-0.07401955
46646966949836,0.23104489,1.5171995,-0.034336567
46646974914924,0.1850878,1.3272858,-0.010359004
46646982788459,0.06829679,1.0671358,0.0820165
46646990661995,-0.015588284,0.8896303,0.14935005
46646998627082,-0.14841568,0.75158215,0.22856672
46647006531135,0.018723726,0.7055836,0.9323535
46647014465705,-0.0814631,0.7348032,1.4100708
46647022400276,-0.6283176,0.9324627,2.4202635
46647030273811,-1.2894331,1.7625589,2.7198346
46647038177864,-1.8643066,2.85034,3.053853
46647046051399,-2.5668166,2.915801,3.5714998
46647053985969,-2.332068,2.31118,4.1035895
46647061890022,-2.354797,2.448988,4.8097906
46647069794075,-3.347052,2.8923368,5.385052
46647077728645,-4.009123,3.1573143,6.269026
46647085602180,-3.5828335,3.2645102,7.166412
46647093567268,-2.5975275,3.4274445,7.8427052
46647101440803,-1.6969182,3.4602604,8.110641
46647109283821,-0.8161069,3.2062054,7.9247727
46647117187873,0.123778105,1.599206,5.0159698
46647125061409,2.8062801,-0.02230072,3.653635
46647132995979,4.6869984,0.28601742,2.0961387
46647140838996,3.4859443,0.46043015,0.49099207
46647148743049,1.7102501,0.013442993,-0.05748388
46647156677620,0.5924392,-0.26063824,-0.57927394
46647164581672,-0.7804383,-0.33158875,-0.705542
46647172516243,-2.5471845,-0.824749,-0.490418
46647180420295,-3.4200726,-1.7298107,-0.22313905
46647188324348,-3.3065581,-2.335122,-0.1258151
46647196289436,-2.958892,-2.2874794,-0.23725587
46647204162971,-2.5901852,-1.8876476,-0.12233418
46647212128059,-1.6947538,-1.1382627,0.14102793
46647220001594,-0.6939775,-0.40324306,0.485793
46647227905647,0.0721671,0.11869335,0.710848
46647235901252,0.29896605,0.62754726,0.9938921
46647243774787,0.22348428,1.0789366,1.403484
46647251678840,0.07302368,1.221509,1.3938489
46647259582893,-0.68189603,1.081542,1.105249
46647267486946,-1.4962156,0.6877775,0.74192405
46647275421516,-2.0269217,0.2268486,0.3922652
46647283325569,-2.286973,-0.105213165,0.051818013
46647291290657,-2.3536806,-0.23924732,-0.21269023
46647299194709,-2.1436913,-0.09621334,-0.418405
46647307068245,-1.9128234,0.11806202,-0.3963871
46647315063850,-1.6869419,0.23858547,-0.41913944
46647322937385,-1.408173,0.1674242,-0.48381954
46647330841438,-1.1866783,-0.037885666,-0.5933568
46647338714973,-1.160557,-0.23614025,-0.80523324
46647346619026,-1.1168983,-0.17123604,-0.9584336
46647354553596,-1.1299596,0.041923523,-1.0793831
46647362457649,-1.0877376,0.21180248,-1.1750199
46647370422737,-0.91435564,0.36492157,-1.1504881
46647378296272,-0.73739326,0.47502327,-1.152072
46647386139289,-0.59529763,0.46068096,-1.0502892
46647394043342,-0.4574573,0.30524158,-0.8624468
46647401947395,-0.41224566,0.2455988,-0.78410584
46647409881965,-0.53584045,0.23869228,-0.6984252
46647417755500,-0.70818543,0.1959467,-0.60560894
46647425598518,-0.9909209,0.07901001,-0.53438526
46647433563606,-1.2565768,-0.045096397,-0.5064112
46647441437141,-1.3184508,-0.056578636,-0.44320726
46647449341194,-1.350713,-0.08008003,-0.3799796
46647457245246,-1.3079715,0.0064516068,-0.24929154
46647465118782,-1.2025331,0.11923885,-0.26420534
46647473053352,-0.9726643,0.22248745,-0.27207124
46647480926887,-0.8886391,0.14852428,-0.28686666
46647488861457,-0.89543974,-0.04037857,-0.3015108
46647496734993,-0.87402284,-0.12390995,-0.34240687
46647504608528,-0.84583855,-0.12609386,-0.40906906
46647512451545,-0.7658808,-0.10437107,-0.43444073
46647520355598,-0.568108,-0.086979866,-0.33685756
46647528351203,-0.45664766,-0.11415672,-0.25871623
46647536224739,-0.32331395,-0.1022377,-0.19500303
46647544128791,-0.23337767,-0.04669857,-0.23585105
46647552093879,-0.29974285,-0.014745712,-0.24681842
46647559997932,-0.37480745,0.017388344,-0.2512082
46647567993537,-0.45562854,0.08307266,-0.25539517
46647575867073,-0.5958732,0.057753563,-0.2425772
46647583710090,-0.7612784,-0.013165474,-0.1883949
46647591644661,-0.82265306,0.01396656,-0.22922933
46647599518196,-0.86830974,0.012201309,-0.3287977
46647607422248,-0.886368,-0.054413795,-0.40055358
46647615295784,-0.8392133,-0.07335472,-0.49456078
46647623199836,-0.7182086,-0.037322998,-0.5108455
46647631134407,-0.59818757,0.05361271,-0.6236169
46647639007942,-0.5247985,0.12043667,-0.722647
46647646881477,-0.43142903,0.1727972,-0.7413689
46647654755012,-0.34677932,0.13884926,-0.8208994
46647662628547,-0.46097165,0.025731087,-0.8796372
46647670593635,-0.65515846,-0.01842308,-1.1379868
46647678467170,-0.28202683,0.030949593,-0.9106343
46647686401741,-0.2863868,0.11885357,-0.71063274
46647694275276,-0.237544,0.16403866,-0.51295507
46647702148811,0.07803308,0.013507843,-0.27403873
46647710022346,0.0017917082,-0.13899231,-0.24891305
46647717895881,-0.24910322,-0.14510536,-0.18091905
46647725830452,-0.27075845,-0.103097916,-0.1674062
46647733734504,-0.3021572,-0.06335926,-0.17639232
46647741638557,-0.25471812,-0.0020189285,-0.1953274
46647749573127,-0.16014366,0.09288216,-0.20495093
46647757477180,-0.02601444,0.10163307,-0.20524341
46647765472786,-0.047962945,-0.011692047,-0.23446268
46647773346321,-0.110721454,-0.09626961,-0.27334368
46647781158821,-0.178227,-0.08504486,-0.28616703
46647789062873,-0.2883612,-0.030724525,-0.2917626
46647796966926,-0.29066667,0.035572052,-0.29496437
46647804901496,-0.31421736,0.032398224,-0.3241349
46647812805549,-0.34452116,-0.0067243576,-0.32421488
46647820648567,-0.2745099,-0.007505417,-0.30059904
46647828644172,-0.16913126,-0.029829979,-0.3990696
46647836487190,-0.13313583,-0.04258156,-0.45676458
46647844391243,-0.1258974,-0.007452965,-0.4736488
46647852295295,-0.13772783,0.034856796,-0.44738913
46647860199348,-0.14004311,0.048443794,-0.4043874
46647868133918,-0.10201675,0.059667587,-0.35203278
46647875976936,-0.100256465,0.025479317,-0.26683646
46647883942024,-0.103730135,-0.01099968,-0.15623468
46647891846077,-0.09776815,-0.033002853,-0.13042647
46647899750129,-0.07301058,-0.047748566,-0.08616495
46647907715217,-0.060413115,-0.050439835,-0.057031393
46647915619270,-0.052583884,-0.017175674,-0.07138598
46647923553840,-0.094904,0.023290634,-0.069154024
46647931457893,-0.18227686,0.020659447,-0.095630705
46647939361946,-0.22642858,-0.0011386871,-0.114790976
46647947296516,-0.26782224,-0.020576477,-0.17432618
46647955139534,-0.25878817,-0.028069496,-0.19049525
46647963104621,-0.20431203,-0.030790329,-0.18734145
46647970978157,-0.17620589,-0.045510292,-0.2102353
46647978851692,-0.13874152,-0.019536018,-0.18996245
46647986725227,-0.101403885,0.008824348,-0.22467619
46647994629280,-0.12148133,0.013232231,-0.27361107
46648002594368,-0.13183804,0.015242577,-0.2530855
46648010498420,-0.14224166,-0.009094238,-0.2779171
46648018402473,-0.10244827,-0.01666832,-0.21178693
46648026337043,-0.10528161,0.10708332,-1.1524816
46648034241096,0.31150252,-0.029472351,0.35672897
46648042236702,0.109514266,-0.08004761,-0.36332452
46648050110237,-0.13499534,-0.05383873,-0.074679375
46648057953254,-0.24316564,-0.11370945,0.06201011
46648065826789,-0.16280761,-0.044301033,0.06229025
46648073730842,-0.27146396,-0.029943466,0.179735
46648081726448,-0.3181857,-0.041991234,0.17815131
46648089630500,-0.20511633,-0.08283138,0.32799703
46648097534553,-0.18563496,-0.13577747,0.32117862
46648105469123,-0.123217806,-0.18881702,0.2027731
46648113342659,0.32342649,-0.22526646,-0.41674817
46648121185676,0.6601596,0.15035152,0.17253911
46648129089729,-0.15241729,-0.039072037,-0.12861145
46648136963264,-0.12790348,-0.02737999,-0.027574122
