53116596633618,-0.03970027,0.3745203,0.047195196
53116604537671,-0.012290955,0.124100685,0.014335871
53116612441723,-0.0055333376,0.04888439,0.0051840544
53116620376294,0.007974505,-0.07029629,-0.008574724
53116628310864,0.04007554,-0.37607098,-0.059740067
53116636214917,0.035686195,-0.41087818,-0.04945171
53116644088452,0.021780431,-0.24351215,-0.028257012
53116652023022,0.00614655,-0.056874275,-0.007492423
53116659927075,0.0034462214,-0.025190353,-0.0034861565
53116667831128,0.013891578,-0.09240532,-0.013184667
53116675765698,0.025219083,-0.16002274,-0.024078727
53116683700268,0.02279985,-0.13586235,-0.022532225
53116691604321,0.029643297,-0.19083595,-0.03865564
53116699508374,0.023293495,-0.1934166,-0.04599929
53116707412426,0.0122612715,-0.13653469,-0.03333974
53116715316479,0.0057238936,-0.08166218,-0.019739866
53116723190014,0.007867634,-0.13644409,-0.035775423
53116731094067,0.004934013,-0.13589573,-0.03725934
53116738998120,5.49227E-4,-0.01289463,-0.003633976
53116746902173,-3.4099817E-4,0.007662773,0.0023806095
53116754806225,1.770407E-4,-0.010100365,-0.0031266212
53116762710278,-3.11248E-5,-0.010475159,-0.0032794476
53116770614331,0.004300177,-0.07826328,-0.02546382
53116778518383,0.014829993,-0.13123512,-0.04429531
53116786391919,0.02071011,-0.17513084,-0.05737996
53116794295971,0.022022724,-0.19066334,-0.05591297
53116802230542,0.027883768,-0.19385147,-0.05068612
53116810134594,0.05898559,-0.31345463,-0.061766863
53116818038647,0.07546449,-0.38254356,-0.06319976
53116825912182,0.024445534,-0.15752316,-0.026230097
53116833816235,-0.028357387,0.25854015,0.05116439
53116841720288,-0.021831632,0.36499405,0.08028865
53116849624341,-0.01085332,0.28835297,0.063809395
53116857528393,0.0013909042,-0.02968502,-0.0074350834
53116865432446,0.020813406,-0.24139309,-0.064925194
53116873336499,0.04739642,-0.30909157,-0.08774638
53116881210034,0.06343949,-0.3469534,-0.10594344
53116889114087,0.06468618,-0.32912254,-0.10032773
53116897018139,0.036971092,-0.21261597,-0.06339693
53116904891675,0.00868082,-0.06291008,-0.018520117
53116912826245,-0.002174139,0.016170502,0.0044612885
53116920730298,0.005110383,-0.03105259,-0.007692337
53116928634350,0.020479918,-0.09068489,-0.021899462
53116936568921,-0.038109303,0.14054489,0.035084486
53116944534008,-0.090622425,0.28582478,0.08187175
53116952438061,-0.102669716,0.26395035,0.08652878
53116960311596,-0.24003673,0.54766655,0.20580816
53116968215649,-0.51144266,0.9821892,0.4375651
53116976119702,-0.73854065,1.2677488,0.6106653
53116984023755,-0.77710485,1.2631307,0.63833666
53116991927807,-0.7884207,1.3449912,0.6887984
53116999801342,-0.89758253,1.7843485,0.8288057
53117007735913,-0.78984284,2.3715858,0.9358287
53117015670483,-0.6677581,3.899311,1.3348029
53117023605053,-0.18948108,6.1992846,2.0421855
53117031509106,0.2697979,8.416394,1.8079929
53117039413159,0.41919327,8.5388,1.4744301
53117047317212,0.03234004,9.085471,0.98281
53117055221264,1.341548,8.191376,0.9549457
53117063155835,1.475539,5.5426044,0.71202445
53117071059887,1.4141948,3.6381702,0.42371213
53117078963940,1.7370124,2.9284754,0.57422554
53117086898510,0.8786087,1.6531353,0.36368048
53117094802563,0.057456493,0.18152428,0.054710865
53117102706616,0.020942211,0.13603497,0.061992645
53117110610669,0.10016799,0.5992422,0.3571682
53117118484204,-0.013474524,-0.11387062,-0.072610855
53117126388257,-0.11765146,-0.40867186,-0.24872112
53117134292309,0.104513645,0.22290707,0.115036964
53117142196362,0.3363514,0.73718643,0.38919497
53117150100415,0.25213456,0.66137123,0.41886997
53117157973950,-0.038664103,-0.10850477,-0.070783615
53117165878003,-0.28506398,-0.70984745,-0.4320922
53117173782055,-0.3925078,-0.80891657,-0.38772845
53117181655591,-0.17144775,-0.27835512,-0.11330032
53117189559643,0.08332348,0.12724543,0.03793788
53117197494214,0.4217286,0.63653946,0.13672268
53117205428784,0.66396284,1.0299683,0.15970016
53117213332837,0.8328967,1.2916403,0.12785947
53117221206372,0.76409197,1.1768904,0.067791104
53117229110425,0.88600874,1.2757521,0.08555323
53117237014477,1.2944717,1.7427421,0.013454527
53117244918530,1.8772902,2.3540716,-0.14353988
53117252853100,2.3601599,2.8565526,-0.32060534
53117260757153,3.0206513,3.7857666,-0.6440978
53117268661206,9.791141,8.891365,-12.939578
53117276565258,-15.36404,0.5250538,0.81902516
53117284469311,-1.8423984,3.9918633,-1.9392414
53117292373364,3.603785,7.5941277,-1.4704765
53117300307934,8.891052,8.051392,-2.7855337
53117308211987,1.7759099,2.886991,-1.3771405
53117316177075,0.68564546,3.0969954,-1.4144981
53117324050610,4.673129,5.199782,-3.4290805
53117331954663,6.8555636,6.5964327,-5.229099
53117339919751,2.808343,5.309637,-4.63601
53117347854321,0.49863434,4.766936,-5.1030154
53117355758374,-0.48887014,4.73705,-6.173967
53117363692944,-0.5863178,4.268134,-7.1359205
53117371596997,-0.97760594,3.6374002,-7.4498444
53117379501050,-1.4619405,3.0033991,-6.8429413
53117387435620,-2.1462576,2.4268115,-6.2704315
53117395339673,-2.7844033,1.8432915,-5.8276834
53117403243725,-2.9146771,1.3018041,-5.510743
53117411147778,-2.390881,0.92965186,-4.5197153
53117419021313,-2.766769,0.36790025,-3.9543333
53117426925366,-3.6491823,0.10134207,-4.1922708
53117434829419,-3.2668262,0.13507864,-3.786892
53117442733471,-1.5233564,0.15022391,-1.5091548
53117450637524,-0.76877165,0.07414073,-0.628211
53117458511059,1.8076396,-0.3953774,1.1177607
53117466445630,0.07859802,0.08040142,-0.06777954
53117474349682,-0.29554427,1.2322898,-1.2333865
53117482253735,-17.087841,1.6765792,-4.345541
53117490188305,-18.105198,7.3139915,-2.4656935
53117498092358,-2.0496306,23.658638,5.338254
53117505996411,7.0166364,41.422672,6.788974
53117513930981,-11.655745,18.16576,1.6295636
53117521865551,-17.104801,2.4053864,-7.21459
53117529769604,-10.161615,-1.2361822,-10.418019
53117537673657,-1.2154264,-0.27390975,-4.1210556
53117545608227,0.4890964,0.1495381,-2.3807125
53117553512280,0.07073879,0.26947165,-0.600894
53117561416333,0.4232421,1.0309348,-1.5969772
53117569350903,0.18370199,0.48947954,-0.52323246
53117577315991,0.6517148,1.6238341,-1.1293874
53117585220044,0.56180406,2.3605433,-1.4684248
53117593124096,2.149908,4.2225747,-3.6782842
53117601058667,3.3871672,3.9105473,-4.4983754
53117608962719,4.258628,3.824956,-3.1392374
53117616866772,5.00097,4.182285,-1.8499584
53117624801342,7.8271875,5.425737,-1.5623293
53117632705395,9.38439,6.2845664,-0.49382973
53117640609448,8.043999,6.640556,0.21027231
53117648544018,7.795784,7.334584,0.2266097
53117656417553,7.5598726,9.094064,0.6953144
53117664352124,4.730399,11.546139,1.8786573
53117672256176,1.4465263,15.052149,3.5315464
53117680160229,0.22532082,20.288183,7.1738396
53117688094800,-3.5875928,25.379137,11.063157
53117695968335,-9.96968,27.676208,14.473539
53117703872387,-11.902246,28.761951,17.464867
53117711776440,-10.233853,28.027191,20.944233
53117719680493,-7.286297,25.116287,25.31557
53117727584546,-2.8930535,25.040653,28.353994
53117735488598,0.52185655,23.053122,27.69939
53117743362133,1.9178859,19.449753,28.596283
53117751266186,4.046157,13.739832,30.397514
53117759200757,12.133444,8.202316,32.905605
53117767104809,14.008833,4.109574,23.62275
53117775008862,13.789564,0.15923166,10.514805
53117782943432,21.280922,3.5515661,13.978521
53117790847485,24.831087,6.9293985,25.651531
53117798782055,14.047218,10.2084255,27.050953
53117806716626,14.723818,14.2849865,26.088886
53117814590161,9.08604,15.833923,17.984001
53117822494214,5.528377,15.648146,13.746441
53117830398266,-1.0296597,16.573647,11.1545105
53117838302319,-17.186687,13.350571,11.847631
53117846206372,-34.149155,9.9450245,6.5592127
53117854110425,-34.85303,6.257318,5.4742537
53117862044995,-37.750153,0.16661835,7.275455
53117870010083,-22.920525,1.8324151,3.8747244
53117877883618,-4.3748384,6.4679456,3.880713
53117885787671,-3.0643039,7.687696,3.6048036
53117893722241,-4.809944,8.031479,1.3135896
53117901656811,-0.8854472,7.522841,0.9396739
53117909560864,6.4159784,7.166355,1.3396764
53117917495434,11.395625,8.735168,0.032496452
53117925430005,11.363761,9.416171,-0.4999981
53117933334057,8.654951,6.09857,-2.1498656
53117941268628,4.756486,3.7163987,-5.6036086
53117949172680,1.5157305,2.3448796,-6.8720593
53117957076733,-2.8572485,1.2223973,-8.53335
53117964980786,-7.395515,0.29139328,-9.114414
53117972854321,-12.520236,-0.8183365,-9.726823
53117980788891,-15.854614,-1.625359,-10.349079
53117988723462,-12.989294,-1.6502337,-10.994265
53117996658032,-9.337149,-2.7353477,-11.913078
53118004562085,-6.4387627,-2.1339445,-11.775925
53118012496655,-3.0024943,-0.46890974,-11.569739
53118020431225,0.61282444,1.1166496,-11.400005
53118028335278,3.380286,2.338582,-11.746555
53118036239331,7.7511168,3.9326391,-27.270191
53118044173901,-15.450645,1.1927385,-8.987629
53118052047436,-28.105118,1.2378159,-20.869505
53118059982007,-18.95371,1.5131817,-17.794582
53118067886059,-10.744884,0.760314,-11.949564
53118075790112,-5.5641418,-0.06957245,-5.937231
53118083663647,5.021204,-1.3307819,-9.216816
53118091598217,11.143397,-2.6565938,-8.527038
53118099502270,1.7956932,-6.4964743,-9.578192
53118107436841,-7.967675,-9.07273,-10.597027
53118115310376,-12.8274355,-10.022988,-10.1963415
53118123214428,-16.67189,-9.069428,-10.002669
53118131179516,-22.4257,-6.750926,-8.492282
53118139114087,-23.872053,-4.8957567,-7.205557
53118147018139,-20.07608,-4.6631975,-5.297902
53118154952710,-15.3930435,-4.6450777,-3.254449
53118162856762,-12.220463,-4.8625674,-0.81476784
53118170760815,-10.993136,-4.9830866,2.5014088
53118178695385,-10.701515,-5.887334,4.534906
53118186599438,-7.7195706,-8.068747,5.9695044
53118194503491,-5.3130426,-9.328229,5.456406
53118202407544,-6.9451027,-9.76434,1.7155051
53118210311596,1.4162524,-6.3361006,-0.3662157
53118218215649,5.9589987,-10.845413,-16.508257
53118226089184,17.10591,10.487041,-25.534145
53118233993237,6.8083687,39.33905,-5.425872
53118241927807,-44.282135,20.690084,2.4416223
53118249831860,-44.84313,10.201486,-2.8491955
53118257735913,-54.24572,-6.778107,-11.418348
53118265670483,-61.310722,-17.896694,-21.84502
53118273574536,-16.861223,-8.977629,-24.311174
53118281478589,6.8360353,-11.875507,-13.136795
53118289382641,23.730913,-7.758215,-9.089899
53118297286694,26.73771,8.766363,-3.0889544
53118305160229,-2.3136837,12.871355,-1.9879494
53118313064282,-7.7140093,6.99599,-4.2887497
53118320968335,-2.7438629,-0.78692436,-5.1183996
53118328872387,0.59982586,2.7733202,-5.624133
53118336745923,7.018113,7.9567676,-4.3467646
53118344649975,12.001834,6.898441,-3.0828733
53118352584546,15.342713,5.388786,-3.419794
53118360519116,9.958496,7.957156,-6.7335467
53118368392651,5.1949325,10.207356,-8.184252
53118376296704,4.9709425,11.160553,-3.2797747
53118384200757,12.362946,16.201565,-3.0047488
53118392104809,10.7584,31.176126,13.027666
53118399978344,3.0437691,38.151886,17.024809
53118407882397,1.5218759,49.494064,21.272535
53118415786450,2.6585445,52.343735,27.962347
53118423690503,11.887992,50.21485,31.573635
53118431625073,2.6016452,32.256638,35.702286
53118439559643,-8.544415,24.071266,41.454063
53118447494214,-14.754726,21.269073,39.940197
53118455398266,-14.710288,18.38724,33.62648
53118463271801,-9.523894,15.079033,29.650665
53118471175854,-6.4232717,13.514486,15.131117
53118479079907,3.5880208,10.828098,9.442914
53118486953442,25.701408,15.391947,3.6350636
53118494857495,48.125736,31.343567,34.484695
53118502792065,53.558197,48.29143,25.762741
53118510726635,32.57754,39.230892,22.543474
53118518661206,5.9077225,26.232033,2.4453092
53118526595776,0.9395733,24.224627,-7.1234713
53118534499829,-4.4080577,29.185947,-13.690496
53118542373364,-16.382673,31.683832,-18.452003
53118550277417,-29.408009,23.41873,-6.304144
53118558150952,-33.8593,11.76893,-5.3203745
53118566085522,-30.792444,5.343181,-8.353396
53118573959057,-13.697407,5.64341,-11.400295
53118581863110,-6.2141166,2.4425385,-12.133669
53118589767163,-5.865959,-2.860738,-11.276064
53118597671216,-13.8485565,-9.844044,-11.143627
53118605544751,-17.446367,-16.333431,-9.44582
53118613448803,-15.791318,-23.023636,-7.652198
53118621383374,-2.119992,-21.371042,-4.290514
53118629317944,8.312796,-13.638392,-0.6606846
53118637252514,10.976862,-8.883793,-2.4168673
53118645156567,8.252337,-8.566011,-5.305457
53118653060620,-0.15392494,-11.362791,-6.2768126
53118660964673,-8.937445,-13.873229,-6.359152
53118668899243,-15.000586,-15.824434,-5.2101984
53118676833813,-20.814299,-18.251835,-5.9273767
53118684737866,-25.260183,-21.262024,-8.751452
53118692672436,-28.266296,-22.177841,-6.4835873
53118700607007,-23.24082,-17.947292,-4.926343
53118708511059,-9.768055,-15.431443,-2.560297
53118716445630,-5.4162006,-15.054733,-0.7961159
53118724349682,-3.4167957,-14.610831,0.9201255
53118732253735,-0.5773387,-13.408611,2.0488257
53118740157788,2.1829567,-11.514832,4.023676
53118748061841,5.2501698,-9.237119,5.8043337
53118755965893,7.5901313,-6.557827,6.8505154
53118763839428,8.208238,-3.3269608,7.424915
53118771743481,10.614651,-0.17358732,7.3169355
53118779678051,14.2707615,2.4020648,8.081087
53118787612622,12.108214,3.8328815,7.9625673
53118795547192,3.8575575,4.1852975,8.529937
53118803451245,-1.9077883,5.3889217,8.1596985
53118811385815,-5.4481883,6.3215384,8.502351
53118819289868,-6.385709,6.133414,9.020208
53118827224438,-4.6222787,4.3552294,8.734758
53118835159008,-1.4811496,2.2654977,8.99398
53118843032544,1.1723347,1.8022947,8.709753
53118850967114,1.9846604,2.4628587,7.215362
53118858901684,2.9026349,4.7130075,4.7739735
53118866775219,3.8382998,7.451101,2.087595
53118874709790,5.2226634,9.947984,0.6096344
53118882613842,5.9253616,11.677911,-0.0617671
53118890517895,5.979284,12.276444,-0.7704387
53118898421948,3.5873802,11.181374,-0.581481
53118906326001,1.9270077,8.851805,-1.3670626
53118914230053,1.4348054,6.2237406,-3.3412514
53118922103589,3.3861623,4.8477497,-5.003946
53118930038159,4.941765,4.365329,-5.7020645
53118937972729,4.7007,4.3539143,-6.167803
53118945907300,3.4976873,4.5716743,-7.048225
53118953841870,2.719395,4.56514,-7.285242
53118961776440,2.3636334,4.763685,-8.198528
53118969680493,1.9433123,4.4447746,-10.099754
53118977554028,2.1908374,4.258933,-11.008574
53118985458081,-0.5284145,2.5059786,-18.933899
53118993362133,-19.527168,2.141469,-2.0964632
53119001235669,-19.70638,-8.1312475,-14.109587
53119009170239,-7.2327785,-3.1405153,-9.367238
53119017104809,-6.869767,-6.464577,-9.894333
53119025008862,-11.821839,-8.689245,-8.163862
53119032943432,-13.43531,-8.56252,-8.878
53119040847485,-6.9516897,-8.7525425,-9.75487
53119048782055,-4.2599006,-8.473919,-9.428542
53119056716626,-5.4422927,-7.132777,-6.5672398
53119064651196,-9.694501,-7.148329,-4.820954
53119072524731,-8.196222,-5.093689,1.4975932
53119080459301,1.2755837,-8.068738,-10.822401
53119088363354,18.86202,-10.818161,-23.552364
53119096236889,20.117264,10.045077,-47.01541
53119104110425,-5.8364935,42.79589,-5.48076
53119112044995,-74.57666,27.646305,-22.116732
53119119949048,-80.23457,-3.9310584,-8.800058
53119127853100,-53.558533,-18.21201,-8.579512
53119135787671,-13.500836,-5.6048927,-4.5522246
53119143691723,3.9651814,-12.338813,-7.9442105
53119151595776,17.45421,-10.868113,-8.875368
53119159560864,12.143196,0.13921404,-7.042089
53119167495434,1.6202471,9.025649,-9.051388
53119175399487,6.252182,8.296292,-3.258479
53119183303540,12.015753,7.317973,-2.741488
53119191207592,17.03193,8.161134,-2.7313752
53119199111645,11.73945,8.737161,-3.0054946
53119207015698,8.494551,8.919075,-1.3361592
53119214950268,7.304435,9.114891,-1.5995617
53119222884839,8.605208,12.166064,-2.219429
53119230788891,2.8852494,17.242968,2.616269
53119238723462,-1.3975332,24.446106,10.728031
53119246658032,-1.0703071,31.202164,16.170742
53119254562085,-3.9868953,37.25277,20.743324
53119262466137,-4.7798514,40.892513,23.62815
53119270370190,1.7238419,37.577484,25.666338
53119278243725,4.4997935,25.242311,26.838783
53119286147778,6.2861023,19.82866,31.15279
53119294082348,6.7774706,19.245146,31.705906
53119301986401,4.965159,19.114923,35.744537
53119309890454,0.65711266,14.990009,33.38177
53119317825024,3.6268709,7.0644455,26.197489
53119325729077,3.9680562,-0.60044384,14.83346
53119333602612,12.143403,-1.0267847,9.913201
53119341506665,24.693052,3.4008768,28.609854
53119349410717,16.541527,7.953102,30.387419
53119357314770,15.28168,12.010795,30.643433
53119365218823,18.111744,12.029973,23.055244
53119373122876,19.055803,11.457976,17.302795
53119381026928,16.159357,12.3666725,15.684428
53119388930981,6.948907,13.742104,14.901165
53119396835034,-2.7486117,13.518153,14.701439
53119404739087,-8.026844,15.025699,13.89377
53119412643139,-8.767899,16.856499,11.915682
53119420577710,-8.408127,14.77136,9.533419
53119428512280,-4.3194356,11.268826,8.478821
53119436416333,0.26141268,8.509609,6.8895097
53119444320385,2.0220869,5.990606,4.603312
53119452193921,4.4159193,5.3089294,2.4884834
53119460128491,7.436557,5.9126973,0.9986253
53119468063061,9.329763,6.8343916,0.3108101
53119475936596,8.754687,6.6085396,0.22604942
53119483840649,7.990943,5.5677567,0.003443718
53119491744702,6.850236,4.991395,-0.9938884
53119499648755,6.4189544,5.039638,-2.5283232
53119507552807,5.763518,5.7552767,-3.7748446
53119515456860,4.2859306,6.5727963,-3.9949636
53119523360913,1.2042353,7.4374595,-4.645306
53119531264966,-1.7699811,8.785752,-5.642208
53119539138501,-4.814694,9.740957,-6.3863273
53119547042553,-8.638674,10.009047,-6.8118253
53119554977124,-11.281045,9.221639,-7.385764
53119562911694,-12.818358,7.8510914,-8.287899
53119570846264,-14.835846,6.645034,-8.486373
53119578750317,-15.470556,6.040447,-8.733807
53119586623852,-8.201918,7.8682575,-14.840381
53119594558423,-14.700082,7.05385,-6.5094485
53119602462475,-35.330967,0.74518967,-10.673296
53119610366528,-36.96598,-2.5893173,-11.365971
53119618270581,-38.074196,-9.81498,-7.641471
53119626174633,-21.76972,-3.2378693,-5.0834923
53119634048169,-12.391155,-0.2676115,-2.427336
53119641952221,-1.8829361,-1.3031535,-1.3391728
53119649856274,5.930157,-2.6178908,-5.272336
53119657760327,5.0060086,-5.779722,-9.843758
53119665694897,-4.3786683,-7.731639,-6.346693
53119673598950,-9.917269,-9.545709,-8.036137
53119681503003,-11.911766,-9.149424,-8.090896
53119689407055,-9.781967,-12.821503,-14.979937
53119697341626,-15.014067,-8.327462,-16.70116
53119705245678,-15.989826,6.276511,-12.019472
53119713180249,-9.520764,27.788391,-4.952121
53119721084301,-19.577837,51.700626,-27.852547
53119728988354,-65.12086,33.619766,-13.333018
53119736892407,-81.4126,-14.459606,-3.0329118
53119744796460,-44.66136,-21.146652,-16.264744
53119752700512,-16.510813,-17.986134,-21.956936
53119760604565,15.350609,-13.745988,-13.311999
53119768478100,39.113037,-11.859957,-17.377613
53119776412671,47.827435,-4.4152083,-11.433561
53119784347241,21.029871,4.8764606,-7.3476124
53119792312329,-1.2681115,10.543379,-4.299491
53119800246899,-6.934442,9.345438,-2.9999418
53119808150952,0.70101595,6.196584,2.564282
53119816055005,2.6295815,4.8200502,2.1936898
53119823959057,-3.4772944,4.831389,3.963059
53119831863110,-5.4130135,4.995421,-0.6336365
53119839767163,-1.2184727,2.1997838,-3.7977128
53119847640698,1.7087183,1.5587106,-3.8979988
53119855544751,0.96366644,2.4186368,-1.7798314
53119863448803,2.595058,4.141621,-0.33857346
53119871352856,3.7903798,5.8927693,1.7618928
53119879256909,2.7049942,6.8391705,3.1905928
53119887160962,2.0326257,7.601979,5.1869044
53119895034497,1.1022265,7.8639364,5.201708
53119902938550,1.0244043,8.142,5.5797424
53119910812085,1.1314957,7.1387115,6.1023626
53119918716137,1.0309856,7.2389436,7.3018026
53119926620190,0.58167577,8.492724,8.467655
53119934524243,0.1974001,9.7345295,9.3137865
53119942428296,-0.058629513,10.221173,9.76486
53119950362866,-0.33527517,10.66099,10.551223
53119958266919,-0.79477143,10.361927,11.063386
53119966140454,-1.4369302,9.953402,11.375445
53119974044507,-1.9515467,9.370048,11.227459
53119981948559,-2.666029,8.604272,10.226391
53119989822094,-3.0561614,9.099357,9.022602
53119997726147,-2.5892713,10.396523,8.803264
53120005630200,-2.696578,8.650236,7.914069
53120013564770,-2.9642658,7.514809,6.659254
53120021499341,-2.4218206,7.801888,4.509408
53120029433911,0.84131646,8.459577,2.1076465
53120037337964,4.2184906,9.951653,2.49297
53120045211499,5.2157145,12.823062,4.909441
53120053115551,4.625416,14.718798,5.275941
53120060989087,7.487774,15.766897,7.336983
53120068862622,9.504101,15.102584,6.449095
53120076797192,8.942234,13.294978,3.7897325
53120084731762,7.188718,12.100443,1.4390712
53120092666333,4.652953,10.542545,-0.4048481
53120100600903,2.5403614,9.105195,-2.2533216
53120108535473,0.35803413,7.5867953,-3.311884
53120116439526,-2.577482,5.4747753,-4.1266394
53120124343579,-5.0719514,2.9337091,-4.6688013
53120132247632,-7.079916,-0.37276793,-4.946892
53120140151684,-7.363179,-3.0654135,-5.100941
53120148025219,-8.408699,-4.8685093,-5.057002
53120155929272,-7.9195905,-5.181119,-4.67851
53120163863842,-6.5061293,-5.023024,-4.845385
53120171798413,-5.495867,-5.0580716,-4.949804
53120179702466,-4.56132,-4.98076,-3.875041
53120187576001,-4.376703,-5.0386343,-4.3600345
53120195480053,-4.576296,-5.5180044,-4.928804
53120203384106,-5.4925475,-5.8050113,-5.8700533
53120211318676,-7.2372804,-6.2139783,-5.883487
53120219253247,-8.804829,-6.6777916,-6.0365686
53120227157300,-9.071239,-6.859146,-6.5205708
53120235091870,-8.974395,-6.318468,-6.643758
53120243026440,-7.67694,-5.5450997,-6.3421335
53120250930493,-6.3793564,-4.886697,-6.0506477
53120258865063,-5.3567085,-3.8793464,-5.322046
53120266799633,-4.311594,-3.1079516,-4.6274233
53120274673169,-2.8846774,-2.4427214,-4.3560605
53120282607739,-1.3167095,-1.7905726,-4.249138
53120290511792,-0.49798274,-1.1593828,-4.0526314
53120298415844,-0.34062648,-0.9910774,-3.83217
53120306350415,-0.84799266,-1.1340814,-3.86062
53120314223950,-1.3029873,-1.2729716,-4.837665
53120322128003,-1.0441746,-1.7836213,-4.9711776
53120330032055,-1.3091156,-2.6483703,-5.225336
53120337936108,-2.4184139,-3.5829644,-5.1420145
53120345840161,-3.5160866,-3.9777493,-4.981683
53120353744214,-3.9250278,-3.799861,-4.736956
53120361678784,-3.7320275,-3.1073327,-4.4787846
53120369552319,-3.3384502,-2.324553,-3.9341748
53120377486889,-2.7357893,-1.6022158,-3.3282964
53120385421460,-1.8837609,-0.8084898,-2.7778087
53120393325512,-0.9143933,-0.17554569,-2.561714
53120401199048,0.073814034,0.24662018,-2.611113
53120409103100,0.77748024,0.91188717,-2.403932
53120417007153,1.4678012,1.3020544,-2.1559544
53120424972241,1.7084522,1.0505695,-2.5111775
53120432906811,2.430647,0.46436596,-2.612926
53120440810864,2.726308,0.26673126,-2.2313843
53120448745434,2.480892,-0.13101673,-1.9716024
53120456649487,1.8632908,-0.5060673,-1.9509878
53120464553540,1.1589322,-0.4636898,-1.807653
53120472457592,0.8350875,-0.035022736,-1.8826191
53120480361645,0.45039955,0.475502,-2.5758932
53120488265698,0.39849663,0.9856882,-1.9727211
53120496169751,-0.35602674,1.579278,-0.83681
53120504104321,-1.0287867,3.7747326,-1.1623797
53120512038891,-2.042002,3.2151775,-0.9107926
53120519973462,-1.1625624,1.5107603,-1.6979465
53120527877514,-0.6430694,-0.31149673,-2.2330973
53120535781567,-0.20620412,-1.5068941,-2.563852
53120543716137,0.5935972,-2.2023993,-2.3922858
53120551650708,1.1176474,-1.3628845,1.4787114
53120559524243,-0.78919166,1.6553297,7.0046487
53120567458813,-3.2421203,4.5895348,10.505463
53120575393383,-5.605324,5.564747,8.711205
53120583266919,-5.2175565,2.025405,4.8541985
53120591201489,0.336492,-0.8665018,1.7211615
53120599136059,1.457418,-1.1391258,1.6600161
53120607070630,-0.34545332,0.5892124,3.1609921
53120615005200,-2.4436836,1.683362,4.3815556
53120622909253,-2.6740744,0.943223,4.3071723
53120630843823,-1.5903826,-0.44835758,3.2675657
53120638808911,-0.23955315,-0.86085796,2.3544188
53120646743481,0.45975864,-0.46455193,1.9235578
53120654617016,1.1054057,-0.20072651,2.1513503
53120662551587,1.6490061,0.29767227,2.200459
53120670455639,1.2585862,0.5474224,2.280451
53120678329175,-0.08707711,0.4264822,2.579251
53120686233227,-1.1160285,-0.07722092,2.828257
53120694137280,-1.2627348,-0.6047888,2.9043362
53120702041333,-1.3263934,-1.0988884,3.176332
53120709945385,-1.0835373,-1.3102369,3.2390802
53120717849438,-0.59671235,-0.66860294,3.5306494
53120725784008,-0.4946777,-0.1581564,4.3421154
53120733718579,-0.7092066,-0.17886162,4.891663
53120741653149,-0.7301055,-0.627862,5.1430445
53120749557202,-0.8991981,-0.9209013,5.2525234
53120757430737,-0.8900349,-1.203886,5.04508
53120765334790,-1.4805884,-1.2612495,4.9185247
53120773269360,-1.8126839,-1.2965784,4.6985598
53120781142895,-2.1884928,-1.0751905,4.6181865
53120789046948,-2.2439432,-0.92749405,4.282153
53120796951001,-1.9352077,-0.88237095,3.8703187
53120804855053,-1.1020827,-0.75807667,3.7265427
53120812759106,-0.18101677,-0.56667423,3.2307332
53120820632641,0.25593203,-0.5500307,2.7913604
53120828567212,0.16674012,-0.6243305,2.5768533
53120836471264,-0.29356882,-0.55010796,2.248617
53120844405835,-0.7697055,-0.46621227,2.0533006
53120852340405,-1.1678835,-0.38941765,1.9409081
53120860274975,-0.878983,-0.25995827,1.6434604
53120868209546,-0.8954326,-0.23581028,1.545421
53120876113598,-0.93034315,-0.17812538,1.5190783
53120884017651,-1.1214854,-0.15867615,1.4007667
53120891921704,-1.2440739,-0.21099377,1.2118376
53120899795239,-1.1484374,-0.2680645,1.2212322
53120907699292,-0.8781904,-0.24132347,1.2635291
53120915603344,-0.45305124,-0.12599945,1.2666844
53120923507397,0.0012280941,0.03716278,1.2898768
53120931441967,0.264414,0.111701965,1.2395759
53120939346020,0.18437693,0.06657219,1.2611065
53120947280591,-0.18640843,-0.16276264,1.4673733
53120955154126,-0.55972004,-0.16687393,1.5338432
53120963058178,-0.62966746,-0.26179218,1.620196
53120970992749,-0.30003658,-0.29913712,1.7737337
53120978927319,-0.12613925,-0.28608418,1.9062812
53120986831372,-0.14103022,-0.25613213,2.0901482
53120994735425,-0.32300913,-0.3313589,2.2413437
53121002608960,-0.38500965,-0.43278503,2.348541
53121010513012,-0.36794308,-0.51018906,2.2644603
53121018447583,-0.50234187,-0.5482826,2.1722293
53121026382153,-0.6285391,-0.60841846,2.0814624
53121034286206,-0.7409137,-0.6238766,1.8928258
53121042190258,-0.8559233,-0.5470619,1.7789898
53121050124829,-0.88665694,-0.47947693,1.6489714
53121058028882,-0.8530966,-0.4240656,1.4744755
53121065932934,-0.63348377,-0.3981552,1.3126571
53121073836987,-0.32138127,-0.34248352,1.1252569
53121081741040,-0.011581421,-0.22147942,0.9832965
53121089645092,0.11768967,-0.12343979,0.97721624
53121097549145,-0.014432967,-0.13200665,0.84064853
53121105453198,-0.2716329,-0.16086388,0.6115302
53121113326733,-0.39233023,-0.3341875,0.5079256
53121121261303,-0.4149363,-0.32621193,0.49501657
53121129165356,-0.23293197,-0.23516941,0.4598601
53121137099926,-0.014912009,-0.10906601,0.43354142
53121145003979,0.19821197,0.0019540787,0.4461658
53121152877514,0.37331575,-0.07184696,0.49403298
53121160781567,0.32728928,-0.09092903,0.41422617
53121168685620,0.040445745,-0.13416481,0.28590262
53121176559155,-0.059418976,-0.25165558,0.31598127
53121184463208,-0.15137273,-0.28064156,0.2870593
53121192367260,-0.35474312,-0.22821903,0.31140208
53121200301831,-0.4446265,-0.111148834,0.31711078
53121208205883,-0.44766223,-0.10665989,0.31630683
53121216079419,-0.35694033,-0.15724468,0.42113554
53121223983471,-0.4018305,-0.19569874,0.5327983
53121231948559,-0.28616327,-0.2315979,0.6030489
53121239883130,-0.2329796,-0.27221012,0.57949185
53121247756665,-0.20163167,-0.27929783,0.56063426
53121255660717,-0.1637091,-0.22902489,0.50855255
53121263595288,-0.07892388,-0.19821453,0.4073403
53121271529858,-0.038052976,-0.2012806,0.29801965
53121279433911,-0.052954733,-0.1663599,0.20678997
53121287368481,-0.16342795,-0.15068913,0.2502433
53121295272534,-0.29025984,-0.15435123,0.098516464
53121303176587,-0.28528672,-0.1316967,0.18161082
53121311050122,-0.21593207,-0.09724903,0.16972983
53121318954175,-0.17548949,-0.096508026,0.02224195
53121326858227,-0.0880121,-0.06478882,-0.009990692
53121334792798,-0.13980156,-0.059565544,-0.09669268
53121342696850,-0.2584396,-0.047216415,-0.14948094
53121350570385,-0.30019003,-0.034819603,-0.108989954
53121358504956,-0.21792704,-0.058363914,-0.11648786
53121366439526,-0.047541738,-0.033982277,-0.026262045
53121374343579,0.014976621,-0.009529114,0.061131954
53121382247632,-0.04222727,-0.095145226,0.10510802
53121390121167,-0.2571776,-0.14496231,-0.7216847
53121398055737,0.655126,-0.54362965,0.5605594
53121405959790,-0.012431622,0.03678131,-0.18047786
53121413894360,-0.20600772,0.11000252,0.18504643
53121421798413,-0.11734569,-0.07029915,0.30014634
53121429702466,0.15328205,-0.07818985,0.28823698
53121437606518,-0.0035386086,-0.07389641,0.3764428
53121445510571,-0.25745988,-0.14122868,0.469046
53121453445141,-0.29080784,-0.17978382,0.5041729
53121461349194,-0.40967393,-0.1344738,0.57527757
53121469222729,-0.51625645,-0.21828365,0.7056352
53121477126782,-0.60316634,-0.297163,0.79733396
53121485030835,-0.68466187,-0.34493828,0.62137175
53121492965405,-0.33651793,-0.43366814,0.44599056
53121500899975,-0.17168403,-0.5012274,0.19993484
53121508773510,0.34620237,-0.20575333,-0.029459
53121516677563,0.66056,0.42487526,0.5899725
53121524581616,-0.20124233,-0.15796375,0.35503197
53121532455151,-0.10128689,-0.32218742,0.169384
