29943316001547,5.5256486E-4,-0.004091978,-0.012805939,5.5256486E-4,-0.004091978,-0.012805939
29943323875082,-0.05059886,0.19427276,0.6992359,-0.05059886,0.19427276,0.6992359
29943331748617,-0.101398766,0.28660035,1.1142998,-0.101398766,0.28660035,1.1142998
29943339652670,-0.12218195,0.3098886,1.2564564,-0.12218195,0.3098886,1.2564564
29943347648275,-0.11049217,0.2768669,1.127758,-0.11049217,0.2768669,1.127758
29943355552328,-0.086298525,0.22721195,0.9080906,-0.086298525,0.22721195,0.9080906
29943363395345,-0.06671816,0.18086433,0.694623,-0.06671816,0.18086433,0.694623
29943371299398,-0.05037266,0.1399858,0.5207958,-0.05037266,0.1399858,0.5207958
29943379264486,-0.028092504,0.07853317,0.27972412,-0.028092504,0.07853317,0.27972412
29943387138021,-0.005360782,0.016140938,0.05486965,-0.005360782,0.016140938,0.05486965
29943395072592,0.006405294,-0.020436049,-0.06707096,0.006405294,-0.020436049,-0.06707096
29943403007162,0.009445012,-0.032479763,-0.10321045,0.009445012,-0.032479763,-0.10321045
29943410880697,0.012053013,-0.04324317,-0.13613415,0.012053013,-0.04324317,-0.13613415
29943418815267,0.013384938,-0.05091405,-0.1615591,0.013384938,-0.05091405,-0.1615591
29943426688803,0.0100598335,-0.039802074,-0.12914562,0.0100598335,-0.039802074,-0.12914562
29943434684408,0.0033547282,-0.030084848,-0.10999775,0.0033547282,-0.030084848,-0.10999775
29943442557943,0.008872807,-0.033066273,-0.10553837,0.008872807,-0.033066273,-0.10553837
29943450492513,0.015674949,-0.057510614,-0.17996788,0.015674949,-0.057510614,-0.17996788
29943458427084,0.014336109,-0.051706314,-0.16575336,0.014336109,-0.051706314,-0.16575336
29943466300619,-0.0068585277,0.021386623,0.07258606,-0.0068585277,0.021386623,0.07258606
29943474265707,-0.018780231,0.05955386,0.20523834,-0.018780231,0.05955386,0.20523834
29943482139242,-0.019751549,0.06698108,0.22597027,-0.019751549,0.06698108,0.22597027
29943490043295,-0.008777857,0.030806065,0.10066795,-0.008777857,0.030806065,0.10066795
29943497977865,0.011967182,-0.044897318,-0.14353752,0.011967182,-0.044897318,-0.14353752
29943505851400,0.019522429,-0.08430672,-0.2701645,0.019522429,-0.08430672,-0.2701645
29943513785970,0.015678108,-0.072459936,-0.23353672,0.015678108,-0.072459936,-0.23353672
29943521659506,0.013115227,-0.055383205,-0.17661476,0.013115227,-0.055383205,-0.17661476
29943529533041,0.011053324,-0.044558764,-0.14069557,0.011053324,-0.044558764,-0.14069557
29943537437094,0.014631391,-0.05601263,-0.17692947,0.014631391,-0.05601263,-0.17692947
29943545341146,0.021748781,-0.09405708,-0.29656982,0.021748781,-0.09405708,-0.29656982
29943553306234,0.019836783,-0.10563254,-0.33611298,0.019836783,-0.10563254,-0.33611298
29943561149252,0.014671713,-0.0921793,-0.29254436,0.014671713,-0.0921793,-0.29254436
29943569083822,0.007974982,-0.05384016,-0.17444897,0.007974982,-0.05384016,-0.17444897
29943577018392,0.005495757,-0.032362223,-0.106271744,0.005495757,-0.032362223,-0.106271744
29943584891928,0.007306546,-0.04441166,-0.14875221,0.007306546,-0.04441166,-0.14875221
29943592826498,0.00710544,-0.05510068,-0.18523121,0.00710544,-0.05510068,-0.18523121
29943600700033,0.0025971383,-0.031992674,-0.10756588,0.0025971383,-0.031992674,-0.10756588
29943608573568,1.9308925E-4,-0.004421234,-0.014890671,1.9308925E-4,-0.004421234,-0.014890671
29943616538656,1.340136E-4,-0.009481192,-0.031435013,1.340136E-4,-0.009481192,-0.031435013
29943624412191,-2.0724721E-4,-0.032803774,-0.10798931,-2.0724721E-4,-0.032803774,-0.10798931
29943632255209,-9.4401836E-4,-0.045585394,-0.1472044,-9.4401836E-4,-0.045585394,-0.1472044
29943640159261,-0.0017970353,-0.031782627,-0.09813595,-0.0017970353,-0.031782627,-0.09813595
29943648032797,-0.0012704432,-0.010314465,-0.030619621,-0.0012704432,-0.010314465,-0.030619621
29943655967367,0.004411757,0.024049759,0.06996441,0.004411757,0.024049759,0.06996441
29943663840902,0.02497363,0.09599328,0.27804756,0.02497363,0.09599328,0.27804756
29943671805990,0.063326,0.16848183,0.48597717,0.063326,0.16848183,0.48597717
29943679649008,0.12417042,0.24373007,0.70314026,0.12417042,0.24373007,0.70314026
29943687553060,0.19611335,0.3077209,0.89628315,0.19611335,0.3077209,0.89628315
29943695487631,0.2792232,0.36629105,1.0929222,0.2792232,0.36629105,1.0929222
29943703361166,0.3354838,0.38390565,1.1671371,0.3354838,0.38390565,1.1671371
29943711326254,0.3871429,0.3963349,1.2189217,0.3871429,0.3963349,1.2189217
29943719199789,0.47067094,0.43735838,1.3539677,0.47067094,0.43735838,1.3539677
29943727012289,0.55786395,0.45634747,1.4236565,0.55786395,0.45634747,1.4236565
29943734916342,0.63468003,0.45651317,1.4562073,0.63468003,0.45651317,1.4562073
29943742850912,0.74640226,0.47140646,1.541254,0.74640226,0.47140646,1.541254
29943750785482,0.87954426,0.4812498,1.6323318,0.87954426,0.4812498,1.6323318
29943758720053,1.1141682,0.53305554,1.9002771,1.1141682,0.53305554,1.9002771
29943766593588,1.4344902,0.59295106,2.261901,1.4344902,0.59295106,2.261901
29943774558676,1.82581,0.6403334,2.6337156,1.82581,0.6403334,2.6337156
29943782462728,2.307756,0.65127945,3.0831552,2.307756,0.65127945,3.0831552
29943790397299,2.7304678,0.60917115,3.4417915,2.7304678,0.60917115,3.4417915
29943798301351,2.9388094,0.519071,3.6467047,2.9388094,0.519071,3.6467047
29943806174886,2.9209976,0.4094994,3.69173,2.9209976,0.4094994,3.69173
29943813987386,2.7647653,0.34341633,3.626688,2.7647653,0.34341633,3.626688
29943821891439,2.4376764,0.30300504,3.3904133,2.4376764,0.30300504,3.3904133
29943829764974,2.0443406,0.27414596,3.0423527,2.0443406,0.27414596,3.0423527
29943837669027,1.6468086,0.25783682,2.628561,1.6468086,0.25783682,2.628561
29943845542562,1.3041368,0.23615879,2.2342348,1.3041368,0.23615879,2.2342348
29943853477133,1.0335584,0.2094701,1.8770542,1.0335584,0.2094701,1.8770542
29943861350668,0.83983517,0.18420857,1.6116028,0.83983517,0.18420857,1.6116028
29943869315756,0.6615491,0.15541327,1.3464174,0.6615491,0.15541327,1.3464174
29943877250326,0.49971485,0.12466633,1.0951481,0.49971485,0.12466633,1.0951481
29943885123861,0.38270926,0.09502554,0.8994379,0.38270926,0.09502554,0.8994379
29943893058431,0.2915933,0.06623703,0.7517986,0.2915933,0.06623703,0.7517986
29943900901449,0.21408248,0.041300476,0.61105347,0.21408248,0.041300476,0.61105347
29943908897054,0.14188123,0.021645099,0.45475292,0.14188123,0.021645099,0.45475292
29943916770590,0.04815197,0.0062149167,0.19560432,0.04815197,0.0062149167,0.19560432
29943924674642,0.023141265,0.003060624,0.13780117,0.023141265,0.003060624,0.13780117
29943932548178,0.0130952,0.0029556453,0.13889408,0.0130952,0.0029556453,0.13889408
29943940421713,0.0033334494,0.0026762486,0.11668491,0.0033334494,0.0026762486,0.11668491
29943948386801,-0.00523746,0.002358526,0.11911392,-0.00523746,0.002358526,0.11911392
29943956260336,-0.0073428154,0.0010822117,0.06521702,-0.0073428154,0.0010822117,0.06521702
29943964133871,0.029248595,-0.001670815,-0.14043808,0.029248595,-0.001670815,-0.14043808
29943972068441,0.2549398,0.0053122602,-0.7895794,0.2549398,0.0053122602,-0.7895794
29943979941976,0.6496587,-0.120799184,-1.8534169,0.6496587,-0.120799184,-1.8534169
29943987907064,1.0673845,-0.059622303,-2.2821717,1.0673845,-0.059622303,-2.2821717
29943995811117,1.0136561,0.011680756,-1.9379807,1.0136561,0.011680756,-1.9379807
29944003684652,0.7965498,0.041761905,-1.4308486,0.7965498,0.041761905,-1.4308486
29944011558187,0.6059189,0.04378891,-1.0457392,0.6059189,0.04378891,-1.0457392
29944019431722,0.5205107,0.040324837,-0.82044697,0.5205107,0.040324837,-0.82044697
29944027274740,0.43577194,0.02756989,-0.59786844,0.43577194,0.02756989,-0.59786844
29944035178793,0.18394756,0.0076744854,-0.21457195,0.18394756,0.0076744854,-0.21457195
29944043052328,-0.2510724,-0.004266277,0.2512312,-0.2510724,-0.004266277,0.2512312
29944050986898,-0.80037355,0.0026156623,0.72393274,-0.80037355,0.0026156623,0.72393274
29944058860433,-1.246027,0.021778554,1.0884123,-1.246027,0.021778554,1.0884123
29944066795004,-1.5243587,0.05063656,1.3201346,-1.5243587,0.05063656,1.3201346
29944074668539,-1.6316829,0.07653308,1.4385891,-1.6316829,0.07653308,1.4385891
29944082542074,-1.6668015,0.09726974,1.5021853,-1.6668015,0.09726974,1.5021853
29944090507162,-1.6798677,0.11226344,1.5145626,-1.6798677,0.11226344,1.5145626
29944098380697,-1.6728697,0.122371435,1.4986572,-1.6728697,0.122371435,1.4986572
29944106315267,-1.6328015,0.13159943,1.4544415,-1.6328015,0.13159943,1.4544415
29944114188803,-1.5733614,0.13537395,1.3894224,-1.5733614,0.13537395,1.3894224
29944122062338,-1.5314512,0.13936812,1.3531356,-1.5314512,0.13936812,1.3531356
29944129935873,-1.4946728,0.14583135,1.3064246,-1.4946728,0.14583135,1.3064246
29944137870443,-1.4753609,0.16127121,1.2913551,-1.4753609,0.16127121,1.2913551
29944145835531,-1.4241457,0.18135858,1.2568612,-1.4241457,0.18135858,1.2568612
29944153678549,-1.2829633,0.19239414,1.1492147,-1.2829633,0.19239414,1.1492147
29944161582601,-1.135541,0.20229352,1.0532913,-1.135541,0.20229352,1.0532913
29944169517172,-1.01823,0.20634472,0.98680973,-1.01823,0.20634472,0.98680973
29944177390707,-0.9129276,0.20566106,0.91068506,-0.9129276,0.20566106,0.91068506
29944185386312,-0.79215527,0.18931472,0.82247734,-0.79215527,0.18931472,0.82247734
29944193259847,-0.6874709,0.17243755,0.74684906,-0.6874709,0.17243755,0.74684906
29944201163900,-0.6193137,0.16029549,0.7080612,-0.6193137,0.16029549,0.7080612
29944209098470,-0.5552573,0.15001917,0.6742959,-0.5552573,0.15001917,0.6742959
29944216972006,-0.5343256,0.15309072,0.7040577,-0.5343256,0.15309072,0.7040577
29944224815023,-0.5436363,0.1670692,0.78453827,-0.5436363,0.1670692,0.78453827
29944232719076,-0.53533554,0.17574608,0.8487644,-0.53533554,0.17574608,0.8487644
29944240592611,-0.50179386,0.17381048,0.8565588,-0.50179386,0.17381048,0.8565588
29944248527181,-0.4749813,0.17082727,0.86501026,-0.4749813,0.17082727,0.86501026
29944256431234,-0.49116993,0.18324423,0.92584133,-0.49116993,0.18324423,0.92584133
29944264396322,-0.47207546,0.18782425,0.90452766,-0.47207546,0.18782425,0.90452766
29944272330892,-0.43475485,0.17933762,0.8116112,-0.43475485,0.17933762,0.8116112
29944280204428,-0.3783903,0.16068888,0.67270947,-0.3783903,0.16068888,0.67270947
29944288138998,-0.31910944,0.14364386,0.5575218,-0.31910944,0.14364386,0.5575218
29944295982015,-0.23907185,0.11524439,0.41639805,-0.23907185,0.11524439,0.41639805
29944303977621,-0.13289547,0.06910181,0.23346901,-0.13289547,0.06910181,0.23346901
29944311851156,0.0047926903,-0.0026991367,-0.008616447,0.0047926903,-0.0026991367,-0.008616447
29944319724691,0.28948212,0.063598394,-0.0848856,0.28948212,0.063598394,-0.0848856
29944327598226,0.5247593,0.12026954,-0.10013199,0.5247593,0.12026954,-0.10013199
29944335441244,0.7484474,0.19464707,-0.042941093,0.7484474,0.19464707,-0.042941093
29944343406332,0.92806983,0.25119662,0.03554058,0.92806983,0.25119662,0.03554058
29944351340902,1.0320833,0.3093946,0.13020325,1.0320833,0.3093946,0.13020325
29944359214437,1.1157043,0.40701437,0.3740034,1.1157043,0.40701437,0.3740034
29944367149008,1.2308526,0.5300379,0.64667606,1.2308526,0.5300379,0.64667606
29944375022543,1.2206037,0.68829966,0.99047184,1.2206037,0.68829966,0.99047184
29944382987631,1.1285751,0.92182755,1.3508339,1.1285751,0.92182755,1.3508339
29944390861166,1.0146713,1.1782019,1.7277203,1.0146713,1.1782019,1.7277203
29944398765219,0.8806939,1.422497,2.1355896,0.8806939,1.422497,2.1355896
29944406608236,0.86709833,1.6613626,2.5334272,0.86709833,1.6613626,2.5334272
29944414512289,1.0041614,1.9282553,2.9016113,1.0041614,1.9282553,2.9016113
29944422385824,1.1635592,2.2443016,3.215496,1.1635592,2.2443016,3.215496
29944430289877,1.2085307,2.579673,3.4314852,1.2085307,2.579673,3.4314852
29944438163412,1.228131,2.8716738,4.0258493,1.228131,2.8716738,4.0258493
29944446097982,1.0882466,3.0463898,4.426408,1.0882466,3.0463898,4.426408
29944453971517,1.0010974,3.099189,5.010066,1.0010974,3.099189,5.010066
29944461906088,1.030885,3.2064779,5.809432,1.030885,3.2064779,5.809432
29944469840658,1.1043108,3.3764858,6.9902744,1.1043108,3.3764858,6.9902744
29944477714193,1.0645754,3.5442338,8.36848,1.0645754,3.5442338,8.36848
29944485648763,0.74982023,3.6251116,9.819653,0.74982023,3.6251116,9.819653
29944493552816,0.16318607,3.599841,11.352701,0.16318607,3.599841,11.352701
29944501426351,-0.49880362,3.3743384,12.6801815,-0.49880362,3.3743384,12.6801815
29944509299886,-1.0612078,3.0156565,13.929859,-1.0612078,3.0156565,13.929859
29944517203939,-1.539094,2.6565337,14.825767,-1.539094,2.6565337,14.825767
29944525077474,-1.9326024,2.2704306,15.295489,-1.9326024,2.2704306,15.295489
29944532951010,-2.302177,1.8171226,15.348793,-2.302177,1.8171226,15.348793
29944540916097,-2.518968,1.3235765,14.952424,-2.518968,1.3235765,14.952424
29944548820150,-2.5267234,0.80044985,14.08603,-2.5267234,0.80044985,14.08603
29944556693685,-2.333609,0.26295805,12.865332,-2.333609,0.26295805,12.865332
29944564628256,-2.0154185,-0.20458388,11.516007,-2.0154185,-0.20458388,11.516007
29944572501791,-1.6625323,-0.64228225,10.272478,-1.6625323,-0.64228225,10.272478
29944580466879,-1.2832165,-1.1512765,9.031856,-1.2832165,-1.1512765,9.031856
29944588370931,-1.1618481,-1.7205222,8.013712,-1.1618481,-1.7205222,8.013712
29944596244467,-1.0312252,-2.4210002,7.174349,-1.0312252,-2.4210002,7.174349
29944604118002,-0.7989917,-3.1166933,6.658263,-0.7989917,-3.1166933,6.658263
29944612052572,-0.51617193,-3.7680817,6.1859484,-0.51617193,-3.7680817,6.1859484
29944619926107,-0.23441362,-4.480696,5.5526104,-0.23441362,-4.480696,5.5526104
29944627830160,0.047141552,-5.191292,4.7204213,0.047141552,-5.191292,4.7204213
29944635703695,0.27952766,-5.872793,3.6324124,0.27952766,-5.872793,3.6324124
29944643638265,0.5450673,-6.416046,2.2454185,0.5450673,-6.416046,2.2454185
29944651542318,0.7274749,-6.6846423,0.8291378,0.7274749,-6.6846423,0.8291378
29944659507406,0.7807269,-6.7513733,-0.47840548,0.7807269,-6.7513733,-0.47840548
29944667441976,0.85580206,-6.814806,-1.829278,0.85580206,-6.814806,-1.829278
29944675315511,0.9481609,-6.891673,-3.2374234,0.9481609,-6.891673,-3.2374234
29944683250082,1.136841,-6.9286127,-4.5615177,1.136841,-6.9286127,-4.5615177
29944691123617,1.4793918,-6.9338317,-5.6186852,1.4793918,-6.9338317,-5.6186852
29944698997152,1.9555929,-6.961376,-6.38913,1.9555929,-6.961376,-6.38913
29944706901205,2.5090098,-6.965098,-6.999034,2.5090098,-6.965098,-6.999034
29944714774740,3.0361705,-6.8629317,-7.3295007,3.0361705,-6.8629317,-7.3295007
29944722678793,3.5701094,-6.617585,-7.46394,3.5701094,-6.617585,-7.46394
29944730582845,3.9161904,-6.386467,-7.4175854,3.9161904,-6.386467,-7.4175854
29944738547933,4.129344,-6.210598,-7.2745557,4.129344,-6.210598,-7.2745557
29944746451986,4.2530994,-6.080233,-7.240412,4.2530994,-6.080233,-7.240412
29944754325521,4.316296,-5.8929367,-7.336007,4.316296,-5.8929367,-7.336007
29944762260092,4.346555,-5.698074,-7.4635296,4.346555,-5.698074,-7.4635296
29944770133627,4.4787574,-5.5395374,-7.613886,4.4787574,-5.5395374,-7.613886
29944778098715,4.6767745,-5.4084897,-7.6805964,4.6767745,-5.4084897,-7.6805964
29944785972250,4.749618,-5.2238874,-7.6818027,4.749618,-5.2238874,-7.6818027
29944793876303,4.6640534,-4.9749045,-7.6255093,4.6640534,-4.9749045,-7.6255093
29944801719320,4.5953236,-4.7189207,-7.384514,4.5953236,-4.7189207,-7.384514
29944809623373,4.5315824,-4.408888,-7.04485,4.5315824,-4.408888,-7.04485
29944817557943,4.4223914,-4.05801,-6.6587696,4.4223914,-4.05801,-6.6587696
29944825431478,4.267559,-3.7160654,-6.1362543,4.267559,-3.7160654,-6.1362543
29944833305013,4.146722,-3.3793344,-5.5981746,4.146722,-3.3793344,-5.5981746
29944841270101,3.8928218,-3.0285494,-4.9508924,3.8928218,-3.0285494,-4.9508924
29944849143636,3.6262593,-2.7471085,-4.321139,3.6262593,-2.7471085,-4.321139
29944857108724,3.2067037,-2.419622,-3.646367,3.2067037,-2.419622,-3.646367
29944864982260,2.6271944,-2.10495,-2.9895031,2.6271944,-2.10495,-2.9895031
29944872886312,1.9207273,-1.7719436,-2.3232856,1.9207273,-1.7719436,-2.3232856
29944880820883,1.3198016,-1.4804077,-1.6392245,1.3198016,-1.4804077,-1.6392245
29944888694418,0.9857447,-1.216177,-1.0742722,0.9857447,-1.216177,-1.0742722
29944896567953,0.88480043,-0.9447651,-0.77069044,0.88480043,-0.9447651,-0.77069044
29944904472006,0.9327557,-0.6770015,-0.69784784,0.9327557,-0.6770015,-0.69784784
29944912345541,1.0944741,-0.5161443,-0.7737422,1.0944741,-0.5161443,-0.7737422
29944920280111,1.3338988,-0.43110704,-0.99108505,1.3338988,-0.43110704,-0.99108505
29944928184164,1.6579366,-0.41373348,-1.1726818,1.6579366,-0.41373348,-1.1726818
29944936149252,1.8937494,-0.39830875,-1.3176041,1.8937494,-0.39830875,-1.3176041
29944943992269,1.9963784,-0.2999072,-1.3358297,1.9963784,-0.2999072,-1.3358297
29944951896322,1.9876444,-0.14908028,-1.2925034,1.9876444,-0.14908028,-1.2925034
29944959830892,1.8300941,-0.03398037,-1.1349411,1.8300941,-0.03398037,-1.1349411
29944967704428,1.5982363,0.06942797,-0.94689465,1.5982363,0.06942797,-0.94689465
29944975700033,1.3554211,0.2230568,-0.7297201,1.3554211,0.2230568,-0.7297201
29944983573568,1.1784363,0.38041973,-0.5420432,1.1784363,0.38041973,-0.5420432
29944991477621,1.0111926,0.48769808,-0.43827343,1.0111926,0.48769808,-0.43827343
29944999412191,0.83933187,0.58782434,-0.33920717,0.83933187,0.58782434,-0.33920717
29945007285726,0.8030522,0.6438165,-0.29456902,0.8030522,0.6438165,-0.29456902
29945015220297,0.9308388,0.6625242,-0.25144196,0.9308388,0.6625242,-0.25144196
29945023063314,1.0770676,0.6632786,-0.25764656,1.0770676,0.6632786,-0.25764656
29945030967367,1.1357133,0.6296458,-0.3484044,1.1357133,0.6296458,-0.3484044
29945038962972,1.0879681,0.59337044,-0.46195316,1.0879681,0.59337044,-0.46195316
29945046836508,1.0434024,0.555274,-0.5253701,1.0434024,0.555274,-0.5253701
29945054771078,1.012989,0.4918909,-0.47518015,1.012989,0.4918909,-0.47518015
29945062644613,0.9397397,0.44671106,-0.3402915,0.9397397,0.44671106,-0.3402915
29945070518148,0.8380668,0.3784833,-0.15834904,0.8380668,0.3784833,-0.15834904
29945078422201,0.6555319,0.30362225,-0.1573205,0.6555319,0.30362225,-0.1573205
29945086265219,0.4815836,0.22511673,-0.31314945,0.4815836,0.22511673,-0.31314945
29945094169271,0.3315332,0.12791634,-0.41545916,0.3315332,0.12791634,-0.41545916
29945102042806,0.23575068,0.023396969,-0.4497962,0.23575068,0.023396969,-0.4497962
29945109885824,0.15809035,-0.08649254,-0.468565,0.15809035,-0.08649254,-0.468565
29945117881429,0.041204214,-0.19682932,-0.46954775,0.041204214,-0.19682932,-0.46954775
29945125754965,-0.14134645,-0.25291967,-0.35424852,-0.14134645,-0.25291967,-0.35424852
29945133720053,-0.36622453,-0.27183867,-0.1830082,-0.36622453,-0.27183867,-0.1830082
29945141593588,-0.59194636,-0.33327103,-0.02684784,-0.59194636,-0.33327103,-0.02684784
29945149467123,-0.90336275,-0.43506527,0.029167652,-0.90336275,-0.43506527,0.029167652
29945157401693,-1.3643711,-0.4860201,0.0020418167,-1.3643711,-0.4860201,0.0020418167
29945165336263,-2.0873837,-0.56209135,0.05633688,-2.0873837,-0.56209135,0.05633688
29945173209799,-2.9840016,-0.7033038,0.24151325,-2.9840016,-0.7033038,0.24151325
29945181083334,-3.8836217,-0.851717,0.51201725,-3.8836217,-0.851717,0.51201725
29945188987386,-4.6940837,-1.0307298,0.78671074,-4.6940837,-1.0307298,0.78671074
29945196830404,-5.443269,-1.1232476,1.0866351,-5.443269,-1.1232476,1.0866351
29945204734457,-5.927447,-1.0356994,1.5241356,-5.927447,-1.0356994,1.5241356
29945212669027,-6.2230015,-0.8938618,1.9126124,-6.2230015,-0.8938618,1.9126124
29945220542562,-6.4451013,-0.83549356,2.2534466,-6.4451013,-0.83549356,2.2534466
29945228416097,-6.6463585,-0.88090086,2.4475102,-6.6463585,-0.88090086,2.4475102
29945236350668,-6.856996,-0.95932627,2.3698812,-6.856996,-0.95932627,2.3698812
29945244193685,-7.171718,-1.0588717,2.1873693,-7.171718,-1.0588717,2.1873693
29945252189291,-7.463808,-1.063261,2.0394988,-7.463808,-1.063261,2.0394988
29945260093344,-7.5264235,-0.80259943,1.8253608,-7.5264235,-0.80259943,1.8253608
29945267966879,-7.652705,-0.5541005,1.6225948,-7.652705,-0.5541005,1.6225948
29945275901449,-7.957915,-0.48545027,1.740458,-7.957915,-0.48545027,1.740458
29945283836019,-8.18631,-0.60350704,1.8773575,-8.18631,-0.60350704,1.8773575
29945291709554,-8.087046,-0.8801403,1.6231203,-8.087046,-0.8801403,1.6231203
29945299583090,-7.667106,-1.2560506,1.2039523,-7.667106,-1.2560506,1.2039523
29945307426107,-7.0282683,-1.5697803,0.9188218,-7.0282683,-1.5697803,0.9188218
29945315452230,-6.08108,-1.7008686,0.6709852,-6.08108,-1.7008686,0.6709852
29945323386801,-5.000177,-1.6743097,0.33751345,-5.000177,-1.6743097,0.33751345
29945331321371,-4.010433,-1.483315,0.03967476,-4.010433,-1.483315,0.03967476
29945339164388,-3.2934952,-1.2143402,-0.24895668,-3.2934952,-1.2143402,-0.24895668
29945347068441,-2.8232727,-1.0794249,-0.37698507,-2.8232727,-1.0794249,-0.37698507
29945355003011,-2.3491564,-1.2217045,-0.3563347,-2.3491564,-1.2217045,-0.3563347
29945362876547,-1.7479396,-1.3762021,-0.31416845,-1.7479396,-1.3762021,-0.31416845
29945370780599,-1.0916715,-1.4361072,-0.4291525,-1.0916715,-1.4361072,-0.4291525
29945378654135,-0.5138831,-1.4424305,-0.5733366,-0.5138831,-1.4424305,-0.5733366
29945386527670,0.13634014,-1.5382681,-0.6779213,0.13634014,-1.5382681,-0.6779213
29945394462240,0.8024485,-1.7692099,-0.60970354,0.8024485,-1.7692099,-0.60970354
29945402366293,1.548639,-1.9391861,-0.3199873,1.548639,-1.9391861,-0.3199873
29945410300863,2.2557507,-2.107699,-0.009923458,2.2557507,-2.107699,-0.009923458
29945418174398,2.933979,-2.3402643,0.35173607,2.933979,-2.3402643,0.35173607
29945426170004,3.6510534,-2.5670424,0.7722235,3.6510534,-2.5670424,0.7722235
29945434104574,4.4624643,-2.6314354,1.0391397,4.4624643,-2.6314354,1.0391397
29945442039144,5.2630644,-2.5807452,1.2067928,5.2630644,-2.5807452,1.2067928
29945449912679,5.711759,-2.5118833,1.3052278,5.711759,-2.5118833,1.3052278
29945457786215,5.868027,-2.5354128,1.2829595,5.868027,-2.5354128,1.2829595
29945465659750,6.0294538,-2.6550741,1.0894966,6.0294538,-2.6550741,1.0894966
29945473563803,6.2726398,-2.8122368,0.74334145,6.2726398,-2.8122368,0.74334145
29945481437338,6.573272,-2.9573517,0.46587515,6.573272,-2.9573517,0.46587515
29945489402426,6.9902716,-3.129581,0.386899,6.9902716,-3.129581,0.386899
29945497245443,7.3807383,-3.3749928,0.38812637,7.3807383,-3.3749928,0.38812637
29945505149496,7.698211,-3.6251054,0.77146006,7.698211,-3.6251054,0.77146006
29945513084066,8.102221,-3.754878,1.5936861,8.102221,-3.754878,1.5936861
29945521049154,8.597651,-3.6751165,2.6840172,8.597651,-3.6751165,2.6840172
29945528983724,8.815777,-3.5677242,3.9097018,8.815777,-3.5677242,3.9097018
29945536857260,8.760881,-3.4505277,4.912321,8.760881,-3.4505277,4.912321
29945544730795,8.744096,-3.3240643,5.7190595,8.744096,-3.3240643,5.7190595
29945552604330,8.834066,-3.1300564,5.931917,8.834066,-3.1300564,5.931917
29945560477865,8.912512,-2.904221,5.6339073,8.912512,-2.904221,5.6339073
29945568351400,8.786902,-2.6520677,4.8918447,8.786902,-2.6520677,4.8918447
29945576255453,8.267179,-2.4463081,3.9538407,8.267179,-2.4463081,3.9538407
29945584128988,7.458457,-2.2250886,3.0147343,7.458457,-2.2250886,3.0147343
29945592063558,6.844225,-1.9409785,2.341117,6.844225,-1.9409785,2.341117
29945599937094,6.4459934,-1.6285286,1.8516192,6.4459934,-1.6285286,1.8516192
29945607902181,5.8938856,-1.3559527,1.5062027,5.8938856,-1.3559527,1.5062027
29945615806234,5.19492,-1.2227426,1.5521259,5.19492,-1.2227426,1.5521259
29945623801840,4.686583,-1.0739522,1.8580303,4.686583,-1.0739522,1.8580303
29945631736410,4.462175,-0.9130559,2.173799,4.462175,-0.9130559,2.173799
29945639609945,4.295311,-0.86614084,2.4271636,4.295311,-0.86614084,2.4271636
29945647483480,4.2432523,-0.8859515,2.5281568,4.2432523,-0.8859515,2.5281568
29945655387533,4.2320976,-0.82225513,2.4346304,4.2320976,-0.82225513,2.4346304
29945663261068,4.0745335,-0.68000984,2.2617698,4.0745335,-0.68000984,2.2617698
29945671134603,3.7822409,-0.5067754,2.0353312,3.7822409,-0.5067754,2.0353312
29945679008138,3.5042672,-0.3835535,1.8574505,3.5042672,-0.3835535,1.8574505
29945686973226,3.2923884,-0.32217693,1.7924151,3.2923884,-0.32217693,1.7924151
29945694846761,2.982718,-0.21748304,1.6992211,2.982718,-0.21748304,1.6992211
29945702720297,2.5052652,-0.07922125,1.5395727,2.5052652,-0.07922125,1.5395727
29945710715902,2.0060437,0.12144327,1.3659501,2.0060437,0.12144327,1.3659501
29945718650472,1.592356,0.22433043,1.2330785,1.592356,0.22433043,1.2330785
29945726646078,1.2660456,0.30621767,1.0928097,1.2660456,0.30621767,1.0928097
29945734550131,1.076413,0.34119892,1.0355778,1.076413,0.34119892,1.0355778
29945742423666,0.8866586,0.36990547,1.0709834,0.8866586,0.36990547,1.0709834
29945750297201,0.7437547,0.34420538,1.0387774,0.7437547,0.34420538,1.0387774
29945758170736,0.72914577,0.27372503,0.8862462,0.72914577,0.27372503,0.8862462
29945766105306,0.7426406,0.1855092,0.64146805,0.7426406,0.1855092,0.64146805
29945773978842,0.5765787,0.13053465,0.5504112,0.5765787,0.13053465,0.5504112
29945781852377,0.35489276,0.12962341,0.6689429,0.35489276,0.12962341,0.6689429
29945789817465,0.27925214,0.107628345,0.7705097,0.27925214,0.107628345,0.7705097
29945797721517,0.2215243,0.11927748,0.73813725,0.2215243,0.11927748,0.73813725
29945805656088,0.11243263,0.117173195,0.6335664,0.11243263,0.117173195,0.6335664
29945813529623,0.043872893,0.06999254,0.54069424,0.043872893,0.06999254,0.54069424
29945821433676,0.011260524,-4.2152405E-4,0.48556042,0.011260524,-4.2152405E-4,0.48556042
29945829429281,-0.018835783,-0.03918743,0.4204545,-0.018835783,-0.03918743,0.4204545
29945837302816,-0.051334605,-0.069662094,0.351974,-0.051334605,-0.069662094,0.351974
29945845176351,-0.12212138,-0.075106144,0.25379896,-0.12212138,-0.075106144,0.25379896
29945853049886,-0.21490066,-0.13484621,0.030458927,-0.21490066,-0.13484621,0.030458927
29945860953939,-0.2055407,-0.20979548,-0.21107674,-0.2055407,-0.20979548,-0.21107674
29945868888510,-0.22601415,-0.31136942,-0.41151285,-0.22601415,-0.31136942,-0.41151285
29945876762045,-0.26024142,-0.40365458,-0.56128407,-0.26024142,-0.40365458,-0.56128407
29945884757650,-0.31411022,-0.56083107,-0.7610097,-0.31411022,-0.56083107,-0.7610097
29945892600668,-0.30467868,-0.70396185,-1.0058365,-0.30467868,-0.70396185,-1.0058365
29945900504720,-0.22415757,-0.8514104,-1.2223234,-0.22415757,-0.8514104,-1.2223234
29945908439291,-0.17095338,-1.0202374,-1.5633974,-0.17095338,-1.0202374,-1.5633974
29945916373861,-0.16174072,-1.2501845,-1.9725761,-0.16174072,-1.2501845,-1.9725761
29945924247396,0.016692486,-1.4708695,-2.3047953,0.016692486,-1.4708695,-2.3047953
29945932120931,0.32890886,-1.6719389,-2.4746609,0.32890886,-1.6719389,-2.4746609
29945939963949,0.4069646,-1.8867927,-2.4631634,0.4069646,-1.8867927,-2.4631634
29945947868002,0.17973901,-2.1162205,-2.31501,0.17973901,-2.1162205,-2.31501
29945955741537,-0.21740311,-2.336968,-2.0773907,-0.21740311,-2.336968,-2.0773907
29945963676107,-0.57348,-2.531076,-1.8089428,-0.57348,-2.531076,-1.8089428
29945971549642,-0.8710946,-2.7381191,-1.66398,-0.8710946,-2.7381191,-1.66398
29945979484213,-1.1075056,-3.0134654,-1.5991058,-1.1075056,-3.0134654,-1.5991058
29945987418783,-1.2728406,-3.3596337,-1.6070228,-1.2728406,-3.3596337,-1.6070228
29945995292318,-1.3808295,-3.7737105,-1.5925164,-1.3808295,-3.7737105,-1.5925164
29946003257406,-1.3991961,-4.221486,-1.5802455,-1.3991961,-4.221486,-1.5802455
29946011161459,-1.2531205,-4.688531,-1.6684232,-1.2531205,-4.688531,-1.6684232
29946019034994,-0.9189587,-5.128485,-2.0493226,-0.9189587,-5.128485,-2.0493226
29946026939047,-0.43792206,-5.5367775,-2.7010226,-0.43792206,-5.5367775,-2.7010226
29946034812582,0.0958917,-5.8384743,-3.4636471,0.0958917,-5.8384743,-3.4636471
29946042686117,0.6941143,-6.1065116,-4.2058907,0.6941143,-6.1065116,-4.2058907
29946050590170,1.1886401,-6.325709,-4.9183073,1.1886401,-6.325709,-4.9183073
29946058463705,1.5935719,-6.444298,-5.5216646,1.5935719,-6.444298,-5.5216646
29946066398275,2.1396396,-6.4796104,-6.054375,2.1396396,-6.4796104,-6.054375
29946074271810,2.682442,-6.4196424,-6.423661,2.682442,-6.4196424,-6.423661
29946082236898,2.9848642,-6.3893423,-6.599094,2.9848642,-6.3893423,-6.599094
29946090140951,2.9279687,-6.384401,-6.5713305,2.9279687,-6.384401,-6.5713305
29946098045004,2.5449266,-6.376546,-6.419412,2.5449266,-6.376546,-6.419412
29946105979574,1.9025362,-6.2851343,-6.3150153,1.9025362,-6.2851343,-6.3150153
29946113914144,1.03044,-6.1098757,-6.3179355,1.03044,-6.1098757,-6.3179355
29946121818197,0.24615431,-5.852403,-6.3757024,0.24615431,-5.852403,-6.3757024
29946129661215,-0.58880293,-5.608411,-6.470939,-0.58880293,-5.608411,-6.470939
29946137565267,-1.3609328,-5.3522015,-6.7055807,-1.3609328,-5.3522015,-6.7055807
29946145560873,-1.8267351,-4.9785995,-7.119918,-1.8267351,-4.9785995,-7.119918
29946153434408,-1.7992928,-4.5077133,-7.7222524,-1.7992928,-4.5077133,-7.7222524
29946161399496,-1.4460909,-3.9940155,-8.266428,-1.4460909,-3.9940155,-8.266428
29946169273031,-0.9804985,-3.4668934,-8.612497,-0.9804985,-3.4668934,-8.612497
29946177146566,-0.6898332,-3.0171418,-8.639999,-0.6898332,-3.0171418,-8.639999
29946185081136,-0.85161537,-2.6299467,-8.364906,-0.85161537,-2.6299467,-8.364906
29946192924154,-1.36659,-2.2617497,-7.9391775,-1.36659,-2.2617497,-7.9391775
29946200889242,-2.075542,-1.9121027,-7.267785,-2.075542,-1.9121027,-7.267785
29946208793295,-2.9262269,-1.5514812,-6.434566,-2.9262269,-1.5514812,-6.434566
29946216727865,-3.6246688,-1.2455664,-5.6969295,-3.6246688,-1.2455664,-5.6969295
29946224601400,-4.169057,-0.95399714,-4.7484465,-4.169057,-0.95399714,-4.7484465
29946232505453,-4.4065213,-0.7209034,-3.5344,-4.4065213,-0.7209034,-3.5344
29946240470541,-4.5988874,-0.4854169,-1.6854067,-4.5988874,-0.4854169,-1.6854067
29946248313558,-4.804686,-0.36161137,1.0548038,-4.804686,-0.36161137,1.0548038
29946256248129,-4.915085,-0.25227213,4.726638,-4.915085,-0.25227213,4.726638
29946264213217,-4.60568,0.0391922,8.849574,-4.60568,0.0391922,8.849574
29946272086752,-4.135377,0.45461988,11.957112,-4.135377,0.45461988,11.957112
29946280051840,-3.8896294,0.74450827,13.069312,-3.8896294,0.74450827,13.069312
29946287925375,-3.7863073,0.6521859,12.542478,-3.7863073,0.6521859,12.542478
29946295798910,-2.5931304,1.3278205,13.205966,-2.5931304,1.3278205,13.205966
29946303702963,-1.9690864,1.9156053,12.166218,-1.9690864,1.9156053,12.166218
29946311668051,-1.2021334,2.579153,10.719685,-1.2021334,2.579153,10.719685
29946319602621,-0.79059684,3.0900004,9.798191,-0.79059684,3.0900004,9.798191
29946327476156,-0.75287104,3.2886744,9.221848,-0.75287104,3.2886744,9.221848
29946335410726,-0.8439851,3.0369897,8.313129,-0.8439851,3.0369897,8.313129
29946343375814,-1.3454127,2.414942,7.3643436,-1.3454127,2.414942,7.3643436
29946351249349,-1.3079741,2.5486147,6.871928,-1.3079741,2.5486147,6.871928
29946359214437,-0.19807184,3.6675124,5.3399916,-0.19807184,3.6675124,5.3399916
29946367087972,0.5383091,4.3743267,2.5186539,0.5383091,4.3743267,2.5186539
29946374961508,0.18722266,4.231555,0.8669472,0.18722266,4.231555,0.8669472
29946382865560,-0.5868354,3.802815,1.1824131,-0.5868354,3.802815,1.1824131
29946390800131,-1.0865839,3.6358447,3.513198,-1.0865839,3.6358447,3.513198
29946398643148,-1.2892413,3.719603,6.163376,-1.2892413,3.719603,6.163376
29946406547201,-1.2669656,3.749896,7.4874926,-1.2669656,3.749896,7.4874926
29946414451254,-0.9428233,3.5809052,7.999195,-0.9428233,3.5809052,7.999195
29946422477377,-0.57230854,3.227944,7.9967613,-0.57230854,3.227944,7.9967613
29946430350912,-0.18943495,2.895045,7.4131546,-0.18943495,2.895045,7.4131546
29946438285482,0.426659,2.6948068,6.318986,0.426659,2.6948068,6.318986
29946446159017,0.6447038,2.368311,5.343622,0.6447038,2.368311,5.343622
29946454032553,0.67632973,2.0702486,4.8554077,0.67632973,2.0702486,4.8554077
29946461997640,0.6541406,1.8683662,4.7622232,0.6541406,1.8683662,4.7622232
29946469871176,0.7302151,1.707643,4.6120625,0.7302151,1.707643,4.6120625
29946477744711,0.77922076,1.5782626,4.304205,0.77922076,1.5782626,4.304205
29946485618246,0.68600297,1.4923058,3.9820175,0.68600297,1.4923058,3.9820175
29946493522299,0.38633552,1.4638352,3.7795534,0.38633552,1.4638352,3.7795534
29946501456869,-0.03658095,1.4763477,3.4573212,-0.03658095,1.4763477,3.4573212
29946509330404,-0.3332316,1.4871893,2.9624977,-0.3332316,1.4871893,2.9624977
29946517295492,-0.53815895,1.4670501,2.3669825,-0.53815895,1.4670501,2.3669825
29946525169027,-0.7288023,1.449938,1.86936,-0.7288023,1.449938,1.86936
29946533042562,-0.8408268,1.4297822,1.4311419,-0.8408268,1.4297822,1.4311419
29946541038168,-0.8515419,1.3663204,0.996645,-0.8515419,1.3663204,0.996645
29946548911703,-0.8604193,1.2972784,0.61335754,-0.8604193,1.2972784,0.61335754
29946556846273,-0.83393604,1.1998653,0.21396351,-0.83393604,1.1998653,0.21396351
29946564719808,-0.75738144,1.1067958,-0.0917902,-0.75738144,1.1067958,-0.0917902
29946572593344,-0.62431365,1.0027144,-0.39044094,-0.62431365,1.0027144,-0.39044094
29946580497396,-0.6118047,0.9555857,-0.58888054,-0.6118047,0.9555857,-0.58888054
29946588370931,-0.70526874,0.9158273,-0.7256241,-0.70526874,0.9158273,-0.7256241
29946596305502,-0.69491214,0.88881946,-0.7266388,-0.69491214,0.88881946,-0.7266388
29946604148519,-0.6221995,0.81205297,-0.71399117,-0.6221995,0.81205297,-0.71399117
29946612022054,-0.54467666,0.70216227,-0.66611767,-0.54467666,0.70216227,-0.66611767
29946619987142,-0.51336,0.59001184,-0.6500044,-0.51336,0.59001184,-0.6500044
29946627860678,-0.50024027,0.4945085,-0.60334873,-0.50024027,0.4945085,-0.60334873
29946635795248,-0.53446054,0.44409204,-0.48777294,-0.53446054,0.44409204,-0.48777294
29946643699301,-0.5466315,0.4167781,-0.37499428,-0.5466315,0.4167781,-0.37499428
29946651572836,-0.5108135,0.354285,-0.2552204,-0.5108135,0.354285,-0.2552204
29946659537924,-0.5072869,0.3179822,-0.21681786,-0.5072869,0.3179822,-0.21681786
29946667441976,-0.49839795,0.2597022,-0.075359344,-0.49839795,0.2597022,-0.075359344
29946675315511,-0.39781564,0.21732736,0.08547115,-0.39781564,0.21732736,0.08547115
29946683158529,-0.26966938,0.1712935,0.17001438,-0.26966938,0.1712935,0.17001438
29946691093099,-0.17595889,0.13791156,0.26458454,-0.17595889,0.13791156,0.26458454
29946699027670,-0.13752939,0.12381768,0.20173454,-0.13752939,0.12381768,0.20173454
29946706901205,-0.11179032,0.08612132,0.070002556,-0.11179032,0.08612132,0.070002556
29946714866293,-0.011131087,0.045918465,-0.11724949,-0.011131087,0.045918465,-0.11724949
29946722739828,0.11744755,0.026574135,-0.3073206,0.11744755,0.026574135,-0.3073206
29946730613363,0.22769906,0.007619381,-0.48135185,0.22769906,0.007619381,-0.48135185
29946738608969,0.25518483,0.017724752,-0.4813223,0.25518483,0.017724752,-0.4813223
29946746482504,0.10025522,0.015881062,-0.35264587,0.10025522,0.015881062,-0.35264587
29946754356039,-0.11493662,0.010859489,-0.25551987,-0.11493662,0.010859489,-0.25551987
29946762260092,-0.23128286,0.0021233559,-0.25923443,-0.23128286,0.0021233559,-0.25923443
29946770133627,-0.26296002,0.0038883686,-0.22249508,-0.26296002,0.0038883686,-0.22249508
29946778007162,-0.38978204,-0.005658388,-0.11889744,-0.38978204,-0.005658388,-0.11889744
29946785880697,-0.49978253,-0.010060787,-0.068076134,-0.49978253,-0.010060787,-0.068076134
29946793815267,-0.49992502,-0.021608114,-0.03642273,-0.49992502,-0.021608114,-0.03642273
29946801688803,-0.40955496,-0.052249193,-0.14604855,-0.40955496,-0.052249193,-0.14604855
29946809562338,-0.25743088,-0.10356641,-0.22957516,-0.25743088,-0.10356641,-0.22957516
29946817496908,-0.12173582,-0.12523174,-0.20081615,-0.12173582,-0.12523174,-0.20081615
29946825370443,-0.057997104,-0.11552763,-0.1218338,-0.057997104,-0.11552763,-0.1218338
29946833335531,-0.09046057,-0.08014727,-0.011540413,-0.09046057,-0.08014727,-0.011540413
29946841270101,-0.17012236,-0.055858135,0.05367279,-0.17012236,-0.055858135,0.05367279
29946849143636,-0.33743554,-0.047802925,0.023618698,-0.33743554,-0.047802925,0.023618698
29946857078207,-0.5141827,-0.026998043,-0.05627632,-0.5141827,-0.026998043,-0.05627632
29946865012777,-0.583379,0.016483068,-0.14061832,-0.583379,0.016483068,-0.14061832
29946872886312,-0.5913427,0.023463488,-0.35408306,-0.5913427,0.023463488,-0.35408306
29946880759847,-0.57080644,-0.026885033,-0.555603,-0.57080644,-0.026885033,-0.555603
29946888633383,-0.48061833,-0.07146573,-0.687953,-0.48061833,-0.07146573,-0.687953
29946896567953,-0.42773357,-0.15100336,-0.68647957,-0.42773357,-0.15100336,-0.68647957
29946904441488,-0.5094658,-0.23222756,-0.46491814,-0.5094658,-0.23222756,-0.46491814
29946912406576,-0.752684,-0.26781178,0.031954765,-0.752684,-0.26781178,0.031954765
29946920310629,-0.98937076,-0.19310403,0.6013193,-0.98937076,-0.19310403,0.6013193
29946928184164,-1.1255378,-0.1723094,1.249897,-1.1255378,-0.1723094,1.249897
29946936118734,-1.1735339,-0.24315667,1.8801651,-1.1735339,-0.24315667,1.8801651
29946943961752,-0.6522829,-0.43146253,1.4488926,-0.6522829,-0.43146253,1.4488926
29946951957357,-0.14921686,-0.55216503,-0.0878849,-0.14921686,-0.55216503,-0.0878849
29946959830892,0.0111525655,-0.47143364,-3.601275,0.0111525655,-0.47143364,-3.601275
29946967734945,0.7106379,0.670913,-6.6687155,0.7106379,0.670913,-6.6687155
29946975669515,0.6739056,1.055872,-3.7413673,0.6739056,1.055872,-3.7413673
29946983543051,1.1196597,1.212229,-2.439433,1.1196597,1.212229,-2.439433
29946991477621,-0.041571707,0.38774943,0.5891247,-0.041571707,0.38774943,0.5891247
29946999351156,-0.7701059,-0.05603504,2.0974998,-0.7701059,-0.05603504,2.0974998
29947007316244,-0.9779364,-0.13760948,2.5089693,-0.9779364,-0.13760948,2.5089693
29947015250814,-0.4698642,-0.24846745,1.694108,-0.4698642,-0.24846745,1.694108
29947023185385,0.4543457,-0.2628932,0.6113882,0.4543457,-0.2628932,0.6113882
29947031119955,0.96154237,-0.09643793,-0.607357,0.96154237,-0.09643793,-0.607357
29947039024008,1.3124986,0.0024383068,-1.4568777,1.3124986,0.0024383068,-1.4568777
29947046897543,1.5294733,-0.031833887,-1.8090334,1.5294733,-0.031833887,-1.8090334
29947054740560,1.3786414,-0.081346035,-1.7285337,1.3786414,-0.081346035,-1.7285337
