46906780374329,-4.6537817E-4,-0.020402908,-0.0013841391
46906788278382,0.0026484132,0.06610489,0.003377378
46906796151917,-6.337613E-4,-0.026501656,-0.0013998151
46906804055970,1.0943413E-4,0.005947113,3.1930208E-4
46906811929505,8.007735E-4,0.038751602,0.002246797
46906819833558,0.0011049211,0.034187317,0.0018852949
46906827707093,0.002190709,0.08222103,0.0039045513
46906835672181,0.0011517107,0.07530594,0.0037243962
46906843545716,-3.2261014E-6,-0.0055656433,-3.2615662E-4
46906851419251,-0.0021092594,-0.08590984,-0.0042102337
46906859353822,-0.0044190586,-0.112015724,-0.006101668
46906867227357,1.2767315E-4,0.0023918152,1.3178587E-4
46906875161927,0.0041897893,0.07645702,0.0038958788
46906883035462,-0.0012217164,-0.02737236,-0.0015532374
46906890939515,-0.002473563,-0.0637064,-0.0043180585
46906898813050,3.3003092E-4,0.010369301,7.362366E-4
46906906717103,-9.056628E-4,-0.03972149,-0.0034366846
46906914560120,-0.0018488318,-0.1278677,-0.0133497715
46906922464173,-0.0049529374,-0.13161564,-0.014061093
46906930337708,-0.0030794442,-0.06057453,-0.0069305897
46906938302796,-0.003299296,-0.062434196,-0.0073176622
46906946176331,4.400015E-4,0.008853912,0.0010858774
46906954141419,0.004327774,0.10766506,0.012821674
46906961984437,-1.706481E-4,-0.0031957626,-4.0185452E-4
46906969888490,-0.0034861267,-0.099453926,-0.011885285
46906977853577,-0.0014861524,-0.043730736,-0.0049455166
46906985727113,0.001729846,0.03924179,0.004311681
46906993600648,0.0054881573,0.111208916,0.011177123
46907001474183,0.0050825477,0.11600113,0.010760307
46907009378236,0.006195456,0.1416235,0.011422932
46907017251771,0.007427573,0.15719795,0.013084948
46907025125306,0.003776729,0.12763786,0.008741677
46907033090394,0.003568858,0.12606907,0.0104679465
46907040994447,0.005581528,0.12581444,0.008138299
46907048867982,0.006754905,0.21700573,0.009200782
46907056833070,-3.1039957E-4,0.3085699,0.009345114
46907064706605,0.0034020618,0.3269596,0.020889938
46907072732728,0.009647459,0.20503044,0.013725519
46907080606263,-2.7397275E-4,-0.010270119,-3.3292174E-4
46907088479798,-6.431341E-4,-0.029550552,-0.0018309355
46907096383851,0.005252421,0.10103798,0.0069574118
46907104257386,0.022446334,0.33059978,0.024009228
46907112161439,0.011435032,0.19219494,0.017632127
46907120004456,0.008288443,0.13687325,0.0141432285
46907127908509,0.0032045841,0.08277798,0.0083245635
46907135812562,0.003902644,0.10627842,0.009867251
46907143716615,0.021360219,0.27340984,0.030337095
46907151712220,0.07308984,0.47237206,0.053506255
46907159555238,0.14257812,0.65632915,0.07955253
46907167459290,0.1422894,0.58862495,0.099981904
46907175393861,0.10532141,0.424819,0.09092903
46907183267396,0.099653244,0.37129307,0.09084654
46907191171449,0.095486164,0.33838558,0.09857631
46907199044984,0.027047873,0.09828949,0.031018496
46907206918519,-0.0052695274,-0.018107414,-0.0071942806
46907214792054,0.032151937,0.09436607,0.043964386
46907222696107,0.194808,0.5078039,0.2641945
46907230630677,0.32397413,0.8389683,0.441123
46907238473695,0.3347237,0.9327526,0.52170324
46907246377747,0.2523036,0.80181694,0.47816277
46907254342835,0.15968943,0.5928297,0.3839202
46907262216370,0.073323965,0.35510826,0.23913527
46907270211976,0.04267764,0.2176485,0.13795185
46907278116029,0.06448007,0.24405766,0.12262821
46907285959046,0.3508575,1.1790609,0.4240594
46907293863099,0.7828779,2.8068523,0.6504464
46907301736634,1.1375804,4.6665325,0.54704523
46907309610169,1.1064284,6.478037,0.30184045
46907317483704,0.64258623,8.44908,-0.079907134
46907325387757,-0.34042525,9.536746,-0.6217527
46907333261292,-1.4722329,9.692994,-0.79006463
46907341134827,-2.9824114,9.344329,-0.89016277
46907349130433,-5.357536,9.086571,-0.7378564
46907357003968,-6.9586124,8.752321,-1.2793905
46907364877503,-9.746157,8.564266,-1.2679694
46907372842591,-10.990438,8.068659,-0.68689746
46907380746644,-11.889586,7.50046,-0.17489071
46907388681214,-9.865571,6.565253,0.542631
46907396585267,-8.06956,5.8027472,0.64300853
46907404458802,-6.590928,5.419658,1.1959091
46907412332337,-3.7888975,4.4026275,1.5771167
46907420205872,-1.8275428,3.0759687,0.8719406
46907428079408,-0.8097205,2.2056255,0.5154495
46907435952943,-0.16993451,1.723216,0.21115398
46907443856995,0.23482198,2.5341969,0.0014802287
46907451822083,0.84824467,4.633442,-0.3377397
46907459695618,1.6034572,6.6602087,-1.2030897
46907467630189,1.9619155,8.490456,-2.813968
46907475503724,2.4491968,7.895291,-6.427749
46907483377259,9.926556,6.5220056,-11.51384
46907491342347,12.790005,13.779791,-1.861366
46907499246400,7.430369,13.759122,-2.519672
46907507150452,-1.418704,6.784837,-2.3069258
46907515054505,-2.4641705,1.908474,-2.9556913
46907522928040,-3.4067516,1.8441939,-2.2892404
46907530771058,-3.8795452,4.943645,-2.9314766
46907538675111,-3.5384402,6.8876133,-3.3347876
46907546609681,-1.8025584,5.7956686,-1.6239846
46907554483216,-0.4887182,4.891309,-1.5279675
46907562417786,1.0463955,4.282789,-1.3433952
46907570352357,3.118853,3.9109454,-1.2524905
46907578225892,4.8936605,3.1519103,-1.0677559
46907586252015,4.365404,2.0738077,-0.63032854
46907594125550,3.1869888,1.6956468,-0.12502891
46907601968568,0.9452672,0.8379073,-0.43488336
46907609903138,-0.21012545,-0.26863623,0.1638155
46907617776673,-0.6014762,-1.0012379,1.0580869
46907625619691,-0.5394583,-1.1283727,2.0071797
46907633493226,0.06511442,-0.83140063,2.2956815
46907641397279,0.082229376,-0.6936872,1.8875446
46907649362367,-0.24085224,-0.660645,1.2130451
46907657235902,-0.14829373,-0.2787676,0.368371
46907665200990,0.018849611,0.030774117,-0.033346176
46907673135560,0.11605406,0.16672564,-0.16405773
46907681009095,0.14813566,0.20190191,-0.19677353
46907688943665,-0.00527668,-0.0073928833,0.0072984695
46907696847718,-0.13328552,-0.20477009,0.20882893
46907704721253,-0.16418982,-0.31449127,0.32712984
46907712625306,-0.15928411,-0.3962469,0.39730835
46907720468324,-0.11599541,-0.35952234,0.35089254
46907728341859,-0.09036541,-0.3564043,0.34741879
46907736245911,-0.0760659,-0.3940053,0.3870802
46907744180482,-0.06907761,-0.39411974,0.3985119
46907752115052,-0.06660819,-0.42764568,0.43466854
46907759958070,-0.061921358,-0.39625072,0.40334415
46907767923158,-0.044674754,-0.28397036,0.2867651
46907775766175,-0.016297817,-0.108617306,0.1027441
46907783731263,0.022494435,0.4249053,0.34114647
46907791604798,0.0053352118,0.8436594,0.47137117
46907799478333,-0.12362063,1.2942533,0.55897
46907807290833,-0.5363397,1.6362314,0.52649546
46907815225404,-1.1532524,1.9786954,0.53394175
46907823068421,-1.7491765,2.3381538,0.5655203
46907830972474,-2.2854528,2.850883,0.6124191
46907838907044,-2.9422154,3.3486118,0.88001585
46907846780579,-3.1554637,3.8543582,1.0298386
46907854684632,-3.1662853,4.4367943,1.2955179
46907862619202,-2.664116,4.9781756,1.9884744
46907870553773,-1.9775817,5.657198,2.443028
46907878427308,-1.0401124,6.348091,2.9802213
46907886361878,-0.31814122,6.9243755,3.5441418
46907894235413,0.33755225,7.4372005,4.0277
46907902169984,1.1196321,7.8282585,4.6101837
46907910074036,1.6960204,8.036411,5.0989685
46907917947572,1.9606333,8.090217,5.5817547
46907925821107,2.0843873,7.9706306,6.1181
46907933694642,2.2214284,7.8017783,6.4918194
46907941568177,2.3553243,7.6200204,6.9662886
46907949411195,2.6116633,7.555815,7.4541755
46907957345765,2.7588177,7.481361,7.6474447
46907965280335,3.0877607,7.5299997,7.8937016
46907973214906,3.3716226,7.671394,8.4036
46907981179993,3.7952385,7.568639,8.1682005
46907989053529,4.2628,7.576012,8.179735
46907996927064,4.460038,7.590342,8.502381
46908004892152,4.344386,7.2675457,8.893807
46908012796204,4.169874,6.642506,8.981867
46908020639222,4.266397,5.9654174,9.041747
46908028543275,4.2522216,5.5090175,8.766857
46908036477845,4.2460165,5.320066,8.474672
46908044351380,4.3315926,5.306769,8.40912
46908052224915,4.3888016,5.1524725,8.287776
46908060159486,4.3053236,4.98088,8.027545
46908068063538,4.6033297,4.8486505,7.787282
46908075937074,4.5521064,4.993987,7.9457364
46908083902161,4.491207,4.8445625,8.859062
46908091775697,4.611209,5.1711283,9.8281975
46908099771302,4.60783,6.156059,10.794077
46908107644837,5.2984886,6.6200156,11.287432
46908115487855,4.386201,5.6534343,10.556815
46908123391908,2.6563985,5.13837,10.237135
46908131265443,1.6527392,5.0520267,9.294832
46908139169495,2.4824753,3.924366,8.254596
46908147043031,4.2016335,3.0074959,8.039426
46908154977601,5.1447244,3.4293242,7.1274347
46908162912171,6.175946,3.2773619,6.3560705
46908170816224,7.193301,2.546836,6.0011683
46908178750794,8.099212,1.8561506,6.038311
46908186593812,7.4717073,1.115118,6.005866
46908194497865,5.925253,0.42255402,6.0709314
46908202401917,4.4518657,-0.40931034,5.941086
46908210336488,3.28512,-1.0356379,5.5045586
46908218179505,2.0398114,-1.2757235,5.0688806
46908226083558,0.69714713,-1.1860828,4.754614
46908233957093,-0.26204896,-0.8118954,4.7452693
46908241830628,-0.65994143,-0.36871338,4.8047132
46908249704163,-0.4852388,-0.03716278,4.909278
46908257669251,-0.06635451,0.5332012,4.893719
46908265542786,0.4787618,1.633337,5.0443616
46908273416322,0.89828575,2.7552605,4.874987
46908281381409,1.2065232,2.9771328,4.5447874
46908289224427,1.4625157,2.023923,4.1557894
46908297250550,1.3595691,0.8628063,3.6015263
46908305124085,0.98954064,0.23073864,3.2125773
46908312997620,0.82415485,0.12239647,2.8478985
46908320932191,0.89498085,0.23330784,2.4524295
46908328805726,1.0965234,0.24477768,2.0178437
46908336648743,1.3633204,0.063225746,1.6207951
46908344552796,1.6749005,-0.14642334,1.3474959
46908352426331,1.9541795,-0.17835808,1.2987393
46908360391419,2.0600283,-0.087628365,1.4196535
46908368264954,2.0314026,0.037189484,1.6688939
46908376199525,1.9495342,0.13621807,1.8983076
46908384103577,1.9311018,0.25001526,2.2251353
46908391977113,1.8114046,0.35000896,2.4828556
46908399942200,1.6318371,0.31416035,2.5636163
46908407815736,1.3669518,0.23353004,2.5342693
46908415719788,1.131864,0.18467617,2.514007
46908423623841,1.1682055,0.13644981,2.3429708
46908431588929,1.3846678,0.10068798,2.1810036
46908439462464,1.706289,0.07008743,2.085815
46908447335999,1.9486544,0.061338425,1.9945538
46908455270570,1.9967492,2.2315979E-4,1.9677017
46908463113587,1.9080541,-7.49588E-4,1.8017027
46908471017640,1.7954017,0.039274216,1.7117698
46908478982728,1.5590968,-0.013697624,1.5947399
46908486856263,1.2614806,-0.10461426,1.4529481
46908494821351,1.0342696,-0.16167831,1.3291299
46908502725404,0.8656026,0.09044552,0.7877395
46908510598939,0.5054231,0.14191341,0.8027101
46908518472474,0.20455152,-0.07439232,0.88365793
46908526346009,0.8641443,-0.051085472,0.8894638
46908534219544,1.034269,-0.041869164,0.85557574
46908542062562,1.0751143,-0.042144775,0.9219977
46908549997132,1.1456864,0.0032701492,0.88329446
46908557931702,1.0117989,0.09921837,0.8381877
46908565835755,0.8502564,0.10199642,0.7773493
46908573770325,0.6565938,0.052326202,0.7580411
46908581613343,0.5285257,0.014788628,0.8131334
46908589517396,0.6237354,0.08750439,0.8516245
46908597451966,0.70768094,0.11006832,0.8855695
46908605356019,0.584043,0.0010757446,0.92002237
46908613290589,0.56587887,-0.110248566,0.8950212
46908621164124,0.40177637,-0.04674244,0.9461203
46908629037659,0.38045448,0.031090736,1.1121362
46908636911195,0.6586665,0.037171364,1.0272073
46908644815247,0.43417865,0.012179375,1.1866075
46908652749818,0.5276963,-0.041534424,1.305581
46908660623353,0.59266037,-0.12631416,1.250041
46908668496888,0.61714566,-0.18230343,1.1855106
46908676461976,0.6365335,-0.17523098,1.0324073
46908684335511,0.68859863,-0.11255932,0.9628931
46908692270081,0.94793046,-0.07356262,0.9468729
46908700174134,1.1856492,-0.07034397,0.89758354
46908708047669,1.3105712,-0.09332657,0.8909855
46908716012757,1.1740208,-0.14956379,0.82689875
46908723886292,0.912469,-0.1408205,0.7137646
46908731729310,0.71614015,-0.11975098,0.70443213
46908739633363,0.62155575,-0.0840168,0.65071034
46908747506898,0.48068684,-0.048036575,0.6173759
46908755380433,0.33205634,-0.047777176,0.57803094
46908763253968,0.19957477,-0.025844574,0.5039398
46908771219056,0.20630819,-0.075675964,0.43499345
46908779092591,0.19595453,-0.14700317,0.5067606
46908786966126,0.20337154,-0.12495041,0.50340015
46908794931214,0.37832245,-0.08138466,0.42230505
46908802804749,0.46034637,-0.07132721,0.34923363
46908810739320,0.36622196,-0.058876038,0.32287008
46908818612855,0.28540862,-0.015291214,0.30958295
46908826516908,0.2534937,-0.0052404404,0.30704588
46908834390443,0.2819102,0.011947632,0.31052828
46908842294495,0.31289896,0.0051651,0.31953412
46908850168031,0.3465452,-0.01120472,0.3314674
46908858072083,0.3707298,-0.09223461,0.2768569
46908865945618,0.27815205,-0.17084408,0.24873018
46908873910706,0.21700728,-0.12015438,0.005293727
46908881814759,0.4597671,-0.052679062,0.15190381
46908889779847,0.48967797,0.014778137,0.09072429
46908897653382,0.4527847,0.051148415,0.04134506
46908905526917,0.16039017,0.14748669,0.04365903
46908913492005,0.18586597,0.12904644,0.27889854
46908921365540,0.34547144,0.07000351,0.49647743
46908929239075,0.120706394,-0.072818756,0.66415197
46908937143128,-0.06481147,-0.15578079,0.7245456
46908944986146,-0.0060229003,-0.12621212,0.72524935
46908952920716,0.1387468,-0.120568275,0.7522262
46908960794251,0.25170213,-0.17240524,0.69564027
46908968698304,0.36161682,-0.19558334,0.55844563
46908976602357,0.53512514,-0.1566019,0.42454946
46908984475892,0.58660746,-0.09380627,0.13178295
46908992440980,0.4924626,-0.014266968,0.033335447
46909000345033,-0.0061199367,0.055639267,-0.08775866
46909008279603,0.3279466,0.041618347,0.16356713
46909016183656,0.2297291,-0.06100464,0.2764606
46909024026673,0.017697573,-0.13732815,0.24155605
