157236993802392,-0.0314,0.103,0.0105,-0.0314,0.103,0.0105
157237003235204,-0.0319,0.103,0.0072,-0.0319,0.103,0.0072
157237013207600,-0.0319,0.103,0.0075,-0.0319,0.103,0.0075
157237023304475,-0.062299997,-0.0047,0.092999995,-0.062299997,-0.0047,0.092999995
157237033516975,-0.0691,-0.0246,0.1126,-0.0691,-0.0246,0.1126
157237043548746,-0.051099997,0.014699999,0.061499998,-0.051099997,0.014699999,0.061499998
157237053302392,0.0309,0.0543,0.049,0.0309,0.0543,0.049
157237063227392,-2.0E-4,0.054399997,0.0667,-2.0E-4,0.054399997,0.0667
157237073219058,-0.0219,0.0349,0.053999998,-0.0219,0.0349,0.053999998
157237083220621,0.0545,0.0056,0.0229,0.0545,0.0056,0.0229
157237093239371,0.028299998,-0.0036,-0.032199997,0.028299998,-0.0036,-0.032199997
157237103317496,0.0264,0.0455,-0.0438,0.0264,0.0455,-0.0438
157237114758641,-0.0352,0.026099999,0.0061,-0.0352,0.026099999,0.0061
157237123247704,-0.095199995,0.0458,0.023799999,-0.095199995,0.0458,0.023799999
157237133728433,-0.1126,0.025999999,0.0233,-0.1126,0.025999999,0.0233
157237143956558,-0.1437,0.0457,0.0019999999,-0.1437,0.0457,0.0019999999
157237154262287,-0.0844,-0.0131,0.0213,-0.0844,-0.0131,0.0213
157237163984162,0.1969,-0.0414,0.30589998,0.1969,-0.0414,0.30589998
157237173907600,0.1481,0.027099999,0.2827,0.1481,0.027099999,0.2827
157237183948746,0.2917,0.070999995,0.5768,0.2917,0.070999995,0.5768
157237193949787,0.29729998,0.06,0.5604,0.29729998,0.06,0.5604
157237204004475,0.5489,0.055099998,0.8329,0.5489,0.055099998,0.8329
157237213924787,0.5359,0.0033,0.8067,0.5359,0.0033,0.8067
157237223965933,0.6518,0.0646,1.0913,0.6518,0.0646,1.0913
157237233937808,0.6465,0.020499999,1.027,0.6465,0.020499999,1.027
157237244270100,0.89559996,0.0383,1.1991,0.89559996,0.0383,1.1991
157237253954996,0.9845,0.0907,1.1236,0.9845,0.0907,1.1236
157237263949266,1.1514,0.1322,1.2932,1.1514,0.1322,1.2932
157237274274266,1.1748999,0.114199996,1.2157999,1.1748999,0.114199996,1.2157999
157237284013850,1.3357999,0.13859999,1.3821,1.3357999,0.13859999,1.3821
157237294016454,1.2418,0.1183,1.3467,1.2418,0.1183,1.3467
157237304114371,1.2842,0.1442,1.6464,1.2842,0.1442,1.6464
157237313988329,1.2337999,0.1114,1.6293,1.2337999,0.1114,1.6293
157237324050829,1.2889,0.1389,1.8488,1.2889,0.1389,1.8488
157237334036246,1.2028999,0.123799995,1.7967,1.2028999,0.123799995,1.7967
157237344207600,1.3217,0.2013,1.9576999,1.3217,0.2013,1.9576999
157237354203954,1.3675,0.2338,1.847,1.3675,0.2338,1.847
157237364221662,1.5705,0.26119998,1.9751999,1.5705,0.26119998,1.9751999
157237374197183,1.5137999,0.1748,1.9037,1.5137999,0.1748,1.9037
157237384234162,1.4945999,0.2624,1.9921,1.4945999,0.2624,1.9921
157237394482079,1.3927,0.32279998,1.8829999,1.3927,0.32279998,1.8829999
157237404246662,1.4354,0.41149998,2.1173,1.4354,0.41149998,2.1173
157237414188850,1.3853999,0.3522,2.0795,1.3853999,0.3522,2.0795
157237424222704,1.5896,0.3159,2.3049,1.5896,0.3159,2.3049
157237434175829,1.6577,0.2836,2.1859999,1.6577,0.2836,2.1859999
157237444541454,1.8326999,0.28669998,2.2670999,1.8326999,0.28669998,2.2670999
157237454322704,1.8814,0.2634,2.1332,1.8814,0.2634,2.1332
157237464226350,1.9617,0.32459998,2.2766,1.9617,0.32459998,2.2766
157237474197183,1.5627999,0.3998,2.1615,1.5627999,0.3998,2.1615
157237484191454,2.0225,0.3529,2.2891,2.0225,0.3529,2.2891
157237494181558,1.5827999,0.2592,2.3448,1.5827999,0.2592,2.3448
157237504230516,1.4764999,-0.0923,2.6253998,1.4764999,-0.0923,2.6253998
157237514511766,1.4848,-0.3136,2.327,1.4848,-0.3136,2.327
157237524235204,2.2561,0.44509998,2.6290998,2.2561,0.44509998,2.6290998
157237534217496,2.0488,0.8688,2.3246999,2.0488,0.8688,2.3246999
157237544304475,2.112,0.4991,2.4596,2.112,0.4991,2.4596
157237554178954,1.9614999,0.2835,2.5625,1.9614999,0.2835,2.5625
157237564200308,2.4078,0.5227,2.5112,2.4078,0.5227,2.5112
157237574202912,2.629,0.3858,2.2258,2.629,0.3858,2.2258
157237584294058,2.7352998,0.2435,2.2617,2.7352998,0.2435,2.2617
157237594219058,2.3659,0.2069,2.0516999,2.3659,0.2069,2.0516999
157237604231558,2.1002,0.43699998,2.3079998,2.1002,0.43699998,2.3079998
157237616521141,1.7045,0.65489995,2.2733,1.7045,0.65489995,2.2733
157237624257079,1.811,0.69839996,2.3587,1.811,0.69839996,2.3587
157237634502391,1.9678999,0.43519998,2.131,1.9678999,0.43519998,2.131
157237644501871,1.8744999,0.4786,2.2835999,1.8744999,0.4786,2.2835999
157237654177912,1.554,0.5477,2.3312,1.554,0.5477,2.3312
157237664207600,1.6978999,0.5115,2.452,1.6978999,0.5115,2.452
157237674220621,1.8547,0.48999998,2.3133,1.8547,0.48999998,2.3133
157237685159683,1.9065,0.67649996,2.3948998,1.9065,0.67649996,2.3948998
157237694195100,1.8679999,0.5649,2.3583,1.8679999,0.5649,2.3583
157237704184162,2.1231,0.4164,2.6604,2.1231,0.4164,2.6604
157237714167496,2.1153,0.3576,2.8527,2.1153,0.3576,2.8527
157237724348225,2.2563,0.4543,3.0549,2.2563,0.4543,3.0549
157237734195100,2.4364998,0.3144,3.0651999,2.4364998,0.3144,3.0651999
157237744200308,2.6949,0.2358,3.1792,2.6949,0.2358,3.1792
157237754491454,2.6624,0.2234,3.0651,2.6624,0.2234,3.0651
157237764206558,2.7977998,0.264,3.2800999,2.7977998,0.264,3.2800999
157237774234162,2.6757998,0.2426,3.189,2.6757998,0.2426,3.189
157237784285725,2.5997,0.4134,3.2008,2.5997,0.4134,3.2008
157237794235204,2.293,0.3574,3.1499999,2.293,0.3574,3.1499999
157237804301350,2.2184,0.479,3.0760999,2.2184,0.479,3.0760999
157237814234162,2.1794999,0.5238,3.0542998,2.1794999,0.5238,3.0542998
157237824222704,2.4046,0.4389,3.2045999,2.4046,0.4389,3.2045999
157237834196141,2.5918,0.19659999,3.3063,2.5918,0.19659999,3.3063
157237844523746,2.9371998,0.1818,3.3023,2.9371998,0.1818,3.3023
157237854183641,3.007,0.31399998,3.1220999,3.007,0.31399998,3.1220999
157237864256558,2.9743,0.3899,3.2305,2.9743,0.3899,3.2305
157237874494579,2.6139998,0.2519,2.9817,2.6139998,0.2519,2.9817
157237884200829,2.7949,0.2556,2.7800999,2.7949,0.2556,2.7800999
157237894202391,2.598,0.2886,2.5686,2.598,0.2886,2.5686
157237904184683,2.2066998,0.5214,2.4829,2.2066998,0.5214,2.4829
157237914191975,1.9030999,0.59889996,2.3585,1.9030999,0.59889996,2.3585
157237924221141,1.7730999,0.73469996,2.4974,1.7730999,0.73469996,2.4974
157237934206037,1.701,0.73319995,2.3996,1.701,0.73319995,2.3996
157237944215412,2.0639,0.71239996,2.5033998,2.0639,0.71239996,2.5033998
157237954186766,2.1868,0.5706,2.3743,2.1868,0.5706,2.3743
157237964210204,2.2897,0.5692,2.3820999,2.2897,0.5692,2.3820999
157237974184683,2.2342,0.6135,2.2549999,2.2342,0.6135,2.2549999
157237984241975,2.3488998,0.7461,2.3023999,2.3488998,0.7461,2.3023999
157237994522704,2.2893,0.7808,2.0512,2.2893,0.7808,2.0512
157238004253433,2.3343,0.912,1.9648,2.3343,0.912,1.9648
157238014175829,2.0946999,0.82949996,1.8505,2.0946999,0.82949996,1.8505
157238024186246,1.8535,0.94119996,2.0562,1.8535,0.94119996,2.0562
157238034197704,1.6294999,0.91179997,2.2257,1.6294999,0.91179997,2.2257
157238044484162,1.8713,0.8559,2.4059,1.8713,0.8559,2.4059
157238054440412,2.2921,0.7506,2.4455,2.2921,0.7506,2.4455
157238064237808,2.8185,0.5191,2.3279998,2.8185,0.5191,2.3279998
157238074186766,2.7714,0.61,2.1699998,2.7714,0.61,2.1699998
157238084220621,2.5142999,0.8591,2.4038,2.5142999,0.8591,2.4038
157238094196141,2.2519,0.849,2.4998999,2.2519,0.849,2.4998999
157238104185725,2.5040998,0.97279996,2.6299999,2.5040998,0.97279996,2.6299999
157238117744579,2.4206998,0.8538,2.4728,2.4206998,0.8538,2.4728
157238124215412,2.6288,0.6184,2.5298998,2.6288,0.6184,2.5298998
157238134176350,2.7632,0.5567,2.3924,2.7632,0.5567,2.3924
157238144282079,3.0112998,0.73359996,2.4203,3.0112998,0.73359996,2.4203
157238154204475,2.7605,0.74009997,2.3323,2.7605,0.74009997,2.3323
157238164187287,2.5662,0.673,2.461,2.5662,0.673,2.461
157238174185204,2.3718,0.5035,2.4106998,2.3718,0.5035,2.4106998
157238184216454,2.4873,0.6037,2.4342,2.4873,0.6037,2.4342
157238194222704,2.4945,0.7861,2.3344,2.4945,0.7861,2.3344
157238204221662,2.6859999,0.9849,2.3651,2.6859999,0.9849,2.3651
157238214205516,2.5175,0.921,2.3119,2.5175,0.921,2.3119
157238224206558,2.5046,0.8218,2.4206998,2.5046,0.8218,2.4206998
157238234516975,2.5031,0.7564,2.3638,2.5031,0.7564,2.3638
157238244533120,2.7261,0.8096,2.4659,2.7261,0.8096,2.4659
157238254169579,2.577,0.8204,2.4329,2.577,0.8204,2.4329
157238264228954,2.4085,0.93219995,2.5147,2.4085,0.93219995,2.5147
157238274182079,2.1053,0.9231,2.5342,2.1053,0.9231,2.5342
157238284254995,2.0551999,0.9287,2.659,2.0551999,0.9287,2.659
157238294230516,2.1231,0.8885,2.5377998,2.1231,0.8885,2.5377998
157238304228433,2.6225998,1.03,2.7180998,2.6225998,1.03,2.7180998
157238314189370,2.5593998,0.8463,2.8809,2.5593998,0.8463,2.8809
157238324186766,2.5432,0.7618,3.083,2.5432,0.7618,3.083
157238334184683,2.472,0.6371,2.9794,2.472,0.6371,2.9794
157238344223745,2.6278,0.6515,3.0254,2.6278,0.6515,3.0254
157238354520620,2.5056999,0.62689996,2.858,2.5056999,0.62689996,2.858
157238364216454,2.6167,0.84559995,3.1090999,2.6167,0.84559995,3.1090999
157238374177391,2.5342,0.89769995,3.0925999,2.5342,0.89769995,3.0925999
157238384203954,2.6755,0.8423,3.0809,2.6755,0.8423,3.0809
157238394175829,2.7528,0.60249996,2.9152,2.7528,0.60249996,2.9152
157238404235725,2.8088,0.578,3.0244,2.8088,0.578,3.0244
157238414174266,2.5886998,0.63339996,3.0047,2.5886998,0.63339996,3.0047
157238424243537,2.6792,0.77739996,3.0971,2.6792,0.77739996,3.0971
157238434197704,2.7036,0.7262,2.9429998,2.7036,0.7262,2.9429998
157238444501350,2.8627,0.79029995,2.9735,2.8627,0.79029995,2.9735
157238454189891,2.8753,0.74,2.8906999,2.8753,0.74,2.8906999
157238464232079,3.0340998,0.708,2.9224,3.0340998,0.708,2.9224
157238474490933,2.8799,0.61969995,2.8427,2.8799,0.61969995,2.8427
157238484218016,2.9944,0.6161,3.0505998,2.9944,0.6161,3.0505998
157238494196662,2.9654,0.52739996,2.9608,2.9654,0.52739996,2.9608
157238504210725,3.0549998,0.58379996,2.9148998,3.0549998,0.58379996,2.9148998
157238514217495,2.8729,0.5678,2.6966999,2.8729,0.5678,2.6966999
157238524190933,2.8381999,0.6216,2.7254999,2.8381999,0.6216,2.7254999
157238534183120,2.6605,0.58889997,2.6011,2.6605,0.58889997,2.6011
157238544213850,2.7501,0.7226,2.5857,2.7501,0.7226,2.5857
157238554192495,2.6892,0.7312,2.4282,2.6892,0.7312,2.4282
157238564307079,2.7440999,0.8264,2.5595999,2.7440999,0.8264,2.5595999
157238574196662,2.7521,0.78389996,2.5535998,2.7521,0.78389996,2.5535998
157238584189370,2.7811,0.7226,2.6153998,2.7811,0.7226,2.6153998
157238594482600,2.6933,0.5237,2.4731,2.6933,0.5237,2.4731
157238604235204,2.8327,0.55939996,2.5697,2.8327,0.55939996,2.5697
157238616465933,2.7698,0.5742,2.5421,2.7698,0.5742,2.5421
157238624213850,2.9912999,0.666,2.5855,2.9912999,0.666,2.5855
157238634181558,2.9785,0.66139996,2.4836,2.9785,0.66139996,2.4836
157238644469579,2.9385,0.6545,2.5088,2.9385,0.6545,2.5088
157238654183641,2.6553,0.53319997,2.5153,2.6553,0.53319997,2.5153
157238664232600,2.5735,0.5761,2.7005,2.5735,0.5761,2.7005
157238674177912,2.5023,0.6019,2.6259,2.5023,0.6019,2.6259
157238684220620,2.6766999,0.6881,2.6499,2.6766999,0.6881,2.6499
157238694146662,2.6355999,0.626,2.5369,2.6355999,0.626,2.5369
157238704234683,2.7459,0.653,2.5772,2.7459,0.653,2.5772
157238714521141,2.6954,0.66029996,2.4466999,2.6954,0.66029996,2.4466999
157238724207600,2.735,0.7352,2.475,2.735,0.7352,2.475
157238734174787,2.58,0.6943,2.3946,2.58,0.6943,2.3946
157238744231558,2.5862,0.75659996,2.4659,2.5862,0.75659996,2.4659
157238754173225,2.5016,0.72569996,2.366,2.5016,0.72569996,2.366
157238764229475,2.6536,0.7129,2.4222,2.6536,0.7129,2.4222
157238774223225,2.6148999,0.6028,2.332,2.6148999,0.6028,2.332
157238784197704,2.7451,0.6681,2.3776999,2.7451,0.6681,2.3776999
157238794189891,2.6078,0.6847,2.2862,2.6078,0.6847,2.2862
157238804190412,2.639,0.7549,2.3537,2.639,0.7549,2.3537
157238814186766,2.5516999,0.7317,2.2993999,2.5516999,0.7317,2.2993999
157238824316454,2.7008,0.7418,2.4226,2.7008,0.7418,2.4226
157238834467495,2.6587,0.6871,2.3841,2.6587,0.6871,2.3841
157238844509683,2.7138999,0.6881,2.4875998,2.7138999,0.6881,2.4875998
157238854191975,2.6706,0.5833,2.4271,2.6706,0.5833,2.4271
157238864189370,2.7874,0.6439,2.5316,2.7874,0.6439,2.5316
157238874199787,2.7233999,0.6653,2.5072,2.7233999,0.6653,2.5072
157238884291454,2.7904,0.7351,2.5813,2.7904,0.7351,2.5813
157238894149787,2.6694999,0.6192,2.5261,2.6694999,0.6192,2.5261
157238904204995,2.7319,0.6378,2.6659,2.7319,0.6378,2.6659
157238914211245,2.6791,0.5997,2.6378,2.6791,0.5997,2.6378
157238924218537,2.8037,0.69729996,2.7292,2.8037,0.69729996,2.7292
157238934180516,2.8258998,0.8362,2.605,2.8258998,0.8362,2.605
157238944196141,3.0563998,1.1012,2.4837,3.0563998,1.1012,2.4837
157238954502912,2.7740998,0.87899995,2.3936,2.7740998,0.87899995,2.3936
157238964209683,2.6269999,0.65569997,2.609,2.6269999,0.65569997,2.609
157238974176350,2.5927,0.5208,2.5637,2.5927,0.5208,2.5637
157238984243537,2.8669999,0.5437,2.552,2.8669999,0.5437,2.552
157238994174787,2.8667,0.5851,2.4494998,2.8667,0.5851,2.4494998
157239004179475,2.9356,0.7109,2.5177,2.9356,0.7109,2.5177
157239014166975,2.7896,0.6739,2.5019,2.7896,0.6739,2.5019
157239024221141,2.8402998,0.68909997,2.6165,2.8402998,0.68909997,2.6165
157239034209683,2.7912,0.5635,2.5699,2.7912,0.5635,2.5699
157239044499266,2.9429998,0.5496,2.6455,2.9429998,0.5496,2.6455
157239054211245,2.9018,0.5123,2.599,2.9018,0.5123,2.599
157239064199266,3.0002,0.5694,2.6984,3.0002,0.5694,2.6984
157239074503433,2.9394999,0.5412,2.7372,2.9394999,0.5412,2.7372
157239084316454,3.0332,0.5283,2.7675,3.0332,0.5283,2.7675
157239094254475,2.9634,0.4032,2.6612,2.9634,0.4032,2.6612
157239104209162,3.0103,0.4899,2.7247,3.0103,0.4899,2.7247
157239117504475,2.8639998,0.5815,2.6385999,2.8639998,0.5815,2.6385999
157239124206558,2.9153,0.7195,2.7365,2.9153,0.7195,2.7365
157239134161245,2.7633998,0.68579996,2.6936,2.7633998,0.68579996,2.6936
157239144170620,2.7103999,0.6192,2.6755998,2.7103999,0.6192,2.6755998
157239154152912,2.2982,0.42339998,2.3936,2.2982,0.42339998,2.3936
157239164216454,2.2231,0.43249997,2.4471,2.2231,0.43249997,2.4471
157239174177912,2.3569999,0.64779997,2.3899999,2.3569999,0.64779997,2.3899999
157239184219579,2.9341998,0.92149997,2.4356,2.9341998,0.92149997,2.4356
157239194535204,3.3395998,0.78999996,2.3897,3.3395998,0.78999996,2.3897
157239204193537,3.6724,0.5555,2.5428,3.6724,0.5555,2.5428
157239214214370,3.5198998,0.2166,2.5263,3.5198998,0.2166,2.5263
157239224221141,3.2377,0.1574,2.8174999,3.2377,0.1574,2.8174999
157239234194579,2.5981,0.3744,3.3188999,2.5981,0.3744,3.3188999
157239244505516,2.3883,0.5937,3.8746,2.3883,0.5937,3.8746
157239254161245,2.4931998,0.3301,3.8116,2.4931998,0.3301,3.8116
157239264235204,3.0500998,0.21069999,3.5405998,3.0500998,0.21069999,3.5405998
157239274198745,3.3056998,0.28579998,3.1982,3.3056998,0.28579998,3.1982
157239284193537,3.6713,0.445,3.1904,3.6713,0.445,3.1904
157239294191974,3.9713998,0.36519998,3.1032999,3.9713998,0.36519998,3.1032999
157239304224266,4.3149,0.4134,3.1887999,4.3149,0.4134,3.1887999
157239314478433,4.2665997,0.29889998,3.1919,4.2665997,0.29889998,3.1919
157239324236245,4.3838997,0.1961,3.4285998,4.3838997,0.1961,3.4285998
157239334204474,4.6071997,0.12629999,3.0465,4.6071997,0.12629999,3.0465
157239344220099,4.4491,0.096999995,2.6799,4.4491,0.096999995,2.6799
157239354219058,3.5168,0.24949999,2.2635,3.5168,0.24949999,2.2635
157239364228954,2.8569999,0.71639997,2.009,2.8569999,0.71639997,2.009
157239374170620,2.4779,1.0116,1.4196999,2.4779,1.0116,1.4196999
157239384204995,2.3163,1.1692,0.682,2.3163,1.1692,0.682
157239394177912,1.9235,1.1439999,0.3175,1.9235,1.1439999,0.3175
157239404278433,1.5364,1.2394999,0.3457,1.5364,1.2394999,0.3457
157239414185204,1.2571,1.2685,0.3249,1.2571,1.2685,0.3249
157239424231558,1.5906999,1.4241999,0.8332,1.5906999,1.4241999,0.8332
157239434501870,1.9746,1.3045,1.0512999,1.9746,1.3045,1.0512999
157239444542495,2.3479,1.1225,0.71209997,2.3479,1.1225,0.71209997
157239454196662,2.3771,0.9094,0.6612,2.3771,0.9094,0.6612
157239464205516,2.0901,1.1056,1.2034,2.0901,1.1056,1.2034
157239474210204,1.6879,1.2687,1.7129999,1.6879,1.2687,1.7129999
157239484191974,1.8177999,1.329,2.2628,1.8177999,1.329,2.2628
157239494188849,2.2275999,1.1675,2.7454,2.2275999,1.1675,2.7454
157239504256558,2.6304998,1.1773,3.2970998,2.6304998,1.1773,3.2970998
157239514171662,2.8976,0.91099995,3.7177,2.8976,0.91099995,3.7177
157239524219058,3.688,0.83489996,4.5406,3.688,0.83489996,4.5406
157239534201349,4.1703997,0.66459996,5.3101997,4.1703997,0.66459996,5.3101997
157239544248745,4.7174,0.148,5.7879996,4.7174,0.148,5.7879996
157239554533641,4.887,-0.6361,6.2799997,4.887,-0.6361,6.2799997
157239564196141,4.8578,-0.5954,7.7303996,4.8578,-0.5954,7.7303996
157239574172704,4.2118998,-0.2617,9.1193,4.2118998,-0.2617,9.1193
157239584210204,4.9526,0.1937,10.2111,4.9526,0.1937,10.2111
157239594491974,6.0371,1.6172,8.9197,6.0371,1.6172,8.9197
157239604226870,6.4549,4.4349,6.6092997,6.4549,4.4349,6.6092997
157239616401349,5.3146,6.2258,3.6585999,5.3146,6.2258,3.6585999
157239624218537,3.6980999,7.2423997,2.6878,3.6980999,7.2423997,2.6878
157239634474787,1.7348,7.9108,1.6904999,1.7348,7.9108,1.6904999
157239644518016,0.6062,8.5433,1.8054,0.6062,8.5433,1.8054
157239654257599,0.3541,7.3578,0.5866,0.3541,7.3578,0.5866
157239664215412,1.6685,6.0333,0.0777,1.6685,6.0333,0.0777
157239674775829,3.4075,4.8059,0.7125,3.4075,4.8059,0.7125
157239684249787,4.2089,4.0338,0.7298,4.2089,4.0338,0.7298
157239694190412,3.7356,4.9709997,5.4091,3.7356,4.9709997,5.4091
157239704223224,3.5799,4.6723,9.0,3.5799,4.6723,9.0
157239714196662,4.5780997,3.4025998,4.8636,4.5780997,3.4025998,4.8636
157239724215412,6.9655,3.714,6.5273,6.9655,3.714,6.5273
157239734419058,8.2827,2.6822999,7.0302997,8.2827,2.6822999,7.0302997
157239744217495,6.4198,0.6063,5.8992,6.4198,0.6063,5.8992
157239754598745,3.0144,-0.034199998,6.6268997,3.0144,-0.034199998,6.6268997
157239764207079,-0.2793,0.806,7.2388,-0.2793,0.806,7.2388
157239774473224,-3.6869998,1.7544999,6.4525,-3.6869998,1.7544999,6.4525
157239784221141,-7.9779997,2.4766,4.6705,-7.9779997,2.4766,4.6705
157239794501349,-10.1158,2.0074,2.5816,-10.1158,2.0074,2.5816
157239804232599,-6.645,0.7405,1.6840999,-6.645,0.7405,1.6840999
157239814469579,-2.8962998,0.49289998,1.4301,-2.8962998,0.49289998,1.4301
157239824279474,-1.2889,0.95119995,-0.3436,-1.2889,0.95119995,-0.3436
157239834172704,-1.1186,2.1499,-2.279,-1.1186,2.1499,-2.279
157239844769058,-1.1487,2.1531,-2.5995,-1.1487,2.1531,-2.5995
157239854188849,-0.74979997,1.3334,-4.6524,-0.74979997,1.3334,-4.6524
157239864218537,0.24059999,0.76199996,-12.2718,0.24059999,0.76199996,-12.2718
157239874518537,-1.2672,1.2761999,-9.5146,-1.2672,1.2761999,-9.5146
157239884217495,-0.5701,2.0584,-3.1920998,-0.5701,2.0584,-3.1920998
157239894248745,2.921,0.1129,-7.0687,2.921,0.1129,-7.0687
157239904218016,3.3062,-2.6534,-6.4715,3.3062,-2.6534,-6.4715
157239914526349,0.6752,-3.5267,-7.2998996,0.6752,-3.5267,-7.2998996
157239924545620,-1.248,-3.0993,-6.9161,-1.248,-3.0993,-6.9161
157239934160724,-1.3133,-2.7691,-6.3761997,-1.3133,-2.7691,-6.3761997
157239944213329,-1.0529,-2.6439,-6.2458997,-1.0529,-2.6439,-6.2458997
157239954179474,-1.9418,-2.6032999,-6.0262,-1.9418,-2.6032999,-6.0262
157239964227391,-2.1915998,-3.0491,-7.4181,-2.1915998,-3.0491,-7.4181
157239974232599,-0.817,-3.0619,-8.0475,-0.817,-3.0619,-8.0475
157239984216974,1.6136999,-2.5958998,-7.3192997,1.6136999,-2.5958998,-7.3192997
157239994161766,4.4393997,-2.5692,-8.3621,4.4393997,-2.5692,-8.3621
157240004258120,8.2942,-3.2408998,-7.842,8.2942,-3.2408998,-7.842
157240014510204,11.184299,-5.2328997,-7.7219,11.184299,-5.2328997,-7.7219
157240024284162,11.9723,-6.7725,-7.5285997,11.9723,-6.7725,-7.5285997
157240034574787,9.2734995,-6.6274,-4.0161,9.2734995,-6.6274,-4.0161
157240044476870,4.5199,-5.5262,-0.4703,4.5199,-5.5262,-0.4703
157240054429474,-2.6364,-4.2883997,2.4824,-2.6364,-4.2883997,2.4824
157240064228433,-6.9866,-3.7252,2.0052,-6.9866,-3.7252,2.0052
157240074204474,-5.025,-4.6194997,2.7842,-5.025,-4.6194997,2.7842
157240084523745,-1.6954,-6.5266,3.3518999,-1.6954,-6.5266,3.3518999
157240094191454,0.4003,-8.3719,0.65599996,0.4003,-8.3719,0.65599996
157240104479995,4.3122,-7.2124,14.4077,4.3122,-7.2124,14.4077
157240117886245,3.2851,4.6914997,11.994599,3.2851,4.6914997,11.994599
157240124268016,37.2889,12.1107,-4.3828,37.2889,12.1107,-4.3828
157240134462287,46.188198,15.2598,-0.7431,46.188198,15.2598,-0.7431
157240144217495,18.2707,9.1672,8.4175,18.2707,9.1672,8.4175
157240154764891,6.2977,9.5371,5.0298,6.2977,9.5371,5.0298
157240164205516,-5.6285996,13.682799,5.3313,-5.6285996,13.682799,5.3313
157240174519579,-12.085,10.5816,1.4309,-12.085,10.5816,1.4309
157240184203954,-8.2449,4.2483,1.5651,-8.2449,4.2483,1.5651
157240194173745,-1.336,1.1359,-0.018,-1.336,1.1359,-0.018
157240204215412,0.6048,2.1207,-2.7572,0.6048,2.1207,-2.7572
157240214177391,1.9921,4.0931,-2.5732,1.9921,4.0931,-2.5732
157240224198224,5.245,4.2114997,-2.9315,5.245,4.2114997,-2.9315
157240234204995,8.806,1.9152999,-2.7707,8.806,1.9152999,-2.7707
157240244772183,11.6725,0.7908,-1.732,11.6725,0.7908,-1.732
157240254174787,10.6827,2.6643999,-2.0268,10.6827,2.6643999,-2.0268
157240264221662,6.7874,5.9066997,-3.4236999,6.7874,5.9066997,-3.4236999
157240274486245,2.6595,7.87,-4.4021997,2.6595,7.87,-4.4021997
157240284228433,0.0106999995,8.168799,-3.2438998,0.0106999995,8.168799,-3.2438998
157240294200829,-0.20979999,8.117499,-1.2147,-0.20979999,8.117499,-1.2147
157240304211766,0.2902,8.8001995,0.4159,0.2902,8.8001995,0.4159
157240314221662,0.022,9.566,1.8326999,0.022,9.566,1.8326999
157240324177912,0.0972,11.000299,3.0240998,0.0972,11.000299,3.0240998
157240334190933,-0.1392,11.795899,4.5705,-0.1392,11.795899,4.5705
157240344227391,-1.5511999,10.5707,8.4017,-1.5511999,10.5707,8.4017
157240354174266,-2.0331,8.8351,9.3791,-2.0331,8.8351,9.3791
157240364215933,-2.2289,6.9245996,9.6383,-2.2289,6.9245996,9.6383
157240374175828,-2.0163999,5.0898,10.5215,-2.0163999,5.0898,10.5215
157240384243016,-1.1329,4.1864,14.4985,-1.1329,4.1864,14.4985
157240394536766,0.38979998,3.0807998,16.0788,0.38979998,3.0807998,16.0788
157240404490412,1.6652,0.5746,14.6712,1.6652,0.5746,14.6712
157240414169578,3.9433,-3.2112,10.8252,3.9433,-3.2112,10.8252
157240424209683,8.6619,-5.6956997,-1.4351,8.6619,-5.6956997,-1.4351
157240434204995,9.9067,-5.4666,-4.2426,9.9067,-5.4666,-4.2426
157240444560203,8.6542,-2.8351,1.6609,8.6542,-2.8351,1.6609
157240454220620,5.1273,-0.2737,3.4311,5.1273,-0.2737,3.4311
157240464491453,2.5916998,1.0950999,0.31239998,2.5916998,1.0950999,0.31239998
157240474184162,-0.5592,2.5818,2.4022,-0.5592,2.5818,2.4022
157240484230516,-6.4617,5.5049,6.4726,-6.4617,5.5049,6.4726
157240494244578,-11.8529,7.0794997,11.660399,-11.8529,7.0794997,11.660399
157240504228953,-7.1316,3.4552,14.7619,-7.1316,3.4552,14.7619
157240514531037,-1.515,0.79139996,10.9663,-1.515,0.79139996,10.9663
157240524294058,-0.0328,1.5491999,7.2532997,-0.0328,1.5491999,7.2532997
157240534221141,1.7070999,2.8643,6.5216,1.7070999,2.8643,6.5216
157240544639370,5.6672,5.0973997,4.1677,5.6672,5.0973997,4.1677
157240554201349,9.9003,7.5899997,3.5616,9.9003,7.5899997,3.5616
157240564235724,11.9176,7.5933,0.5966,11.9176,7.5933,0.5966
157240574228433,11.3164,4.7988997,-0.56979996,11.3164,4.7988997,-0.56979996
157240584223224,11.3286,3.9422,-1.8751999,11.3286,3.9422,-1.8751999
157240594270099,11.9284,4.0453,-2.847,11.9284,4.0453,-2.847
157240604528433,10.6935,3.4122,-4.1324,10.6935,3.4122,-4.1324
157240617082599,9.4383,3.0979,-7.2211,9.4383,3.0979,-7.2211
157240624246662,10.6894,3.7451,-8.5232,10.6894,3.7451,-8.5232
157240634797703,11.9155,4.6193,-7.7616997,11.9155,4.6193,-7.7616997
157240644530516,11.373799,5.0615,-8.294,11.373799,5.0615,-8.294
157240654231037,11.2252,5.3013,-7.3961997,11.2252,5.3013,-7.3961997
157240664534683,10.9816,5.6183996,-8.059,10.9816,5.6183996,-8.059
157240674208641,9.5686,5.2289,-8.0595,9.5686,5.2289,-8.0595
157240684259683,7.7665,4.1418,-7.5513997,7.7665,4.1418,-7.5513997
157240694506558,6.5504,2.3035,-7.1152,6.5504,2.3035,-7.1152
157240704228953,6.0957,0.3274,-7.0604997,6.0957,0.3274,-7.0604997
157240714193016,5.3020997,-1.1287,-10.2968,5.3020997,-1.1287,-10.2968
157240724236245,1.9528999,-0.0508,-13.027499,1.9528999,-0.0508,-13.027499
157240734493016,-7.5853996,3.3388,-8.171,-7.5853996,3.3388,-8.171
157240744225828,-9.5644,3.4473,-3.6857,-9.5644,3.4473,-3.6857
157240754505516,0.8092,0.7019,-3.9562998,0.8092,0.7019,-3.9562998
157240764231558,10.1483,-1.48,-2.3334,10.1483,-1.48,-2.3334
157240774471662,11.6074,-2.9048998,-6.0534997,11.6074,-2.9048998,-6.0534997
157240784222183,8.9908,-3.8037999,-5.8252997,8.9908,-3.8037999,-5.8252997
157240794185203,6.1636,-4.7985,-5.1335,6.1636,-4.7985,-5.1335
157240804228433,3.9936998,-5.3745,-6.7876,3.9936998,-5.3745,-6.7876
157240814190933,2.0554,-5.4859,-4.8929,2.0554,-5.4859,-4.8929
157240824244058,-1.2044,-5.0723,-0.9091,-1.2044,-5.0723,-0.9091
157240834179995,-5.3822,-4.8806,-1.9259,-5.3822,-4.8806,-1.9259
157240844765933,-6.5077,-6.5831,-8.8775,-6.5077,-6.5831,-8.8775
157240854202912,-8.281,-13.408,-7.3922,-8.281,-13.408,-7.3922
157240864223745,-14.6433,-11.5686,-3.7365,-14.6433,-11.5686,-3.7365
157240874549787,-4.8366,-4.2685,-0.0954,-4.8366,-4.2685,-0.0954
157240884236245,-1.3244,4.6284,1.9702,-1.3244,4.6284,1.9702
157240894419058,3.1259,12.546,7.7293,3.1259,12.546,7.7293
157240904226349,7.263,11.6123,-0.271,7.263,11.6123,-0.271
157240914251349,-0.31219998,7.3334,-3.9471,-0.31219998,7.3334,-3.9471
157240924200828,-8.1206,6.5850997,2.1275,-8.1206,6.5850997,2.1275
157240934499787,-0.66279995,1.4261,3.5665998,-0.66279995,1.4261,3.5665998
157240944222703,2.2377,0.9371,3.6583998,2.2377,0.9371,3.6583998
157240954191453,1.966,3.8328998,0.63269997,1.966,3.8328998,0.63269997
157240964243537,4.9902,5.2269,-1.0215,4.9902,5.2269,-1.0215
157240974180516,8.111199,6.0636997,-0.9162,8.111199,6.0636997,-0.9162
157240984482599,7.8195,6.2026,-1.5570999,7.8195,6.2026,-1.5570999
157240994493016,4.5559,4.4867997,-5.0105,4.5559,4.4867997,-5.0105
157241004213849,2.8483999,3.9157999,-5.159,2.8483999,3.9157999,-5.159
157241014249787,3.4624,5.2025,-3.0612,3.4624,5.2025,-3.0612
157241024222183,3.7751,6.7915998,-2.8265,3.7751,6.7915998,-2.8265
157241034176870,3.0914998,7.5099998,-2.6008,3.0914998,7.5099998,-2.6008
157241044501349,3.3443,7.6429,-1.9258,3.3443,7.6429,-1.9258
157241054200308,2.9473999,7.6106,-1.2748,2.9473999,7.6106,-1.2748
157241064215933,1.5184,7.4249997,0.081199996,1.5184,7.4249997,0.081199996
157241074188849,1.6255,7.0705,1.0626,1.6255,7.0705,1.0626
157241084531037,2.2087998,7.5962996,2.258,2.2087998,7.5962996,2.258
157241094173224,2.6078,7.9904,4.4267,2.6078,7.9904,4.4267
157241104231037,5.2718,5.2637,9.271,5.2718,5.2637,9.271
157241118223224,7.0456996,2.2703,10.8333,7.0456996,2.2703,10.8333
157241124234683,8.9896,-0.42319998,6.4105,8.9896,-0.42319998,6.4105
157241134510724,9.6715,-2.428,6.7458,9.6715,-2.428,6.7458
157241144187287,10.2448,-3.9624,4.3371997,10.2448,-3.9624,4.3371997
157241154209162,11.233299,-4.6604,4.5034,11.233299,-4.6604,4.5034
157241164535203,13.0401,-2.9959,4.7724,13.0401,-2.9959,4.7724
157241174191974,12.195399,-0.2909,3.3788,12.195399,-0.2909,3.3788
157241184272183,10.4814,2.4052,1.0702,10.4814,2.4052,1.0702
157241194232078,11.018499,4.3129997,-4.0078998,11.018499,4.3129997,-4.0078998
157241204514891,11.9717,6.6728997,-6.7503,11.9717,6.6728997,-6.7503
157241214206558,15.5955,10.8087,-9.7464,15.5955,10.8087,-9.7464
157241224295099,19.3583,14.0463,-10.493,19.3583,14.0463,-10.493
157241234811245,15.4941,9.9516,-8.4221,15.4941,9.9516,-8.4221
157241244535724,10.503699,4.771,-5.1321,10.503699,4.771,-5.1321
157241254473745,8.0662,3.8072,-0.8375,8.0662,3.8072,-0.8375
157241264224266,6.1505,6.4445996,0.235,6.1505,6.4445996,0.235
157241274477391,2.6259,10.3649,0.1609,2.6259,10.3649,0.1609
157241284241974,-1.4140999,12.774699,0.8849,-1.4140999,12.774699,0.8849
157241294496141,-3.3155,11.2905,4.5053,-3.3155,11.2905,4.5053
157241304229995,-1.5953,8.2916,9.713699,-1.5953,8.2916,9.713699
157241314447703,0.7206,6.2099,8.4355,0.7206,6.2099,8.4355
157241324213328,1.2129999,6.6266,8.8102,1.2129999,6.6266,8.8102
157241334265933,0.92399997,6.3478,8.447599,0.92399997,6.3478,8.447599
157241344187287,1.1402,5.3459,6.6886997,1.1402,5.3459,6.6886997
157241354744578,-2.0103,3.5951998,7.1036997,-2.0103,3.5951998,7.1036997
157241364235203,-5.2929997,3.6162,6.7988997,-5.2929997,3.6162,6.7988997
157241374179995,-8.0855,4.4658,6.4068,-8.0855,4.4658,6.4068
157241384273745,-9.2149,5.5986,7.007,-9.2149,5.5986,7.007
157241394442495,-8.595099,5.837,5.6731,-8.595099,5.837,5.6731
157241404199266,-7.9800997,6.0845,5.2002997,-7.9800997,6.0845,5.2002997
157241414160724,-7.5336,5.8947,3.9041998,-7.5336,5.8947,3.9041998
157241424199787,-7.7497997,5.6449,2.9877,-7.7497997,5.6449,2.9877
157241434496141,-9.2174,4.9006,3.6876998,-9.2174,4.9006,3.6876998
157241444521662,-10.325299,3.9441,2.2238,-10.325299,3.9441,2.2238
157241454421141,-11.525499,3.6155,1.1316,-11.525499,3.6155,1.1316
157241464203953,-14.651999,3.7723,-0.3586,-14.651999,3.7723,-0.3586
157241474769057,-15.019799,3.629,-3.3481,-15.019799,3.629,-3.3481
157241484228432,-13.7331,3.1701999,-4.3743,-13.7331,3.1701999,-4.3743
157241494462287,-11.5448,2.656,-5.2265997,-11.5448,2.656,-5.2265997
157241504254995,-9.7499,3.3787,-6.1647997,-9.7499,3.3787,-6.1647997
157241514426870,-9.8667,3.6627,-5.7890997,-9.8667,3.6627,-5.7890997
157241524204474,-2.2547,23.969398,9.7879,-2.2547,23.969398,9.7879
157241534487287,-9.651199,-5.6906,-33.1768,-9.651199,-5.6906,-33.1768
157241544210724,-15.8698,-24.709099,-64.304,-15.8698,-24.709099,-64.304
157241554195099,-9.8976,-13.9116,23.268799,-9.8976,-13.9116,23.268799
157241564176870,3.0274,-0.5184,21.7622,3.0274,-0.5184,21.7622
157241574206557,1.5879999,8.5338,0.5667,1.5879999,8.5338,0.5667
157241584220620,-5.8462,5.3598,-4.8947,-5.8462,5.3598,-4.8947
157241594499787,-7.3698997,2.3890998,-19.8041,-7.3698997,2.3890998,-19.8041
157241604231037,-2.2208,2.8185,-2.1785998,-2.2208,2.8185,-2.1785998
157241616575307,9.605,-3.1871998,-2.2635999,9.605,-3.1871998,-2.2635999
157241624210203,5.3669996,-2.2317998,-2.6353,5.3669996,-2.2317998,-2.6353
157241634175307,2.3172,-0.2043,-2.4253,2.3172,-0.2043,-2.4253
157241644547182,5.3085,-0.96,-1.938,5.3085,-0.96,-1.938
157241654184162,8.4307995,-2.1088998,-1.9038999,8.4307995,-2.1088998,-1.9038999
157241664223224,8.1932,-2.4740999,-2.5588,8.1932,-2.4740999,-2.5588
157241674220620,6.0404,-3.8384998,-1.1319,6.0404,-3.8384998,-1.1319
157241684194578,5.6658,-6.0762997,-1.7526,5.6658,-6.0762997,-1.7526
157241694195620,6.4493,-8.4211,-1.1099,6.4493,-8.4211,-1.1099
157241704237287,7.4367,-10.3496,-2.7031,7.4367,-10.3496,-2.7031
157241714510724,7.3945,-12.188399,-11.5921,7.3945,-12.188399,-11.5921
157241724221141,10.6325,-13.4698,-15.605599,10.6325,-13.4698,-15.605599
157241734161245,21.742899,-11.203099,-20.0677,21.742899,-11.203099,-20.0677
157241744202912,46.7029,26.6418,29.748798,46.7029,26.6418,29.748798
157241754200828,17.774,44.293,5.7981,17.774,44.293,5.7981
157241764185724,-29.351799,14.2121,-1.8773999,-29.351799,14.2121,-1.8773999
157241774172703,-6.7615,-9.6305,-7.8947997,-6.7615,-9.6305,-7.8947997
157241784239891,-6.2072,-15.2006,-0.8262,-6.2072,-15.2006,-0.8262
157241794200307,-9.6475,-9.665299,2.8634,-9.6475,-9.665299,2.8634
157241804272182,0.38259998,-2.3274999,-2.2563999,0.38259998,-2.3274999,-2.2563999
157241814183120,4.3231997,5.667,-3.0656,4.3231997,5.667,-3.0656
157241824202391,10.8688,14.0034,-6.4572997,10.8688,14.0034,-6.4572997
157241834498745,9.7568,5.8589,-8.8348,9.7568,5.8589,-8.8348
157241844513849,7.3739,-2.3037,-4.1514997,7.3739,-2.3037,-4.1514997
157241854230516,8.105599,-3.1819,-1.2498,8.105599,-3.1819,-1.2498
157241864208120,3.7252998,3.4908998,-4.1457,3.7252998,3.4908998,-4.1457
157241874168016,1.5724,4.883,-3.0944,1.5724,4.883,-3.0944
157241884208641,0.9388,4.5653,0.3242,0.9388,4.5653,0.3242
157241894198745,1.4925,3.6209,0.28599998,1.4925,3.6209,0.28599998
157241904208120,2.3727999,3.6037,1.4919,2.3727999,3.6037,1.4919
157241914179474,3.2495,3.9213,3.1037,3.2495,3.9213,3.1037
157241924241453,4.1302,4.0263,3.9385998,4.1302,4.0263,3.9385998
157241934174787,4.2735,3.8312,3.9469,4.2735,3.8312,3.9469
157241944225307,3.8051999,4.0476,4.9235,3.8051999,4.0476,4.9235
157241954509682,2.3388,3.5848,6.0737996,2.3388,3.5848,6.0737996
157241964224266,1.7274,2.8011,7.2349,1.7274,2.8011,7.2349
157241974204474,2.0665998,1.4265,8.318,2.0665998,1.4265,8.318
157241984345620,2.2786999,-0.1475,7.2198,2.2786999,-0.1475,7.2198
157241994211245,2.8255,-0.937,8.3686,2.8255,-0.937,8.3686
157242004224787,4.1721997,-0.369,7.1281,4.1721997,-0.369,7.1281
157242014202912,4.7882,1.2573999,7.5828996,4.7882,1.2573999,7.5828996
157242024220620,4.6654997,3.6825,7.4686,4.6654997,3.6825,7.4686
157242034182599,3.2352,5.6,4.0236998,3.2352,5.6,4.0236998
157242044472703,0.269,5.9021,2.5368,0.269,5.9021,2.5368
157242054182599,-1.4470999,4.4718,0.9887,-1.4470999,4.4718,0.9887
157242064272182,-0.80509996,2.8969,0.3551,-0.80509996,2.8969,0.3551
157242074811766,0.9902,1.1625,-0.72099996,0.9902,1.1625,-0.72099996
157242084224266,3.1002998,-0.0139,-1.4182999,3.1002998,-0.0139,-1.4182999
157242094198224,4.5418,-0.007999999,1.2535,4.5418,-0.007999999,1.2535
157242104184162,5.8348,0.78459996,5.3757,5.8348,0.78459996,5.3757
157242117871662,6.5843,1.3942,5.4884996,6.5843,1.3942,5.4884996
157242124235203,7.132,0.4323,5.1842,7.132,0.4323,5.1842
157242134210203,4.5564,0.067099996,6.1268997,4.5564,0.067099996,6.1268997
157242144218016,1.9715999,0.057099998,4.6868997,1.9715999,0.057099998,4.6868997
157242154189891,-0.26209998,-0.1829,2.2875,-0.26209998,-0.1829,2.2875
157242164220099,-1.2936,-0.5808,0.6404,-1.2936,-0.5808,0.6404
157242174213328,0.115499996,-1.3105999,0.83419997,0.115499996,-1.3105999,0.83419997
157242184194578,3.3086998,-1.9146999,-0.97789997,3.3086998,-1.9146999,-0.97789997
157242194806037,6.4561996,-2.1523,-0.56229997,6.4561996,-2.1523,-0.56229997
157242204233641,8.360499,-2.4376,-2.9596,8.360499,-2.4376,-2.9596
157242214180516,8.2339,-2.6849,-8.141399,8.2339,-2.6849,-8.141399
157242224525828,7.5736,-1.9113,-4.2223997,7.5736,-1.9113,-4.2223997
157242234177912,5.8099,-0.5652,-5.0934,5.8099,-0.5652,-5.0934
157242244495620,5.4733,-0.1227,-6.1547,5.4733,-0.1227,-6.1547
157242254440932,5.8361998,-0.3116,-6.4202,5.8361998,-0.3116,-6.4202
157242264230516,6.2472,0.1336,-5.5382,6.2472,0.1336,-5.5382
157242274288849,4.9066,0.6631,-4.9143,4.9066,0.6631,-4.9143
157242284484682,3.3902,0.60539997,-4.9024997,3.3902,0.60539997,-4.9024997
157242294196662,3.3204,-0.5191,-4.2938,3.3204,-0.5191,-4.2938
157242304191453,4.4382997,-2.2525,-5.2736998,4.4382997,-2.2525,-5.2736998
157242314798224,5.7086,-3.7273,-8.3749,5.7086,-3.7273,-8.3749
157242324215412,7.6011996,-3.8444,-7.1085997,7.6011996,-3.8444,-7.1085997
157242334181037,5.1773996,-0.9945,-2.4152,5.1773996,-0.9945,-2.4152
157242344250307,0.29639998,2.906,1.4516,0.29639998,2.906,1.4516
157242354154995,-0.6551,4.5236,4.4153,-0.6551,4.5236,4.4153
157242364214891,3.8341,2.8479998,5.25,3.8341,2.8479998,5.25
157242374215932,6.2749996,1.9548999,3.2470999,6.2749996,1.9548999,3.2470999
157242384202912,5.4526997,3.1622999,2.7152998,5.4526997,3.1622999,2.7152998
157242394183120,3.3251,4.1498,2.7096,3.3251,4.1498,2.7096
157242404220620,0.74439996,4.3691,3.2831,0.74439996,4.3691,3.2831
157242414207078,-0.88409996,3.1631,3.2222998,-0.88409996,3.1631,3.2222998
157242424246662,-0.7747,1.5596,3.0667999,-0.7747,1.5596,3.0667999
157242434514370,-0.2999,0.7779,2.3955,-0.2999,0.7779,2.3955
157242444515932,0.12529999,1.0601,2.0934,0.12529999,1.0601,2.0934
157242454188849,1.3362,1.444,1.6724,1.3362,1.444,1.6724
157242464237287,2.9448,1.62,1.0425999,2.9448,1.62,1.0425999
157242474182599,3.7579,1.4958,0.3775,3.7579,1.4958,0.3775
157242484258120,4.2686,1.5627999,0.2445,4.2686,1.5627999,0.2445
157242494169578,3.9810998,1.379,0.6252,3.9810998,1.379,0.6252
157242504205516,3.4777,0.96089995,1.171,3.4777,0.96089995,1.171
157242514225828,2.8274999,0.44979998,1.7326,2.8274999,0.44979998,1.7326
157242524200828,2.8660998,0.1962,2.3392,2.8660998,0.1962,2.3392
157242534209162,2.8976998,0.43109998,2.7143998,2.8976998,0.43109998,2.7143998
157242544337286,3.1471,1.1398,2.7431998,3.1471,1.1398,2.7431998
157242554601870,3.4692998,1.2435,1.9683,3.4692998,1.2435,1.9683
157242564213849,3.2612,1.0084,1.4779999,3.2612,1.0084,1.4779999
157242574185203,2.2003,0.68579996,1.5224999,2.2003,0.68579996,1.5224999
157242584211245,1.3239,0.7338,1.9524,1.3239,0.7338,1.9524
157242594187286,0.8129,0.8063,2.3471,0.8129,0.8063,2.3471
157242604241974,1.1985999,0.5984,3.0235999,1.1985999,0.5984,3.0235999
157242616903432,2.1336,0.3039,3.4706,2.1336,0.3039,3.4706
157242624227911,4.732,1.1335,3.3762,4.732,1.1335,3.3762
157242634174266,4.6728,0.96459997,2.6351,4.6728,0.96459997,2.6351
157242644528953,3.8988,0.4666,2.6573,3.8988,0.4666,2.6573
157242654173224,2.3867,0.0143,2.5949,2.3867,0.0143,2.5949
157242664200307,1.6264,-0.0015,2.6905,1.6264,-0.0015,2.6905
157242674479995,1.7468,0.5733,2.6669998,1.7468,0.5733,2.6669998
157242684232078,2.7803,1.0762,2.5355,2.7803,1.0762,2.5355
157242694258120,3.5902,0.7798,2.2956998,3.5902,0.7798,2.2956998
157242704199786,3.8511999,0.60749996,2.1801,3.8511999,0.60749996,2.1801
157242714194057,3.2956998,0.5729,2.0047,3.2956998,0.5729,2.0047
157242724188328,2.6122,0.5469,1.9106,2.6122,0.5469,1.9106
157242734186766,2.2433,0.20809999,1.9677,2.2433,0.20809999,1.9677
157242744263849,1.9998,0.1449,2.3456,1.9998,0.1449,2.3456
157242754168536,1.5817,0.5739,2.3844,1.5817,0.5739,2.3844
157242764235203,1.9406999,0.95199996,2.0918999,1.9406999,0.95199996,2.0918999
157242774175828,2.2254,0.6847,1.7200999,2.2254,0.6847,1.7200999
157242784221661,2.2784,0.5128,1.8002,2.2784,0.5128,1.8002
157242794542495,2.3862998,0.4587,1.9559,2.3862998,0.4587,1.9559
157242804185203,2.9538999,0.41279998,1.7709,2.9538999,0.41279998,1.7709
157242814169578,3.0783,0.2794,1.5797,3.0783,0.2794,1.5797
157242824214891,2.6081998,0.3511,1.5417,2.6081998,0.3511,1.5417
157242834188849,2.1157,0.5117,1.2724,2.1157,0.5117,1.2724
157242844506557,2.1907,0.6999,1.4003999,2.1907,0.6999,1.4003999
157242854190932,1.9767,0.6701,1.6881,1.9767,0.6701,1.6881
157242864201349,1.9578999,0.5724,1.816,1.9578999,0.5724,1.816
157242874463328,2.017,0.39499998,1.6897,2.017,0.39499998,1.6897
157242884224266,1.4624,0.4813,1.7754999,1.4624,0.4813,1.7754999
157242894178432,1.9247999,0.4606,1.7530999,1.9247999,0.4606,1.7530999
157242904250828,2.5314,0.4878,1.8644999,2.5314,0.4878,1.8644999
157242914516974,2.5289,0.46249998,1.9004999,2.5289,0.46249998,1.9004999
157242924228432,2.6704,0.4407,1.9886999,2.6704,0.4407,1.9886999
157242934188328,2.6992,0.2678,1.9575,2.6992,0.2678,1.9575
157242944191974,2.7689998,0.20699999,1.9729999,2.7689998,0.20699999,1.9729999
157242954182599,2.5661,0.20439999,1.7851,2.5661,0.20439999,1.7851
157242964259682,2.4492,0.3493,1.7817999,2.4492,0.3493,1.7817999
157242974202911,2.1157,0.49749997,1.8091999,2.1157,0.49749997,1.8091999
157242984205516,2.0262,0.5728,1.9419999,2.0262,0.5728,1.9419999
157242994181557,1.9537,0.3403,1.7739999,1.9537,0.3403,1.7739999
157243004210203,2.0695,-0.0654,1.8462,2.0695,-0.0654,1.8462
157243014184682,2.1569998,0.564,1.7659999,2.1569998,0.564,1.7659999
157243024199786,2.222,0.6281,1.8471999,2.222,0.6281,1.8471999
157243034487807,2.2293,0.3362,1.7785,2.2293,0.3362,1.7785
157243044519578,2.234,0.3218,1.7442,2.234,0.3218,1.7442
157243054189891,2.1339,0.2762,1.796,2.1339,0.2762,1.796
157243064204995,2.0530999,0.1348,1.8319,2.0530999,0.1348,1.8319
157243074189891,2.0061,-0.0071,1.7585,2.0061,-0.0071,1.7585
157243084223745,2.2423,0.17539999,1.6179,2.2423,0.17539999,1.6179
157243094156036,2.3344998,0.4263,1.4365,2.3344998,0.4263,1.4365
157243104232078,2.517,0.4626,1.4331,2.517,0.4626,1.4331
157243117403953,2.3803,0.36069998,1.4022,2.3803,0.36069998,1.4022
157243124199266,2.221,0.44599998,1.4670999,2.221,0.44599998,1.4670999
157243134214891,1.8766999,0.1994,1.6069,1.8766999,0.1994,1.6069
157243144185724,1.7371999,0.1572,1.5346999,1.7371999,0.1572,1.5346999
157243154501870,1.7046,0.2175,1.3291999,1.7046,0.2175,1.3291999
157243164289370,1.844,0.4879,1.3247,1.844,0.4879,1.3247
157243174165411,1.7498,0.4201,1.3435999,1.7498,0.4201,1.3435999
157243184225307,1.867,0.3171,1.4755,1.867,0.3171,1.4755
157243194186766,1.8656,0.28689998,1.4703,1.8656,0.28689998,1.4703
157243204201870,1.9811,0.29119998,1.4244,1.9811,0.29119998,1.4244
157243214193536,2.0047,0.2805,1.3432,2.0047,0.2805,1.3432
157243224211766,2.2017999,0.2454,1.3141999,2.2017999,0.2454,1.3141999
157243234184682,2.0866,0.2154,1.2445999,2.0866,0.2154,1.2445999
157243244499266,2.0282,0.24839999,1.2626,2.0282,0.24839999,1.2626
157243254206557,2.0026,0.071899995,1.2229999,2.0026,0.071899995,1.2229999
157243264209161,2.0607998,0.065,1.3079,2.0607998,0.065,1.3079
157243274506557,1.9682,0.3195,1.3607999,1.9682,0.3195,1.3607999
157243284209682,2.04,0.3895,1.4433999,2.04,0.3895,1.4433999
157243294183120,1.9771999,0.2814,1.3869,1.9771999,0.2814,1.3869
157243304219057,1.9985,0.2137,1.3621,1.9985,0.2137,1.3621
157243314199786,1.8031,0.2251,1.3101,1.8031,0.2251,1.3101
157243324240932,1.7537999,0.2454,1.3945,1.7537999,0.2454,1.3945
157243334222182,1.7071999,0.267,1.3615999,1.7071999,0.267,1.3615999
157243344195099,1.8462,0.3463,1.3471999,1.8462,0.3463,1.3471999
157243354197182,1.7887,0.3387,1.3249999,1.7887,0.3387,1.3249999
157243364216974,1.7904999,0.27089998,1.3605,1.7904999,0.27089998,1.3605
157243374177911,1.7716999,0.2538,1.3593,1.7716999,0.2538,1.3593
157243384216453,1.8915999,0.2253,1.4936999,1.8915999,0.2253,1.4936999
157243394524266,1.9276999,0.2463,1.6046,1.9276999,0.2463,1.6046
157243404214891,2.267,0.3752,1.5339999,2.267,0.3752,1.5339999
157243414171141,2.4248,0.258,1.3291999,2.4248,0.258,1.3291999
157243424195099,2.5066,0.0233,1.2774999,2.5066,0.0233,1.2774999
157243434178953,2.2848,0.026099999,1.0735999,2.2848,0.026099999,1.0735999
157243444527911,2.0805,0.1052,1.0052,2.0805,0.1052,1.0052
157243454156557,1.8154,0.131,1.0128,1.8154,0.131,1.0128
157243464213328,1.7172999,0.2298,1.0551,1.7172999,0.2298,1.0551
157243474200307,1.5781,0.2764,1.0911,1.5781,0.2764,1.0911
157243484206036,1.6425999,0.27629998,1.1523,1.6425999,0.27629998,1.1523
157243494165411,1.6962,0.2244,1.0702,1.6962,0.2244,1.0702
157243504241974,1.8384999,0.21409999,0.9625,1.8384999,0.21409999,0.9625
157243514476349,1.8583,0.1231,0.89479995,1.8583,0.1231,0.89479995
157243524206557,1.7833999,0.082899995,0.9431,1.7833999,0.082899995,0.9431
157243534238328,1.5952,0.1205,0.9334,1.5952,0.1205,0.9334
157243544190411,1.7363,0.17819999,0.893,1.7363,0.17819999,0.893
157243554163849,1.6538999,0.1867,0.8078,1.6538999,0.1867,0.8078
157243564172703,1.6653999,0.2438,0.85359997,1.6653999,0.2438,0.85359997
157243574165411,1.6896,0.232,0.89169997,1.6896,0.232,0.89169997
157243584277911,1.8993,0.21059999,0.8774,1.8993,0.21059999,0.8774
157243594146141,1.8397,0.169,0.8473,1.8397,0.169,0.8473
157243604223745,1.6959,0.1863,0.96849996,1.6959,0.1863,0.96849996
157243616953953,1.3464999,0.27339998,1.0602,1.3464999,0.27339998,1.0602
157243624206036,1.3500999,0.212,1.1302999,1.3500999,0.212,1.1302999
157243634537807,1.592,0.072799996,0.9874,1.592,0.072799996,0.9874
157243644501349,1.6056,0.2076,1.0191,1.6056,0.2076,1.0191
157243654154995,1.6304,0.1078,0.99469995,1.6304,0.1078,0.99469995
157243664190932,1.5258,0.0954,1.1062,1.5258,0.0954,1.1062
157243674208120,1.5511,0.113699995,1.0045,1.5511,0.113699995,1.0045
157243684199265,1.6413,0.2874,0.92939997,1.6413,0.2874,0.92939997
157243694162286,1.3626,0.5818,0.91719997,1.3626,0.5818,0.91719997
157243704201349,2.0579,0.2253,0.9393,2.0579,0.2253,0.9393
157243714157599,1.3648,0.1081,0.8426,1.3648,0.1081,0.8426
157243724198745,1.6604999,0.23249999,0.718,1.6604999,0.23249999,0.718
157243734187286,1.2868,0.1853,0.6746,1.2868,0.1853,0.6746
157243744236245,0.9088,0.1529,0.78389996,0.9088,0.1529,0.78389996
157243754468536,0.98759997,0.35189998,0.6893,0.98759997,0.35189998,0.6893
157243764189890,2.2133,0.0733,0.56979996,2.2133,0.0733,0.56979996
157243774176349,1.7895,-0.1236,0.6116,1.7895,-0.1236,0.6116
