157215281141978,-0.0084,-0.0121,-0.0257,-0.0084,-0.0121,-0.0257
157215290214895,-0.0079,-0.0121,-0.0257,-0.0079,-0.0121,-0.0257
157215300252395,-0.013499999,-0.012,-0.024,-0.013499999,-0.012,-0.024
157215310213853,0.1107,-0.1193,-0.076799996,0.1107,-0.1193,-0.076799996
157215320297186,0.1256,-0.1486,0.0122,0.1256,-0.1486,0.0122
157215330213853,0.1148,-0.0503,0.0184,0.1148,-0.0503,0.0184
157215340243541,0.0321,-0.1286,-0.0301,0.0321,-0.1286,-0.0301
157215350554999,-0.098,-0.11889999,-0.0676,-0.098,-0.11889999,-0.0676
157215360245624,-0.1217,-0.0502,-0.086799994,-0.1217,-0.0502,-0.086799994
157215370225832,-0.095699996,-0.0111,-0.0663,-0.095699996,-0.0111,-0.0663
157215380238332,-0.1291,-0.0404,-0.1249,-0.1291,-0.0404,-0.1249
157215390225832,-0.0209,-0.0109,-0.1109,-0.0209,-0.0109,-0.1109
157215400245624,0.0634,0.057699997,-0.0814,0.0634,0.057699997,-0.0814
157215410265416,-0.0791,-0.011,-0.0524,-0.0791,-0.011,-0.0524
157215420718020,-0.1417,-0.059899997,-0.0818,-0.1417,-0.059899997,-0.0818
157215430951353,-0.1713,-0.0504,-0.0537,-0.1713,-0.0504,-0.0537
157215440946666,-0.45589998,-0.018199999,-0.4416,-0.45589998,-0.018199999,-0.4416
157215450942499,-0.41619998,-0.0197,-0.4331,-0.41619998,-0.0197,-0.4331
157215460995624,-0.6362,-0.0082,-0.8135,-0.6362,-0.0082,-0.8135
157215471261249,-0.5631,-0.0122,-0.81509995,-0.5631,-0.0122,-0.81509995
157215481273749,-0.82799995,0.0427,-1.1611,-0.82799995,0.0427,-1.1611
157215490921666,-0.8224,0.0548,-1.0462999,-0.8224,0.0548,-1.0462999
157215500954478,-1.1164,0.0814,-1.3379999,-1.1164,0.0814,-1.3379999
157215510944061,-1.1556,0.0792,-1.2751,-1.1556,0.0792,-1.2751
157215520929999,-1.4320999,0.1928,-1.5461,-1.4320999,0.1928,-1.5461
157215530935207,-1.2358,0.17719999,-1.5408,-1.2358,0.17719999,-1.5408
157215540950311,-1.3629999,0.30699998,-1.9131,-1.3629999,0.30699998,-1.9131
157215550910207,-1.2952,0.28759998,-1.8182,-1.2952,0.28759998,-1.8182
157215561014374,-1.5328,0.3146,-1.9873999,-1.5328,0.3146,-1.9873999
157215571002916,-1.4501,0.2626,-1.8925999,-1.4501,0.2626,-1.8925999
157215581005520,-1.5897,0.4006,-2.1627,-1.5897,0.4006,-2.1627
157215591317499,-1.5755999,0.3845,-2.0909998,-1.5755999,0.3845,-2.0909998
157215601065936,-1.8234999,0.40719998,-2.2207,-1.8234999,0.40719998,-2.2207
157215612700311,-1.8691,0.4565,-2.1132998,-1.8691,0.4565,-2.1132998
157215621039374,-2.1162999,0.69589996,-2.2886999,-2.1162999,0.69589996,-2.2886999
157215631191457,-2.059,0.5652,-2.2288,-2.059,0.5652,-2.2288
157215641208124,-2.1796,0.4328,-2.5218,-2.1796,0.4328,-2.5218
157215651182603,-2.0019999,0.0749,-2.3473,-2.0019999,0.0749,-2.3473
157215661195103,-2.2851999,0.40489998,-2.5828,-2.2851999,0.40489998,-2.5828
157215671200311,-2.4473999,0.4254,-2.4125,-2.4473999,0.4254,-2.4125
157215681509686,-2.2208,0.42409998,-2.5908,-2.2208,0.42409998,-2.5908
157215691144582,-2.4291,0.3365,-2.4686,-2.4291,0.3365,-2.4686
157215701200311,-2.3530998,0.5801,-2.6274998,-2.3530998,0.5801,-2.6274998
157215711515936,-1.9368999,0.69979995,-2.5721,-1.9368999,0.69979995,-2.5721
157215721194582,-1.8374,0.69839996,-2.6826,-1.8374,0.69839996,-2.6826
157215731162811,-1.642,0.4563,-2.6397998,-1.642,0.4563,-2.6397998
157215741241978,-1.6284,0.585,-2.8669999,-1.6284,0.585,-2.8669999
157215751166457,-1.5412999,0.60499996,-2.8286,-1.5412999,0.60499996,-2.8286
157215761232082,-1.8959,0.7216,-3.0609999,-1.8959,0.7216,-3.0609999
157215771184686,-2.0595999,0.67719996,-2.8077998,-2.0595999,0.67719996,-2.8077998
157215781178957,-2.5942,0.8955,-2.6654,-2.5942,0.8955,-2.6654
157215791161249,-2.4095,0.7802,-2.6011,-2.4095,0.7802,-2.6011
157215801215936,-2.3362,0.7927,-2.7663999,-2.3362,0.7927,-2.7663999
157215811200311,-2.1618,0.7071,-2.6761,-2.1618,0.7071,-2.6761
157215821218020,-2.2421,0.8214,-2.9383,-2.2421,0.8214,-2.9383
157215831463853,-2.0514,0.7718,-2.9838998,-2.0514,0.7718,-2.9838998
157215841203957,-2.1791,0.8829,-3.0256999,-2.1791,0.8829,-3.0256999
157215851179478,-2.2524,0.9191,-2.9226,-2.2524,0.9191,-2.9226
157215861168541,-2.3385,1.2136999,-2.8741,-2.3385,1.2136999,-2.8741
157215871175832,-2.1332998,1.275,-2.3253,-2.1332998,1.275,-2.3253
157215881541457,-2.2196,0.9709,-2.5340998,-2.2196,0.9709,-2.5340998
157215891143541,-1.8095,0.7219,-2.4780998,-1.8095,0.7219,-2.4780998
157215901202916,-1.9101,0.8573,-2.4166,-1.9101,0.8573,-2.4166
157215911170103,-2.2259998,0.5132,-2.9528,-2.2259998,0.5132,-2.9528
157215921198228,-2.3916,0.6221,-3.5065,-2.3916,0.6221,-3.5065
157215931165416,-3.0112998,0.71489996,-3.3697,-3.0112998,0.71489996,-3.3697
157215941199791,-4.0701,1.1215999,-3.6955,-4.0701,1.1215999,-3.6955
157215951512291,-4.1809998,1.4878,-3.9708998,-4.1809998,1.4878,-3.9708998
157215961199270,-3.5867,1.4828,-4.3991,-3.5867,1.4828,-4.3991
157215971163332,-2.8501,1.1809,-4.1928997,-2.8501,1.1809,-4.1928997
157215981233645,-2.5147,1.0806999,-4.5165,-2.5147,1.0806999,-4.5165
157215991174270,-2.2113,0.92039996,-4.43,-2.2113,0.92039996,-4.43
157216001181041,-2.3487,1.0756,-4.2901,-2.3487,1.0756,-4.2901
157216011162811,-2.3093998,1.1072999,-3.9654999,-2.3093998,1.1072999,-3.9654999
157216021241978,-2.3941,1.201,-4.0357,-2.3941,1.201,-4.0357
157216031194061,-3.0421999,1.0337,-3.7138999,-3.0421999,1.0337,-3.7138999
157216041186249,-3.3212,1.2564,-3.4642,-3.3212,1.2564,-3.4642
157216051173749,-3.1186,1.3745999,-3.3992999,-3.1186,1.3745999,-3.3992999
157216061173749,-2.8764,1.2415999,-3.8581998,-2.8764,1.2415999,-3.8581998
157216071497707,-2.7096,0.9967,-3.9055998,-2.7096,0.9967,-3.9055998
157216081538332,-3.0073,1.1862,-3.879,-3.0073,1.1862,-3.879
157216091183124,-3.0354998,1.1787,-3.4534,-3.0354998,1.1787,-3.4534
157216101190416,-2.9435,1.2515,-3.4642,-2.9435,1.2515,-3.4642
157216114293020,-2.6492,1.2193999,-3.4636,-2.6492,1.2193999,-3.4636
157216121205520,-2.3941,1.236,-3.8184998,-2.3941,1.236,-3.8184998
157216131201874,-2.1282,0.9895,-3.7357998,-2.1282,0.9895,-3.7357998
157216141180520,-2.379,1.1083,-4.2690997,-2.379,1.1083,-4.2690997
157216151162811,-2.8023999,1.2070999,-3.9401,-2.8023999,1.2070999,-3.9401
157216161273228,-3.4355,1.4542999,-3.9048998,-3.4355,1.4542999,-3.9048998
157216171165936,-3.4880998,1.553,-3.4972,-3.4880998,1.553,-3.4972
157216181306561,-3.1634,1.4836,-3.4984,-3.1634,1.4836,-3.4984
157216191491457,-2.5841,1.1381999,-3.6732,-2.5841,1.1381999,-3.6732
157216201196145,-2.6259,1.2214,-3.7891,-2.6259,1.2214,-3.7891
157216211176874,-2.7375998,1.209,-3.4213,-2.7375998,1.209,-3.4213
157216221231041,-2.9661,1.2642,-3.5956,-2.9661,1.2642,-3.5956
157216231209686,-3.0677998,1.2852,-3.6866999,-3.0677998,1.2852,-3.6866999
157216241223228,-3.2675998,1.518,-3.8111,-3.2675998,1.518,-3.8111
157216251202395,-3.077,1.4417,-3.5902998,-3.077,1.4417,-3.5902998
157216261181041,-2.8516,1.4513999,-3.6325,-2.8516,1.4513999,-3.6325
157216271190416,-2.4399,1.3154,-3.3523,-2.4399,1.3154,-3.3523
157216281578957,-2.2983,1.3031,-3.419,-2.2983,1.3031,-3.419
157216291178436,-2.5173,1.2645,-3.1559,-2.5173,1.2645,-3.1559
157216301254999,-2.8504999,1.3603,-3.2252998,-2.8504999,1.3603,-3.2252998
157216311488332,-2.8771,1.3168,-3.1355999,-2.8771,1.3168,-3.1355999
157216321213853,-2.9229999,1.4706999,-3.2326999,-2.9229999,1.4706999,-3.2326999
157216331175832,-2.7119,1.4537,-3.4153,-2.7119,1.4537,-3.4153
157216341210728,-2.7775,1.5646,-3.5314,-2.7775,1.5646,-3.5314
157216351195624,-2.6562,1.4616,-3.1304,-2.6562,1.4616,-3.1304
157216361235207,-2.7024,1.4527999,-3.0546,-2.7024,1.4527999,-3.0546
157216371212811,-2.5735,1.2882,-3.2556999,-2.5735,1.2882,-3.2556999
157216381209686,-2.8927,1.4547,-3.2054,-2.8927,1.4547,-3.2054
157216391201874,-3.1085,1.4907999,-3.0716,-3.1085,1.4907999,-3.0716
157216401262290,-3.2766,1.6752,-3.1274998,-3.2766,1.6752,-3.1274998
157216411180520,-3.1381,1.6011,-3.07,-3.1381,1.6011,-3.07
157216421241978,-3.0274,1.5732,-3.2621999,-3.0274,1.5732,-3.2621999
157216431493540,-2.7185,1.4108,-3.2682,-2.7185,1.4108,-3.2682
157216441251874,-2.7661,1.4900999,-3.3288999,-2.7661,1.4900999,-3.3288999
157216451232603,-2.8999,1.503,-3.0277998,-2.8999,1.503,-3.0277998
157216461204478,-3.1766,1.6031,-2.9394999,-3.1766,1.6031,-2.9394999
157216471190415,-3.0563998,1.4753,-2.9154,-3.0563998,1.4753,-2.9154
157216481514895,-3.0253,1.561,-3.2128,-3.0253,1.561,-3.2128
157216491180520,-2.9522998,1.5761,-3.2505999,-2.9522998,1.5761,-3.2505999
157216501326874,-3.1662,1.7284,-3.2886999,-3.1662,1.7284,-3.2886999
157216511212811,-3.191,1.6425999,-3.1246998,-3.191,1.6425999,-3.1246998
157216521223228,-3.2043,1.6366999,-3.2042,-3.2043,1.6366999,-3.2042
157216531197707,-2.9334998,1.4842,-3.2705998,-2.9334998,1.4842,-3.2705998
157216541204478,-3.1664,1.7014999,-3.5964,-3.1664,1.7014999,-3.5964
157216551573749,-3.3044,1.6429,-3.3825998,-3.3044,1.6429,-3.3825998
157216561234686,-3.5026,1.7177999,-3.4297998,-3.5026,1.7177999,-3.4297998
157216574031561,-3.3523,1.5913999,-3.3588998,-3.3523,1.5913999,-3.3588998
157216581322186,-3.3906,1.6999999,-3.4865,-3.3906,1.6999999,-3.4865
157216591163853,-3.3234,1.6621,-3.4016,-3.3234,1.6621,-3.4016
157216601273228,-3.4094,1.7242999,-3.4473,-3.4094,1.7242999,-3.4473
157216613306561,-3.202,1.5789,-3.3072999,-3.202,1.5789,-3.3072999
157216621208124,-3.187,1.6587,-3.3904998,-3.187,1.6587,-3.3904998
157216631196145,-2.9968998,1.5755,-3.3184998,-2.9968998,1.5755,-3.3184998
157216641237811,-3.0886998,1.6826999,-3.3787,-3.0886998,1.6826999,-3.3787
157216651227915,-3.0609,1.5602,-3.2524998,-3.0609,1.5602,-3.2524998
157216661225832,-3.2182999,1.5995,-3.3759,-3.2182999,1.5995,-3.3759
157216671519582,-3.2029998,1.602,-3.3207998,-3.2029998,1.602,-3.3207998
157216681478957,-3.3572998,1.7763,-3.3836,-3.3572998,1.7763,-3.3836
157216691195103,-3.2428,1.6908,-3.2812998,-3.2428,1.6908,-3.2812998
157216701264895,-3.2612998,1.7082,-3.3227,-3.2612998,1.7082,-3.3227
157216711182603,-3.2168999,1.5158,-3.2503,-3.2168999,1.5158,-3.2503
157216721248749,-3.3026,1.6298,-3.2705,-3.3026,1.6298,-3.2705
157216731178957,-3.2191,1.5852,-3.1504998,-3.2191,1.5852,-3.1504998
157216741204999,-3.3265,1.6805999,-3.2098,-3.3265,1.6805999,-3.2098
157216751174270,-3.1383,1.528,-3.2036998,-3.1383,1.528,-3.2036998
157216761209686,-3.1178,1.6422,-3.34,-3.1178,1.6422,-3.34
157216771182603,-3.0565999,1.5874,-3.2161,-3.0565999,1.5874,-3.2161
157216781218020,-3.2189999,1.6712999,-3.3248,-3.2189999,1.6712999,-3.3248
157216791523228,-3.3155,1.5741999,-3.2433999,-3.3155,1.5741999,-3.2433999
157216801198749,-3.5216,1.7184,-3.3307,-3.5216,1.7184,-3.3307
157216811204478,-3.4013999,1.67,-3.2201,-3.4013999,1.67,-3.2201
157216821210207,-3.3836,1.7257999,-3.2856,-3.3836,1.7257999,-3.2856
157216831177915,-3.2026,1.5813999,-3.2196,-3.2026,1.5813999,-3.2196
157216841231040,-3.1931999,1.6455,-3.3325999,-3.1931999,1.6455,-3.3325999
157216851160207,-3.093,1.5215,-3.2554,-3.093,1.5215,-3.2554
157216861256561,-3.3112998,1.6173999,-3.3319,-3.3112998,1.6173999,-3.3319
157216871208645,-3.3492,1.5393,-3.2581,-3.3492,1.5393,-3.2581
157216881488853,-3.4373,1.7312,-3.3625998,-3.4373,1.7312,-3.3625998
157216891187811,-3.3481998,1.6725999,-3.2777,-3.3481998,1.6725999,-3.2777
157216901183124,-3.4278,1.6678,-3.3504,-3.4278,1.6678,-3.3504
157216911513332,-3.3019998,1.5904,-3.2542,-3.3019998,1.5904,-3.2542
157216921316457,-3.4845998,1.6998999,-3.276,-3.4845998,1.6998999,-3.276
157216931184686,-3.4053998,1.6035,-3.164,-3.4053998,1.6035,-3.164
157216941204999,-3.378,1.6378,-3.2752,-3.378,1.6378,-3.2752
157216951189895,-3.1776998,1.5827999,-3.1894,-3.1776998,1.5827999,-3.1894
157216961205520,-3.2728999,1.6191,-3.2991998,-3.2728999,1.6191,-3.2991998
157216971240415,-3.199,1.5144999,-3.2036,-3.199,1.5144999,-3.2036
157216981209165,-3.3439999,1.6295999,-3.274,-3.3439999,1.6295999,-3.274
157216991175311,-3.3534,1.5724,-3.1608999,-3.3534,1.5724,-3.1608999
157217001222186,-3.4385,1.6084,-3.2407,-3.4385,1.6084,-3.2407
157217011196145,-3.3493998,1.5611999,-3.1381998,-3.3493998,1.5611999,-3.1381998
157217021231040,-3.4652,1.6811999,-3.2285,-3.4652,1.6811999,-3.2285
157217031500832,-3.3270998,1.5654,-3.1743,-3.3270998,1.5654,-3.1743
157217041233645,-3.4429,1.6266999,-3.2753,-3.4429,1.6266999,-3.2753
157217051160207,-3.5056,1.5389999,-3.1455998,-3.5056,1.5389999,-3.1455998
157217061232603,-3.5693,1.6272,-3.2547998,-3.5693,1.6272,-3.2547998
157217071229999,-3.4591,1.6186999,-3.1901999,-3.4591,1.6186999,-3.1901999
157217081488332,-3.5175998,1.7076,-3.2663,-3.5175998,1.7076,-3.2663
157217091190415,-3.353,1.5533999,-3.2378,-3.353,1.5533999,-3.2378
157217101210728,-3.4657998,1.5662999,-3.2349,-3.4657998,1.5662999,-3.2349
157217114535207,-3.3867998,1.4984,-3.1848998,-3.3867998,1.4984,-3.1848998
157217121257603,-3.5238,1.7023,-3.2563999,-3.5238,1.7023,-3.2563999
157217131181040,-3.4622,1.597,-3.1543999,-3.4622,1.597,-3.1543999
157217141232603,-3.4908998,1.6233,-3.1648998,-3.4908998,1.6233,-3.1648998
157217151519061,-3.4401,1.5292,-3.0358,-3.4401,1.5292,-3.0358
157217161195624,-3.6365,1.6429,-3.0721,-3.6365,1.6429,-3.0721
157217171223749,-3.6028998,1.6069,-2.9735,-3.6028998,1.6069,-2.9735
157217181220624,-3.6123998,1.6405,-3.0556,-3.6123998,1.6405,-3.0556
157217191198749,-3.3142,1.4901999,-2.9810998,-3.3142,1.4901999,-2.9810998
157217201209686,-3.3219,1.5905,-3.0604,-3.3219,1.5905,-3.0604
157217211194582,-3.2317998,1.5001,-2.9559,-3.2317998,1.5001,-2.9559
157217221201353,-3.3971999,1.6305,-3.0455,-3.3971999,1.6305,-3.0455
157217231202395,-3.4078999,1.5868,-2.9247,-3.4078999,1.5868,-2.9247
157217241216457,-3.5918999,1.6671,-2.8955,-3.5918999,1.6671,-2.8955
157217251166978,-3.425,1.5459,-2.7489,-3.425,1.5459,-2.7489
157217261219061,-3.4492,1.6035,-2.7452,-3.4492,1.6035,-2.7452
157217271527395,-3.2947,1.4836,-2.6369,-3.2947,1.4836,-2.6369
157217281495103,-3.2416,1.5012,-2.6980999,-3.2416,1.5012,-2.6980999
157217291213853,-2.9754999,1.3938,-2.6072,-2.9754999,1.3938,-2.6072
157217301193540,-3.1636999,1.4977,-2.8355,-3.1636999,1.4977,-2.8355
157217311203436,-3.1546,1.4620999,-2.8745,-3.1546,1.4620999,-2.8745
157217321207082,-3.6062999,1.6431999,-2.8569999,-3.6062999,1.6431999,-2.8569999
157217331176353,-3.6706,1.5531,-2.7445998,-3.6706,1.5531,-2.7445998
157217341204478,-3.7763999,1.5051999,-2.8507,-3.7763999,1.5051999,-2.8507
157217351213853,-3.9048998,1.5007,-2.7646,-3.9048998,1.5007,-2.7646
157217361200311,-4.1177998,1.6162,-2.7759,-4.1177998,1.6162,-2.7759
157217371164374,-3.7907999,1.5057,-2.8305,-3.7907999,1.5057,-2.8305
157217381172186,-3.7779999,1.6000999,-3.0356998,-3.7779999,1.6000999,-3.0356998
157217391495103,-3.6453998,1.305,-3.0888,-3.6453998,1.305,-3.0888
157217401208124,-3.5087,1.342,-3.2839,-3.5087,1.342,-3.2839
157217411164895,-3.4682,1.5698,-3.1701,-3.4682,1.5698,-3.1701
157217421217499,-3.7157998,1.6967,-3.0644999,-3.7157998,1.6967,-3.0644999
157217431183644,-3.4287,1.3598,-2.8357,-3.4287,1.3598,-2.8357
157217441291457,-3.4675999,1.3438,-2.7610998,-3.4675999,1.3438,-2.7610998
157217451187290,-3.5214,1.2633,-2.6172,-3.5214,1.2633,-2.6172
157217461250832,-3.5641,1.3663,-2.6289,-3.5641,1.3663,-2.6289
157217471282603,-3.462,1.3952999,-2.4968998,-3.462,1.3952999,-2.4968998
157217481512290,-3.577,1.4646,-2.4278998,-3.577,1.4646,-2.4278998
157217491406561,-3.3495,1.27,-2.3555,-3.3495,1.27,-2.3555
157217501401874,-3.4329,1.3370999,-2.4306,-3.4329,1.3370999,-2.4306
157217511548228,-3.4092999,1.1996,-2.4227,-3.4092999,1.1996,-2.4227
157217521215936,-3.5079,1.3033999,-2.4687998,-3.5079,1.3033999,-2.4687998
157217531208644,-3.4313998,1.3421999,-2.3083,-3.4313998,1.3421999,-2.3083
157217541301874,-3.4847,1.4312999,-2.2323,-3.4847,1.4312999,-2.2323
157217551289374,-3.2545,1.2745,-2.4169,-3.2545,1.2745,-2.4169
157217561233644,-3.3404999,1.2801,-2.6904,-3.3404999,1.2801,-2.6904
157217571172707,-3.3234,1.1214,-2.5746,-3.3234,1.1214,-2.5746
157217581156040,-3.3462,1.3456,-2.6043,-3.3462,1.3456,-2.6043
157217591234165,-3.3915,1.4508,-2.5033,-3.3915,1.4508,-2.5033
157217601238853,-3.8251,1.301,-2.4536998,-3.8251,1.301,-2.4536998
157217613885207,-3.6803,0.9571,-2.2865,-3.6803,0.9571,-2.2865
157217621559686,-3.5798,1.0857999,-2.6067998,-3.5798,1.0857999,-2.6067998
157217631527915,-3.4299998,1.0812,-2.896,-3.4299998,1.0812,-2.896
157217641200832,-3.6183,1.222,-2.9345,-3.6183,1.222,-2.9345
157217651231040,-3.7336998,1.4221,-2.7802,-3.7336998,1.4221,-2.7802
157217661320103,-4.0072,1.4246,-2.9229,-4.0072,1.4246,-2.9229
157217671290936,-3.8169,1.0088,-2.744,-3.8169,1.0088,-2.744
157217681499790,-3.6924,1.0277,-2.9087,-3.6924,1.0277,-2.9087
157217691209686,-3.4447,1.0007,-2.9097,-3.4447,1.0007,-2.9097
157217701227915,-3.4624999,0.8743,-3.1222,-3.4624999,0.8743,-3.1222
157217711281040,-3.3839998,0.9184,-2.9742,-3.3839998,0.9184,-2.9742
157217721323749,-3.8586998,1.2463,-3.0528998,-3.8586998,1.2463,-3.0528998
157217731236249,-3.8944,1.2577,-2.8674,-3.8944,1.2577,-2.8674
157217741327394,-3.8555,1.2458999,-2.7158,-3.8555,1.2458999,-2.7158
157217751521665,-3.6794999,1.175,-2.4389,-3.6794999,1.175,-2.4389
157217761266457,-3.7893,1.1343,-2.2884,-3.7893,1.1343,-2.2884
157217771304999,-3.6158998,0.9185,-2.3253999,-3.6158998,0.9185,-2.3253999
157217781186769,-3.5681999,0.88589996,-2.6101,-3.5681999,0.88589996,-2.6101
157217791279478,-3.3558998,0.8797,-2.7106,-3.3558998,0.8797,-2.7106
157217801198228,-3.5607998,1.17,-2.8430998,-3.5607998,1.17,-2.8430998
157217811224790,-3.7092998,0.9361,-2.2394,-3.7092998,0.9361,-2.2394
157217821231561,-3.6583998,0.90239996,-2.1189,-3.6583998,0.90239996,-2.1189
157217831159165,-3.4413998,0.7908,-2.0079,-3.4413998,0.7908,-2.0079
157217841238853,-3.4138,0.7772,-2.1547,-3.4138,0.7772,-2.1547
157217851180519,-3.1653,0.805,-2.3885,-3.1653,0.805,-2.3885
157217861247186,-3.3281999,0.9501,-2.6808,-3.3281999,0.9501,-2.6808
157217871499790,-3.3393,0.92759997,-2.4197,-3.3393,0.92759997,-2.4197
157217881499269,-3.5379,1.0619,-2.4457,-3.5379,1.0619,-2.4457
157217891156561,-3.5518,1.0763999,-2.4450998,-3.5518,1.0763999,-2.4450998
157217901198749,-3.6227999,1.2103,-2.392,-3.6227999,1.2103,-2.392
157217911276874,-3.6439998,1.1557,-2.3437,-3.6439998,1.1557,-2.3437
157217921208124,-3.7891,1.0904,-2.4533,-3.7891,1.0904,-2.4533
157217931183644,-3.5107,0.8714,-2.3009999,-3.5107,0.8714,-2.3009999
157217941216457,-3.3874,0.85249996,-2.2886999,-3.3874,0.85249996,-2.2886999
157217951166457,-3.3486998,0.8713,-2.4536998,-3.3486998,0.8713,-2.4536998
157217961257082,-3.4552,0.9916,-2.7461,-3.4552,0.9916,-2.7461
157217971206040,-3.4243999,0.9909,-2.6676,-3.4243999,0.9909,-2.6676
157217981236249,-3.7856998,1.0431,-2.5291998,-3.7856998,1.0431,-2.5291998
157217991485728,-3.8600998,0.9212,-2.238,-3.8600998,0.9212,-2.238
157218001199790,-3.9387,1.0624,-2.2296,-3.9387,1.0624,-2.2296
157218011241978,-3.6652,1.1005,-2.1257,-3.6652,1.1005,-2.1257
157218021231040,-3.7526999,1.0738,-2.1225998,-3.7526999,1.0738,-2.1225998
157218031173749,-3.7719,0.8864,-1.9337,-3.7719,0.8864,-1.9337
157218041236249,-3.8974,0.9568,-2.0177999,-3.8974,0.9568,-2.0177999
157218051235728,-3.6562998,0.91889995,-2.0214999,-3.6562998,0.91889995,-2.0214999
157218061234165,-3.6213999,0.9234,-2.2407,-3.6213999,0.9234,-2.2407
157218071176874,-3.4075,0.9777,-2.1034,-3.4075,0.9777,-2.1034
157218081539894,-3.4908998,1.0311999,-2.0564,-3.4908998,1.0311999,-2.0564
157218091177394,-3.4327,0.9091,-1.8755,-3.4327,0.9091,-1.8755
157218101240936,-3.5346,0.8736,-2.0018,-3.5346,0.8736,-2.0018
157218114861249,-3.3779,0.7901,-1.9370999,-3.3779,0.7901,-1.9370999
157218121233644,-3.4383,0.8516,-1.8701999,-3.4383,0.8516,-1.8701999
157218131246665,-3.3890998,0.84739995,-1.8154999,-3.3890998,0.84739995,-1.8154999
157218141256040,-3.484,0.9011,-1.8705,-3.484,0.9011,-1.8705
157218151170624,-3.2996,0.7905,-1.7292999,-3.2996,0.7905,-1.7292999
157218161212290,-3.4810998,0.83349997,-1.8304,-3.4810998,0.83349997,-1.8304
157218171165936,-3.3529,0.79039997,-1.8312999,-3.3529,0.79039997,-1.8312999
157218181238853,-3.439,0.82949996,-1.9319999,-3.439,0.82949996,-1.9319999
157218192035728,-3.4357,0.8348,-1.7872,-3.4357,0.8348,-1.7872
157218201203957,-3.5228999,0.9037,-1.7694999,-3.5228999,0.9037,-1.7694999
157218211208124,-3.3346999,0.7827,-1.7329999,-3.3346999,0.7827,-1.7329999
157218221227915,-3.3707,0.7718,-1.7132,-3.3707,0.7718,-1.7132
157218231529478,-3.2433999,0.7603,-1.6866,-3.2433999,0.7603,-1.6866
157218241323228,-3.3077998,0.886,-1.8812,-3.3077998,0.886,-1.8812
157218251207603,-3.1811,0.8066,-1.9176999,-3.1811,0.8066,-1.9176999
157218261266978,-3.4148998,0.84029996,-1.9196999,-3.4148998,0.84029996,-1.9196999
157218271159686,-3.4085999,0.8366,-1.7307999,-3.4085999,0.8366,-1.7307999
157218281521665,-3.4973998,0.88089997,-1.8226,-3.4973998,0.88089997,-1.8226
157218291204999,-3.3737998,0.829,-1.8952999,-3.3737998,0.829,-1.8952999
157218301198228,-3.5052998,0.8746,-1.9965999,-3.5052998,0.8746,-1.9965999
157218311170624,-3.4861,0.85109997,-1.7341,-3.4861,0.85109997,-1.7341
157218321165936,-3.6211998,0.85899997,-1.6402999,-3.6211998,0.85899997,-1.6402999
157218331227394,-3.4555,0.8067,-1.5415,-3.4555,0.8067,-1.5415
157218341170624,-3.4343998,0.854,-1.5834,-3.4343998,0.854,-1.5834
157218351472707,-3.235,0.7557,-1.5149,-3.235,0.7557,-1.5149
157218361207603,-3.3014998,0.81229997,-1.4189,-3.3014998,0.81229997,-1.4189
157218371197707,-3.2386,0.7629,-1.3007,-3.2386,0.7629,-1.3007
157218381244061,-3.3876998,0.8459,-1.3643,-3.3876998,0.8459,-1.3643
157218391220103,-3.3119998,0.7757,-1.2965,-3.3119998,0.7757,-1.2965
157218401243540,-3.441,0.78959996,-1.272,-3.441,0.78959996,-1.272
157218411218019,-3.3441,0.77779996,-1.1781,-3.3441,0.77779996,-1.1781
157218421274790,-3.3321998,0.7897,-1.1523,-3.3321998,0.7897,-1.1523
157218431258124,-3.1994998,0.7407,-1.1464,-3.1994998,0.7407,-1.1464
157218441270624,-3.2835999,0.78069997,-1.1378,-3.2835999,0.78069997,-1.1378
157218451214894,-3.218,0.7019,-1.0267,-3.218,0.7019,-1.0267
157218461270103,-3.368,0.7306,-1.0085,-3.368,0.7306,-1.0085
157218471544061,-3.2419,0.7298,-0.9291,-3.2419,0.7298,-0.9291
157218481570103,-3.2882998,0.7751,-1.0548999,-3.2882998,0.7751,-1.0548999
157218491182603,-3.1920998,0.70669997,-1.0291,-3.1920998,0.70669997,-1.0291
157218501188853,-3.2721,0.7341,-1.0438,-3.2721,0.7341,-1.0438
157218511160728,-3.1469998,0.6958,-0.97059995,-3.1469998,0.6958,-0.97059995
157218521197707,-3.2054,0.7416,-1.004,-3.2054,0.7416,-1.004
157218531190415,-3.1288998,0.67429996,-1.0071,-3.1288998,0.67429996,-1.0071
157218541204998,-3.2663,0.7102,-1.0582,-3.2663,0.7102,-1.0582
157218551153436,-3.1871,0.6717,-1.002,-3.1871,0.6717,-1.002
157218561225832,-3.2856998,0.75659996,-1.0122,-3.2856998,0.75659996,-1.0122
157218571168019,-3.2148,0.718,-1.0139999,-3.2148,0.718,-1.0139999
157218581202394,-3.3423998,0.724,-1.0720999,-3.3423998,0.724,-1.0720999
157218591455519,-3.26,0.6755,-1.0243,-3.26,0.6755,-1.0243
157218601269061,-3.3476999,0.76909995,-1.0715,-3.3476999,0.76909995,-1.0715
157218613330519,-3.2231,0.7495,-1.0711,-3.2231,0.7495,-1.0711
157218621169582,-3.3016,0.7449,-1.0207,-3.3016,0.7449,-1.0207
157218631160728,-3.1911,0.67859995,-0.9378,-3.1911,0.67859995,-0.9378
157218641187290,-3.2831,0.72959995,-0.9766,-3.2831,0.72959995,-0.9766
157218651167498,-3.1346998,0.67429996,-0.9152,-3.1346998,0.67429996,-0.9152
157218661210207,-3.2649,0.68979996,-0.853,-3.2649,0.68979996,-0.853
157218671156561,-3.1647,0.6834,-0.7486,-3.1647,0.6834,-0.7486
157218681564894,-3.2361,0.7084,-0.7448,-3.2361,0.7084,-0.7448
157218691137290,-3.0604,0.635,-0.7294,-3.0604,0.635,-0.7294
157218701210728,-3.1464999,0.64779997,-0.7647,-3.1464999,0.64779997,-0.7647
157218711566978,-3.0396,0.65349996,-0.74829996,-3.0396,0.65349996,-0.74829996
157218721221144,-3.1692998,0.6832,-0.76519996,-3.1692998,0.6832,-0.76519996
157218731186248,-3.1283998,0.62939996,-0.69229996,-3.1283998,0.62939996,-0.69229996
157218741182603,-3.2196999,0.6494,-0.73719996,-3.2196999,0.6494,-0.73719996
157218751242498,-3.1199,0.606,-0.6744,-3.1199,0.606,-0.6744
157218761187811,-3.1718,0.67469996,-0.6198,-3.1718,0.67469996,-0.6198
157218771150311,-3.0542,0.6421,-0.5414,-3.0542,0.6421,-0.5414
157218781198748,-3.1057,0.6026,-0.5336,-3.1057,0.6026,-0.5336
157218791145623,-2.9621,0.55219996,-0.4673,-2.9621,0.55219996,-0.4673
157218801213332,-2.9749,0.6304,-0.4188,-2.9749,0.6304,-0.4188
157218811168019,-2.9108999,0.5908,-0.44169998,-2.9108999,0.5908,-0.44169998
157218821210207,-2.9938998,0.5615,-0.4113,-2.9938998,0.5615,-0.4113
157218831466457,-2.9578,0.551,-0.377,-2.9578,0.551,-0.377
157218841203957,-3.0484998,0.6089,-0.4339,-3.0484998,0.6089,-0.4339
157218851194061,-2.9055,0.5309,-0.4358,-2.9055,0.5309,-0.4358
157218861191978,-3.0319998,0.55799997,-0.45209998,-3.0319998,0.55799997,-0.45209998
157218871157603,-2.9561,0.5779,-0.3769,-2.9561,0.5779,-0.3769
157218881537290,-3.0433,0.64379996,-0.44189999,-3.0433,0.64379996,-0.44189999
157218891199269,-2.9099,0.5669,-0.4529,-2.9099,0.5669,-0.4529
157218901166978,-3.0344,0.55329996,-0.5086,-3.0344,0.55329996,-0.5086
157218911214373,-2.9491,0.5456,-0.5554,-2.9491,0.5456,-0.5554
157218921226353,-3.0137,0.551,-0.61,-3.0137,0.551,-0.61
157218931174790,-2.929,0.5442,-0.56909996,-2.929,0.5442,-0.56909996
157218941160728,-2.9936,0.5787,-0.5157,-2.9936,0.5787,-0.5157
157218951540936,-2.8525999,0.5334,-0.3838,-2.8525999,0.5334,-0.3838
157218961218540,-2.8476999,0.5671,-0.3031,-2.8476999,0.5671,-0.3031
157218971137290,-2.6162999,0.5051,-0.2834,-2.6162999,0.5051,-0.2834
157218981199269,-2.6095998,0.48889998,-0.2514,-2.6095998,0.48889998,-0.2514
157218991151873,-2.5762,0.48639998,-0.2253,-2.5762,0.48639998,-0.2253
157219001235207,-2.7059,0.5086,-0.1853,-2.7059,0.5086,-0.1853
157219011162811,-2.6599998,0.46589997,-0.16239999,-2.6599998,0.46589997,-0.16239999
157219021198748,-2.7496,0.4779,-0.1422,-2.7496,0.4779,-0.1422
157219031251873,-2.6164,0.4455,-0.0725,-2.6164,0.4455,-0.0725
157219041211248,-2.6313,0.48839998,-0.0779,-2.6313,0.48839998,-0.0779
157219051152915,-2.52,0.4475,-0.0844,-2.52,0.4475,-0.0844
157219061179478,-2.5663,0.45209998,-0.0368,-2.5663,0.45209998,-0.0368
157219071488332,-2.5418,0.43069997,-0.0442,-2.5418,0.43069997,-0.0442
157219081506040,-2.5753,0.45369998,-0.0453,-2.5753,0.45369998,-0.0453
157219091151353,-2.5217,0.44259998,-0.051999997,-2.5217,0.44259998,-0.051999997
157219101215415,-2.5718,0.48409998,-0.031999998,-2.5718,0.48409998,-0.031999998
157219114618019,-2.4810998,0.4888,-0.015999999,-2.4810998,0.4888,-0.015999999
157219121216978,-2.5807,0.501,0.014699999,-2.5807,0.501,0.014699999
157219131185207,-2.4398,0.50049996,0.0447,-2.4398,0.50049996,0.0447
157219141203957,-2.4803,0.5027,-0.0016999999,-2.4803,0.5027,-0.0016999999
157219151192498,-2.4278,0.41489998,-0.0559,-2.4278,0.41489998,-0.0559
157219161196144,-2.5844998,0.43609998,-0.063,-2.5844998,0.43609998,-0.063
157219171218019,-2.5572,0.45499998,-0.0106999995,-2.5572,0.45499998,-0.0106999995
157219181221665,-2.5642998,0.5437,-0.037499998,-2.5642998,0.5437,-0.037499998
157219191489373,-2.4141998,0.48639998,-0.1008,-2.4141998,0.48639998,-0.1008
157219201204478,-2.5344,0.3872,-0.1081,-2.5344,0.3872,-0.1081
157219211135207,-2.5274,0.368,-0.026099999,-2.5274,0.368,-0.026099999
157219221179998,-2.6295,0.5435,-0.0245,-2.6295,0.5435,-0.0245
157219231187811,-2.5621998,0.5047,-0.0506,-2.5621998,0.5047,-0.0506
157219241208123,-2.6820998,0.32639998,-0.009699999,-2.6820998,0.32639998,-0.009699999
157219251151353,-2.8316,0.3439,0.0985,-2.8316,0.3439,0.0985
157219261260728,-2.9989,0.46899998,0.1804,-2.9989,0.46899998,0.1804
157219271206561,-2.7001,0.49719998,0.3033,-2.7001,0.49719998,0.3033
157219281528957,-2.4552,0.49499997,0.2522,-2.4552,0.49499997,0.2522
157219291211769,-1.8623999,0.4157,0.1353,-1.8623999,0.4157,0.1353
157219301228436,-1.4600999,0.4623,0.035099998,-1.4600999,0.4623,0.035099998
157219311520623,-1.2063999,0.4193,0.049999997,-1.2063999,0.4193,0.049999997
157219321232603,-1.2659999,0.39679998,0.0037,-1.2659999,0.39679998,0.0037
157219331184686,-1.5379,0.4089,-0.107,-1.5379,0.4089,-0.107
157219341199790,-1.8476,0.4825,-0.029199999,-1.8476,0.4825,-0.029199999
157219351193540,-1.9815999,0.49789998,0.0029,-1.9815999,0.49789998,0.0029
157219361331040,-2.0103,0.5007,0.0799,-2.0103,0.5007,0.0799
157219371208123,-1.8513,0.4574,0.1083,-1.8513,0.4574,0.1083
157219381225832,-1.8571,0.4296,0.2146,-1.8571,0.4296,0.2146
157219391172186,-1.7871,0.3464,0.38099998,-1.7871,0.3464,0.38099998
157219401231561,-1.7535,0.3674,0.58529997,-1.7535,0.3674,0.58529997
157219411152394,-1.61,0.31379998,0.6823,-1.61,0.31379998,0.6823
157219421227394,-1.4650999,0.30429998,0.7396,-1.4650999,0.30429998,0.7396
157219431493540,-1.1317999,0.26459998,0.8318,-1.1317999,0.26459998,0.8318
157219441203957,-0.91349995,0.28329998,0.9795,-0.91349995,0.28329998,0.9795
157219451244582,-0.7874,0.1874,0.99829996,-0.7874,0.1874,0.99829996
157219461223228,-0.7188,0.17469999,1.2147,-0.7188,0.17469999,1.2147
157219471228436,-0.5123,0.2263,1.4458,-0.5123,0.2263,1.4458
157219481518540,-0.41099998,0.2916,1.7737999,-0.41099998,0.2916,1.7737999
157219491245623,-0.41759998,0.331,2.0983999,-0.41759998,0.331,2.0983999
157219501201353,-0.5083,0.1999,2.5319,-0.5083,0.1999,2.5319
157219511272707,-0.6624,-0.070199996,3.0251,-0.6624,-0.070199996,3.0251
157219521247186,-0.8969,-0.3979,3.6006,-0.8969,-0.3979,3.6006
157219531160728,-1.0591,-0.50699997,4.3104997,-1.0591,-0.50699997,4.3104997
157219541360207,-1.3081,-0.3126,4.9666,-1.3081,-0.3126,4.9666
157219551515936,-1.1227,-0.32209998,4.7106,-1.1227,-0.32209998,4.7106
157219561187811,-1.0289,-0.1604,4.3394,-1.0289,-0.1604,4.3394
157219571187290,-0.90139997,0.1963,3.5488,-0.90139997,0.1963,3.5488
157219581159165,-1.0438,0.9536,1.4158,-1.0438,0.9536,1.4158
157219591175832,-1.6047,2.4328,0.3049,-1.6047,2.4328,0.3049
157219601216457,-2.2503,3.5814,-0.076699995,-2.2503,3.5814,-0.076699995
157219613633123,-2.3913,4.529,-1.0047,-2.3913,4.529,-1.0047
157219621214894,-3.0461,4.3680997,-2.2101998,-3.0461,4.3680997,-2.2101998
157219631157082,-2.8165,4.1327,-0.6497,-2.8165,4.1327,-0.6497
157219641190936,-1.7815,3.2589,-1.4606,-1.7815,3.2589,-1.4606
157219651181561,-0.97139996,2.8207998,-1.3611,-0.97139996,2.8207998,-1.3611
157219661495102,-0.6605,3.1617,0.0962,-0.6605,3.1617,0.0962
157219671538332,0.97569996,2.2612998,-0.50549996,0.97569996,2.2612998,-0.50549996
157219681499790,3.1646,1.2653999,0.074999996,3.1646,1.2653999,0.074999996
157219691277915,4.1547,0.705,0.5074,4.1547,0.705,0.5074
157219701266977,3.2888,0.153,1.4363999,3.2888,0.153,1.4363999
157219711204998,0.88199997,0.21429999,1.3814,0.88199997,0.21429999,1.3814
157219721226352,-1.4932,0.6315,1.844,-1.4932,0.6315,1.844
157219731430519,-3.1536,0.5189,2.3895,-3.1536,0.5189,2.3895
157219741203436,-4.6012,0.0766,3.332,-4.6012,0.0766,3.332
157219751150311,-5.2781,-0.54399997,3.5528998,-5.2781,-0.54399997,3.5528998
157219761441977,-5.6517,-0.5028,3.1159,-5.6517,-0.5028,3.1159
157219771177394,-5.3594,-0.147,2.7624,-5.3594,-0.147,2.7624
157219781170102,-4.8975,-0.0605,1.8391,-4.8975,-0.0605,1.8391
157219791486769,-4.1475,-0.1478,1.8483,-4.1475,-0.1478,1.8483
157219801239894,-3.7542,-0.2078,1.5015,-3.7542,-0.2078,1.5015
157219811152394,-3.6769998,-0.060399998,1.0045,-3.6769998,-0.060399998,1.0045
157219821224269,-4.1116,0.23979999,1.1039,-4.1116,0.23979999,1.1039
157219831197186,-4.3921,0.2607,0.8407,-4.3921,0.2607,0.8407
157219841446144,-4.8114,0.6045,0.5251,-4.8114,0.6045,0.5251
157219851259165,-4.7222,0.89589995,-0.249,-4.7222,0.89589995,-0.249
157219861168019,-4.7735,1.0135,-0.0201,-4.7735,1.0135,-0.0201
157219871191977,-4.5299,0.8789,-0.1917,-4.5299,0.8789,-0.1917
157219881463332,-4.7163997,1.0787,-0.1017,-4.7163997,1.0787,-0.1017
157219891438852,-4.9800997,1.1572,-0.19219999,-4.9800997,1.1572,-0.19219999
157219901173748,-5.6233,1.1388999,-0.5412,-5.6233,1.1388999,-0.5412
157219911501352,-5.8729,1.2063999,-0.5363,-5.8729,1.2063999,-0.5363
157219921184165,-5.8596997,1.4023,-0.91639996,-5.8596997,1.4023,-0.91639996
157219931427915,-5.093,1.1236,-0.84419996,-5.093,1.1236,-0.84419996
157219941225311,-4.4221997,-0.122999996,-6.2598,-4.4221997,-0.122999996,-6.2598
157219951172186,-4.1977,-0.2016,-6.816,-4.1977,-0.2016,-6.816
157219961216977,-2.5599,1.8185999,-8.851399,-2.5599,1.8185999,-8.851399
157219971189373,2.6081998,1.7411,-4.4449,2.6081998,1.7411,-4.4449
157219981465936,7.3001,-1.7041999,-2.8729,7.3001,-1.7041999,-2.8729
157219991151873,4.7901998,-2.7925,-5.2634,4.7901998,-2.7925,-5.2634
157220001190936,-0.7406,-1.4512,-3.3042,-0.7406,-1.4512,-3.3042
157220011187811,-3.827,0.1003,-3.2107,-3.827,0.1003,-3.2107
157220021189373,-3.7661,0.77419996,-4.6355,-3.7661,0.77419996,-4.6355
157220031469582,-2.0276,-0.65419996,-2.2825,-2.0276,-0.65419996,-2.2825
157220041180519,-0.012499999,-3.3799,-11.010799,-0.012499999,-3.3799,-11.010799
157220051175832,0.19219999,-2.9534,-8.9217,0.19219999,-2.9534,-8.9217
157220061195623,0.371,-0.87289995,-6.5333,0.371,-0.87289995,-6.5333
157220071186769,0.7148,-0.4942,-7.8032,0.7148,-0.4942,-7.8032
157220081508644,0.2109,-2.2888,-6.9979997,0.2109,-2.2888,-6.9979997
157220091175832,1.4503,-4.4721,-8.654099,1.4503,-4.4721,-8.654099
157220101206040,3.3806999,-3.9315999,-9.5211,3.3806999,-3.9315999,-9.5211
157220114913852,2.9843,-3.1021,-8.3817,2.9843,-3.1021,-8.3817
157220121184686,1.5672,-2.4981,-7.0217,1.5672,-2.4981,-7.0217
157220131188852,0.3435,-2.145,-5.3736997,0.3435,-2.145,-5.3736997
157220141173748,-0.38729998,-2.1733,-4.468,-0.38729998,-2.1733,-4.468
157220151784165,-0.6572,-2.758,-5.4368997,-0.6572,-2.758,-5.4368997
157220161260727,-0.64169997,-3.1278,-4.6029997,-0.64169997,-3.1278,-4.6029997
157220171495102,-0.49409997,-3.7484999,-2.518,-0.49409997,-3.7484999,-2.518
157220181200832,-0.27609998,-5.4266996,-0.8246,-0.27609998,-5.4266996,-0.8246
157220191435207,-0.4236,-6.8276,0.055099998,-0.4236,-6.8276,0.055099998
157220201199790,-0.89169997,-7.9013,-2.6694,-0.89169997,-7.9013,-2.6694
157220211470623,-0.3256,-4.6212997,-4.3795,-0.3256,-4.6212997,-4.3795
157220221233644,7.4814997,7.6952,36.7621,7.4814997,7.6952,36.7621
157220231171144,19.7585,4.942,13.9604,19.7585,4.942,13.9604
157220241205519,21.4049,-8.2979,-13.1046,21.4049,-8.2979,-13.1046
157220251198227,23.5295,16.8981,-0.593,23.5295,16.8981,-0.593
157220261222186,14.668699,37.3555,30.080599,14.668699,37.3555,30.080599
157220271786769,-30.465399,11.5103,8.2148,-30.465399,11.5103,8.2148
157220281502394,-22.428,-6.9437,-6.0533,-22.428,-6.9437,-6.0533
157220291473748,-16.5492,-9.2994995,-10.2641,-16.5492,-9.2994995,-10.2641
157220301223748,-12.181,-6.0312,-9.9523,-12.181,-6.0312,-9.9523
157220311283123,-5.8575997,-1.6215,-6.6678,-5.8575997,-1.6215,-6.6678
157220321198227,0.9668,5.9677997,1.3453,0.9668,5.9677997,1.3453
157220331219582,7.7928996,7.0088,-3.0927,7.7928996,7.0088,-3.0927
157220341471144,5.5764,-2.8494,-5.2358,5.5764,-2.8494,-5.2358
157220351169582,-0.23779999,0.3899,-4.2025,-0.23779999,0.3899,-4.2025
157220361248748,-1.1092,4.3258,-5.6885,-1.1092,4.3258,-5.6885
157220371153957,-2.3852,4.2847,-4.6025,-2.3852,4.2847,-4.6025
157220381264373,-2.172,3.0779,-3.5874,-2.172,3.0779,-3.5874
157220391516457,-0.2753,3.5398998,-3.6634,-0.2753,3.5398998,-3.6634
157220401208123,1.5339999,5.8549,-3.3665998,1.5339999,5.8549,-3.3665998
157220411163332,1.6265999,7.0986,-2.0219,1.6265999,7.0986,-2.0219
157220421229477,-0.45729998,8.2816,-0.59419996,-0.45729998,8.2816,-0.59419996
157220431234686,-4.3009,10.71,1.3583,-4.3009,10.71,1.3583
157220441209686,-7.6183,13.0539,3.5579,-7.6183,13.0539,3.5579
157220451154477,-6.9599,13.5271,7.6552,-6.9599,13.5271,7.6552
157220461181040,-5.7089,12.282499,10.8509,-5.7089,12.282499,10.8509
157220471194582,-5.5127997,11.9256,12.7589,-5.5127997,11.9256,12.7589
157220481536248,-3.7321,10.9703,12.471,-3.7321,10.9703,12.471
157220491464894,-2.0711,9.5755,16.4926,-2.0711,9.5755,16.4926
157220501251873,-0.94629997,8.465199,19.951199,-0.94629997,8.465199,19.951199
157220511485727,-0.72139996,6.1871,20.800999,-0.72139996,6.1871,20.800999
157220521510727,-0.83959997,2.7177,19.8323,-0.83959997,2.7177,19.8323
157220531225311,2.9745998,-2.1762,14.0539,2.9745998,-2.1762,14.0539
157220541191457,5.1084,-6.6872,-4.8269997,5.1084,-6.6872,-4.8269997
157220551198227,3.3067,-4.9535,-3.3818,3.3067,-4.9535,-3.3818
157220561214894,3.7537,1.0584999,0.0766,3.7537,1.0584999,0.0766
157220571493019,2.4661,3.7626,6.0014,2.4661,3.7626,6.0014
157220581266977,-1.6285,2.4043999,12.5796995,-1.6285,2.4043999,12.5796995
157220591182602,-5.4235997,0.6813,16.548399,-5.4235997,0.6813,16.548399
157220601210207,-15.441999,0.035499997,14.914399,-15.441999,0.035499997,14.914399
157220613479998,-7.9000998,-0.419,10.3392,-7.9000998,-0.419,10.3392
157220621206561,-1.606,2.0656,8.8689995,-1.606,2.0656,8.8689995
157220631540415,3.6016,4.4119997,6.9424996,3.6016,4.4119997,6.9424996
157220641573227,6.1299,1.4104999,2.6657,6.1299,1.4104999,2.6657
157220651187290,5.1892,-2.7124999,0.2841,5.1892,-2.7124999,0.2841
157220661196665,3.8618,-2.9492,0.508,3.8618,-2.9492,0.508
157220671478436,2.8927999,-0.60929996,-0.2658,2.8927999,-0.60929996,-0.2658
157220681504998,1.8354,0.81259996,-0.65929997,1.8354,0.81259996,-0.65929997
157220691458123,0.6145,-0.2935,-0.6885,0.6145,-0.2935,-0.6885
157220701219581,0.80979997,-0.40879998,-5.1706,0.80979997,-0.40879998,-5.1706
157220711510727,3.9740999,1.3555,-6.5744996,3.9740999,1.3555,-6.5744996
157220721202915,5.9862,2.6743999,-9.4332,5.9862,2.6743999,-9.4332
157220731550311,5.6804,2.9935,-11.6545,5.6804,2.9935,-11.6545
157220741199790,5.2279,3.1058,-13.1317,5.2279,3.1058,-13.1317
157220751758123,4.7799,3.2215998,-13.7514,4.7799,3.2215998,-13.7514
157220761195623,3.597,3.7853,-15.9782,3.597,3.7853,-15.9782
157220771439373,1.5402,5.3128,-12.0418,1.5402,5.3128,-12.0418
157220781248748,1.9569999,5.0562997,-8.967199,1.9569999,5.0562997,-8.967199
157220791175831,5.0843997,3.1413,-11.3462,5.0843997,3.1413,-11.3462
157220801477915,8.3772,1.0361999,-12.1361,8.3772,1.0361999,-12.1361
157220811195102,8.9312,-0.65459996,-12.2806,8.9312,-0.65459996,-12.2806
157220821208644,6.8893,-0.8951,-10.5029,6.8893,-0.8951,-10.5029
157220831186769,3.2359,0.20799999,-8.9408,3.2359,0.20799999,-8.9408
157220841518540,0.1558,1.0921999,-8.3146,0.1558,1.0921999,-8.3146
157220851231040,-3.1008,-1.0847,-9.254,-3.1008,-1.0847,-9.254
157220861174269,-6.225,-2.2625,-7.2358,-6.225,-2.2625,-7.2358
157220871510206,-9.9251995,-1.2045,-3.4199998,-9.9251995,-1.2045,-3.4199998
157220881463331,-6.3519998,-1.5769,-4.3059998,-6.3519998,-1.5769,-4.3059998
157220891184686,-0.6235,-2.6273,-2.7365,-0.6235,-2.6273,-2.7365
157220901238331,1.2149999,-3.1899998,-3.0214,1.2149999,-3.1899998,-3.0214
157220911185727,1.8543999,-3.8279998,-5.0168,1.8543999,-3.8279998,-5.0168
157220921235727,4.1031,-4.7985,-3.9085,4.1031,-4.7985,-3.9085
157220931408644,4.0053,-5.5257,-3.4863,4.0053,-5.5257,-3.4863
157220941216456,2.2077,-6.8506,-3.3483,2.2077,-6.8506,-3.3483
157220951179998,0.0707,-8.6355,-3.8528,0.0707,-8.6355,-3.8528
157220961197706,-1.6797,-10.4786,-9.585199,-1.6797,-10.4786,-9.585199
157220971439373,-8.952499,-10.8328,-12.8446,-8.952499,-10.8328,-12.8446
157220981188852,-40.6241,-7.1649,-0.1218,-40.6241,-7.1649,-0.1218
157220991506561,-33.229,-1.4462,6.75,-33.229,-1.4462,6.75
157221001486769,2.4775999,-1.3927,6.1461997,2.4775999,-1.3927,6.1461997
157221011176352,19.65,9.120399,1.1415,19.65,9.120399,1.1415
157221021193540,14.6765995,3.4561,-7.9852996,14.6765995,3.4561,-7.9852996
157221031423748,-0.0127,1.0206,-19.4382,-0.0127,1.0206,-19.4382
157221041232602,-14.0127,8.5618,-5.3013997,-14.0127,8.5618,-5.3013997
157221051482602,-25.6393,7.9063997,-6.5681,-25.6393,7.9063997,-6.5681
157221061223227,-16.406599,1.171,9.8463,-16.406599,1.171,9.8463
157221071440415,-3.8019,-1.3658,7.7135997,-3.8019,-1.3658,7.7135997
157221081463852,-0.466,0.7877,1.2786,-0.466,0.7877,1.2786
157221091187811,2.3046,6.1275,-4.6243997,2.3046,6.1275,-4.6243997
157221101221665,3.5093,10.2130995,-5.5088997,3.5093,10.2130995,-5.5088997
157221115191456,-0.81329995,2.1657,-4.1242,-0.81329995,2.1657,-4.1242
157221121474790,-2.5388,4.7152,-2.8249,-2.5388,4.7152,-2.8249
157221131170623,-5.6358,5.8113,-3.8974998,-5.6358,5.8113,-3.8974998
157221141194581,-5.8652,2.8860998,-6.9957,-5.8652,2.8860998,-6.9957
157221151179477,-2.7365,1.4293,-5.9293,-2.7365,1.4293,-5.9293
157221161178956,0.1551,1.7202,-4.5345,0.1551,1.7202,-4.5345
157221171161248,1.3382,2.9322999,-3.744,1.3382,2.9322999,-3.744
157221181211248,0.73929995,4.5713,-2.5651,0.73929995,4.5713,-2.5651
157221191158644,-0.6017,4.8936,-1.0954,-0.6017,4.8936,-1.0954
157221201240415,-1.6498,4.6531997,0.42069998,-1.6498,4.6531997,0.42069998
157221211186248,-2.0242,4.7342,1.4827,-2.0242,4.7342,1.4827
157221221188852,-2.5198998,4.9276,2.4306998,-2.5198998,4.9276,2.4306998
157221231476873,-2.0317,4.8553,2.9682999,-2.0317,4.8553,2.9682999
157221241178436,-0.31239998,4.6828,4.5413,-0.31239998,4.6828,4.5413
157221251210206,2.0605,3.8276,5.3136,2.0605,3.8276,5.3136
157221261209686,4.621,2.6348,6.1004996,4.621,2.6348,6.1004996
157221271469581,8.0106,1.5133,7.0397,8.0106,1.5133,7.0397
157221281474269,11.4782,0.6211,5.8415,11.4782,0.6211,5.8415
157221291171144,12.452399,-1.0734999,3.5158,12.452399,-1.0734999,3.5158
157221301164894,12.8278,-3.6004999,2.0607998,12.8278,-3.6004999,2.0607998
157221311160206,13.040299,-5.5989,2.1533,13.040299,-5.5989,2.1533
157221321212290,11.8578,-5.8143,4.2507997,11.8578,-5.8143,4.2507997
157221331134686,9.8147,-5.2641997,4.7988,9.8147,-5.2641997,4.7988
157221341202915,6.3357997,-4.4592,7.6657996,6.3357997,-4.4592,7.6657996
157221351492498,5.8011,-2.8729,8.6616,5.8011,-2.8729,8.6616
157221361207081,2.4115,3.4088,1.2212,2.4115,3.4088,1.2212
157221372442498,4.4652,7.1766,-6.6793,4.4652,7.1766,-6.6793
157221381373748,8.7027,9.0838995,-9.8305,8.7027,9.0838995,-9.8305
157221391486248,10.6381,7.7444,-8.521999,10.6381,7.7444,-8.521999
157221401321665,10.6993,5.285,-5.1899,10.6993,5.285,-5.1899
157221411187811,9.2409,3.2598999,-2.0533,9.2409,3.2598999,-2.0533
157221421573748,6.4441,2.3425999,0.0177,6.4441,2.3425999,0.0177
157221431179998,2.2553,3.3174999,0.96099997,2.2553,3.3174999,0.96099997
157221441433644,-1.3862,5.5601997,1.369,-1.3862,5.5601997,1.369
157221451149790,-4.6444,7.3724,0.3985,-4.6444,7.3724,0.3985
157221461487290,-8.7345,8.1199,1.4623,-8.7345,8.1199,1.4623
157221471478956,-12.8319,7.3293,5.0536,-12.8319,7.3293,5.0536
157221481828436,-13.2118,5.4054,6.0365,-13.2118,5.4054,6.0365
157221491178436,-9.826799,3.6164,4.7039,-9.826799,3.6164,4.7039
157221501522706,-8.8656,3.0437,4.49,-8.8656,3.0437,4.49
157221511175831,-9.4915,2.0874999,1.8944,-9.4915,2.0874999,1.8944
157221521229998,-10.7390995,1.3503,0.1639,-10.7390995,1.3503,0.1639
157221531148227,-12.287399,0.71489996,0.78029996,-12.287399,0.71489996,0.78029996
157221541202394,-14.229099,0.5191,0.3021,-14.229099,0.5191,0.3021
157221551426352,-15.7387,1.1409999,-0.19759999,-15.7387,1.1409999,-0.19759999
157221561195102,-17.5938,1.9721999,-1.5509,-17.5938,1.9721999,-1.5509
157221571474269,-17.9593,1.744,-2.4059,-17.9593,1.744,-2.4059
157221581239373,-16.6269,1.2749,-4.426,-16.6269,1.2749,-4.426
157221591754998,-15.4248,1.6079999,-6.2275,-15.4248,1.6079999,-6.2275
157221601227394,-14.532,2.0107,-7.2344,-14.532,2.0107,-7.2344
157221614725831,-12.0987,2.641,-12.7367,-12.0987,2.641,-12.7367
157221621327915,-14.3343,6.9185,-11.1008,-14.3343,6.9185,-11.1008
157221631468540,-16.5963,6.5999,-10.2013,-16.5963,6.5999,-10.2013
157221641186248,-10.8615,19.6362,-5.4140997,-10.8615,19.6362,-5.4140997
157221651481040,-9.5271,-11.2108,-32.456398,-9.5271,-11.2108,-32.456398
157221661273748,-17.085499,-16.6153,-39.4194,-17.085499,-16.6153,-39.4194
157221671481040,-16.4208,-3.7303,18.4313,-16.4208,-3.7303,18.4313
157221681487811,-9.1257,5.0632,-1.3032,-9.1257,5.0632,-1.3032
157221691220102,-8.9595995,2.4164,-5.5586,-8.9595995,2.4164,-5.5586
157221701486248,-10.676499,-1.4684,-14.566299,-10.676499,-1.4684,-14.566299
157221711486248,-6.2468996,-2.87,-8.2163,-6.2468996,-2.87,-8.2163
157221721625311,0.84099996,-4.3642,-4.0661,0.84099996,-4.3642,-4.0661
157221731273748,3.393,-5.6342998,-4.5179996,3.393,-5.6342998,-4.5179996
157221741610727,-0.25689998,-6.6699,-3.9972,-0.25689998,-6.6699,-3.9972
157221751279998,-4.6238,-6.5413,-3.3502998,-4.6238,-6.5413,-3.3502998
157221761269581,-6.4294,-5.7549,-2.3271,-6.4294,-5.7549,-2.3271
157221771341977,-7.7490997,-6.1204,0.14,-7.7490997,-6.1204,0.14
157221781241456,-6.5309,-7.8571997,-1.8337,-6.5309,-7.8571997,-1.8337
157221791513331,-1.938,-11.1368,-8.1475,-1.938,-11.1368,-8.1475
157221801221665,6.4827,-11.9823,-28.6691,6.4827,-11.9823,-28.6691
157221811148227,17.6852,-2.5851998,2.3337,17.6852,-2.5851998,2.3337
157221821209685,33.4556,25.2577,10.666599,33.4556,25.2577,10.666599
157221831777915,22.479,14.467199,-26.7631,22.479,14.467199,-26.7631
157221841216456,5.117,17.2144,-3.7935,5.117,17.2144,-3.7935
157221851186769,-9.466,1.6990999,-15.318999,-9.466,1.6990999,-15.318999
157221861489894,-10.617499,-4.4758997,-3.0813,-10.617499,-4.4758997,-3.0813
157221871164373,-2.7027,-1.0792,-5.1856,-2.7027,-1.0792,-5.1856
157221881504998,-1.5412999,1.1284,-7.9776998,-1.5412999,1.1284,-7.9776998
157221891196144,-0.6843,1.7577,-10.656199,-0.6843,1.7577,-10.656199
157221901512290,-0.84209996,2.4924998,-5.1637,-0.84209996,2.4924998,-5.1637
157221911186248,0.17359999,2.0671,-5.6889,0.17359999,2.0671,-5.6889
157221921197185,0.8937,0.76129997,-5.9927998,0.8937,0.76129997,-5.9927998
157221931157081,0.3691,-0.1431,-6.0736,0.3691,-0.1431,-6.0736
157221941278435,-2.3473,0.3841,-4.3206,-2.3473,0.3841,-4.3206
157221951512290,-5.533,1.8592,-3.0022,-5.533,1.8592,-3.0022
157221961258123,-6.5583997,2.9205,-3.5907998,-6.5583997,2.9205,-3.5907998
157221971216977,-5.2339997,2.6717,-2.6659,-5.2339997,2.6717,-2.6659
157221981196665,-3.4306,1.8373,-1.9132999,-3.4306,1.8373,-1.9132999
157221991419060,-1.5906999,1.8563999,-1.8517,-1.5906999,1.8563999,-1.8517
157222001300310,-0.042099997,2.2194998,-0.43919998,-0.042099997,2.2194998,-0.43919998
157222011502394,1.1646,1.89,0.85139996,1.1646,1.89,0.85139996
157222021334165,1.8251,1.1693,1.556,1.8251,1.1693,1.556
157222031198748,1.8058,0.5444,1.8982999,1.8058,0.5444,1.8982999
157222041414373,1.3172,0.1371,2.5809999,1.3172,0.1371,2.5809999
157222051231040,0.587,-0.0411,2.8393998,0.587,-0.0411,2.8393998
157222061185206,0.1485,0.0055,2.7654,0.1485,0.0055,2.7654
157222071503956,0.13849999,0.033299997,2.9742,0.13849999,0.033299997,2.9742
157222081490415,0.33409998,-0.1892,3.2437,0.33409998,-0.1892,3.2437
157222091459685,0.36789998,-0.4258,3.1832,0.36789998,-0.4258,3.1832
157222101211248,-0.25419998,-0.1077,3.7062,-0.25419998,-0.1077,3.7062
157222114920623,-1.1082,0.5632,4.4358997,-1.1082,0.5632,4.4358997
157222121212810,-2.2992,1.3546,4.9958,-2.2992,1.3546,4.9958
157222131206040,-2.3246999,1.0899999,5.8252997,-2.3246999,1.0899999,5.8252997
157222141210727,-2.4555,0.3937,3.7547,-2.4555,0.3937,3.7547
157222151206040,-2.5849,0.98609996,2.3432999,-2.5849,0.98609996,2.3432999
157222161229998,-1.7050999,1.7531999,6.2843,-1.7050999,1.7531999,6.2843
157222171221144,0.039699998,1.8858999,1.4961,0.039699998,1.8858999,1.4961
157222181247185,1.2682999,1.6355,0.0064,1.2682999,1.6355,0.0064
157222191782081,1.4178,0.42679998,-1.3284999,1.4178,0.42679998,-1.3284999
157222201215415,0.7157,-0.4633,-3.5282,0.7157,-0.4633,-3.5282
157222211214894,-0.35029998,-0.0405,-2.4213,-0.35029998,-0.0405,-2.4213
157222221231560,-1.067,1.0256,-2.0702999,-1.067,1.0256,-2.0702999
157222231169060,-1.6287999,1.7713,3.5718,-1.6287999,1.7713,3.5718
157222241224269,-1.984,1.6147,8.6387,-1.984,1.6147,8.6387
157222251240415,-0.4008,1.0909,9.0702,-0.4008,1.0909,9.0702
157222261221144,3.0005,0.3346,7.5196,3.0005,0.3346,7.5196
157222271206560,5.7068,-0.89949995,4.5875,5.7068,-0.89949995,4.5875
157222281502394,5.9965,-1.5519999,3.6092,5.9965,-1.5519999,3.6092
157222291160727,3.4417,-1.0045,1.5037,3.4417,-1.0045,1.5037
157222301227915,0.4852,-0.0704,0.3663,0.4852,-0.0704,0.3663
157222311498748,-1.7578,0.4085,-1.0033,-1.7578,0.4085,-1.0033
157222321510206,-2.9411,0.17629999,-2.7612,-2.9411,0.17629999,-2.7612
157222331219060,-2.8641999,-0.23709999,-3.6592,-2.8641999,-0.23709999,-3.6592
157222341176352,-2.4866998,-0.0223,-6.7967997,-2.4866998,-0.0223,-6.7967997
157222351464373,-2.7695,0.9098,-6.2373,-2.7695,0.9098,-6.2373
157222361236248,-3.1827998,0.6652,-8.7738,-3.1827998,0.6652,-8.7738
157222371167498,-2.7398,-1.3501999,-14.9402,-2.7398,-1.3501999,-14.9402
157222381481560,-2.6481,-4.0719,-28.4145,-2.6481,-4.0719,-28.4145
157222391195623,-6.6898,-2.3595998,-27.9312,-6.6898,-2.3595998,-27.9312
157222401215415,-14.2807,1.5284,8.988,-14.2807,1.5284,8.988
157222411246144,-10.1945,1.3195,9.332,-10.1945,1.3195,9.332
157222421218540,-0.93539995,1.6695,11.7542,-0.93539995,1.6695,11.7542
157222431490415,8.3392,2.5963,6.0548,8.3392,2.5963,6.0548
157222441189894,10.3916,2.3962998,2.136,10.3916,2.3962998,2.136
157222451175831,7.1180997,1.0266,-2.2308,7.1180997,1.0266,-2.2308
157222461248748,2.1067998,-0.1937,-1.1679,2.1067998,-0.1937,-1.1679
157222471192498,-1.8334999,-0.57449996,-2.0255,-1.8334999,-0.57449996,-2.0255
157222481487810,-4.5325,-0.5043,-2.6766,-4.5325,-0.5043,-2.6766
157222491272185,-5.1352,-0.042799998,-1.6516999,-5.1352,-0.042799998,-1.6516999
157222501232602,-5.4742,0.9335,-1.4182,-5.4742,0.9335,-1.4182
157222511223748,-4.8146996,1.5440999,-1.2028999,-4.8146996,1.5440999,-1.2028999
157222521212810,-2.6109,0.8973,-0.44829997,-2.6109,0.8973,-0.44829997
157222531219060,-0.3001,-0.2148,0.1723,-0.3001,-0.2148,0.1723
157222541275310,1.137,-0.6245,0.5615,1.137,-0.6245,0.5615
157222551475310,1.0902,-0.49069998,0.2733,1.0902,-0.49069998,0.2733
157222561257081,0.22469999,-0.15609999,-0.3287,0.22469999,-0.15609999,-0.3287
157222571157081,-0.69119996,0.1832,-0.56979996,-0.69119996,0.1832,-0.56979996
157222581206040,-2.1217,0.50949997,-0.3478,-2.1217,0.50949997,-0.3478
157222591215935,-3.3349998,0.81189996,0.1052,-3.3349998,0.81189996,0.1052
157222601229477,-2.7984,1.0199,0.59569997,-2.7984,1.0199,0.59569997
157222613664373,-1.2803,0.7834,0.9325,-1.2803,0.7834,0.9325
157222621194581,-0.2113,-0.1257,1.3345,-0.2113,-0.1257,1.3345
157222631179998,0.5572,-0.8785,1.5645,0.5572,-0.8785,1.5645
157222641220623,0.3277,-0.34559998,1.1423,0.3277,-0.34559998,1.1423
157222651158644,-0.6044,0.1806,0.49989998,-0.6044,0.1806,0.49989998
157222661194060,-1.3744,0.2628,0.6683,-1.3744,0.2628,0.6683
157222671540415,-1.5338,0.2332,1.2573999,-1.5338,0.2332,1.2573999
157222681508644,-0.85969996,0.29569998,1.3009,-0.85969996,0.29569998,1.3009
157222691184165,0.84669995,0.123399995,1.1679,0.84669995,0.123399995,1.1679
157222701218019,1.74,-0.27519998,1.1251999,1.74,-0.27519998,1.1251999
157222711158644,1.1333,-0.4831,1.3237,1.1333,-0.4831,1.3237
157222721222706,0.3135,-0.0583,1.2748,0.3135,-0.0583,1.2748
157222731192498,-0.0149,0.20539999,0.19219999,-0.0149,0.20539999,0.19219999
157222741271665,0.1758,-0.048299998,-0.56159997,0.1758,-0.048299998,-0.56159997
157222751194060,-0.88769996,-0.1331,-0.098,-0.88769996,-0.1331,-0.098
157222761199269,-2.6234,0.094399996,0.043899998,-2.6234,0.094399996,0.043899998
157222771169581,-2.7056,0.2722,-0.3769,-2.7056,0.2722,-0.3769
157222781294581,-2.2781,0.7064,-0.6071,-2.2781,0.7064,-0.6071
157222791521144,-2.3086998,0.8307,-0.24949999,-2.3086998,0.8307,-0.24949999
157222801198227,-2.0707,0.44149998,0.076299995,-2.0707,0.44149998,0.076299995
157222811211248,-1.3953999,0.2764,0.4421,-1.3953999,0.2764,0.4421
157222821166456,-0.57919997,0.2402,0.7359,-0.57919997,0.2402,0.7359
157222831215935,0.5337,-0.0503,0.8031,0.5337,-0.0503,0.8031
157222841194060,1.3118,-0.361,0.71029997,1.3118,-0.361,0.71029997
157222851141977,1.3614,-0.6351,-0.1094,1.3614,-0.6351,-0.1094
157222861166456,0.5341,-0.5344,-0.69299996,0.5341,-0.5344,-0.69299996
157222871165935,-0.7819,0.2164,-0.6897,-0.7819,0.2164,-0.6897
157222881500831,-1.7925999,0.73829997,-0.21869999,-1.7925999,0.73829997,-0.21869999
157222891227914,-1.3705,0.0632,-0.3274,-1.3705,0.0632,-0.3274
157222901200310,-1.2096,-0.0023999999,0.036199998,-1.2096,-0.0023999999,0.036199998
157222911481560,-1.0443,0.2652,0.53529996,-1.0443,0.2652,0.53529996
157222921204477,-0.39819998,0.1593,0.56229997,-0.39819998,0.1593,0.56229997
157222931172185,-0.044499997,-0.086399995,0.63119996,-0.044499997,-0.086399995,0.63119996
157222941214373,-0.1226,-0.065,0.74729997,-0.1226,-0.065,0.74729997
157222951219581,0.23439999,0.0139999995,0.5768,0.23439999,0.0139999995,0.5768
157222961183644,0.7108,-0.0241,0.42369998,0.7108,-0.0241,0.42369998
157222971183123,0.7461,-0.12789999,0.2679,0.7461,-0.12789999,0.2679
157222981239894,0.1838,-0.2446,-0.2258,0.1838,-0.2446,-0.2258
157222991189373,-0.51809996,-0.3951,-0.3529,-0.51809996,-0.3951,-0.3529
157223001205519,-1.6392,0.3216,0.1994,-1.6392,0.3216,0.1994
157223011202914,-1.3274,0.9007,-0.1109,-1.3274,0.9007,-0.1109
157223021229998,-0.97599995,0.44039997,0.0865,-0.97599995,0.44039997,0.0865
157223031515935,-0.7933,-0.0557,0.122899994,-0.7933,-0.0557,0.122899994
157223041233644,-0.6009,-0.14299999,0.1831,-0.6009,-0.14299999,0.1831
157223051190935,-0.5176,-0.0095,-9.0E-4,-0.5176,-0.0095,-9.0E-4
157223061192498,-0.70769995,0.21689999,-0.0015,-0.70769995,0.21689999,-0.0015
157223071160727,-0.8481,0.19139999,0.120799996,-0.8481,0.19139999,0.120799996
157223081491977,-0.9992,0.045199998,0.0495,-0.9992,0.045199998,0.0495
157223091221664,-0.9978,0.087699994,0.1407,-0.9978,0.087699994,0.1407
157223101233123,-0.9866,0.22659999,0.2267,-0.9866,0.22659999,0.2267
157223114467498,-0.7711,0.1436,0.0655,-0.7711,0.1436,0.0655
157223121225831,-0.5755,0.057099998,-0.094399996,-0.5755,0.057099998,-0.094399996
157223131158644,-0.6714,0.0832,-0.047799997,-0.6714,0.0832,-0.047799997
157223141212289,-0.5258,0.1831,0.053999998,-0.5258,0.1831,0.053999998
157223151523748,-0.3302,0.0736,0.038,-0.3302,0.0736,0.038
157223161242498,-0.185,-0.042099997,0.1187,-0.185,-0.042099997,0.1187
157223172115935,-0.1619,0.0254,0.2138,-0.1619,0.0254,0.2138
157223181228435,-0.26,0.0563,0.26319999,-0.26,0.0563,0.26319999
157223191177914,-0.28939998,0.0444,0.36159998,-0.28939998,0.0444,0.36159998
157223201237289,-0.3972,-0.0030999999,0.3712,-0.3972,-0.0030999999,0.3712
157223211190414,-0.39319998,-0.0155,0.3432,-0.39319998,-0.0155,0.3432
157223221190414,-0.4141,0.14299999,0.3755,-0.4141,0.14299999,0.3755
157223231204998,-0.4653,0.2575,0.4143,-0.4653,0.2575,0.4143
157223241203956,-0.4281,0.0534,0.5177,-0.4281,0.0534,0.5177
157223251236248,-0.261,-0.0663,0.5348,-0.261,-0.0663,0.5348
157223261204477,-0.338,-0.212,0.4705,-0.338,-0.212,0.4705
157223271493019,-0.24149999,-0.19399999,0.3209,-0.24149999,-0.19399999,0.3209
157223281470623,-0.2604,0.0036,0.2586,-0.2604,0.0036,0.2586
157223291199269,-0.20369999,0.11009999,0.2304,-0.20369999,0.11009999,0.2304
157223301268019,-0.0731,0.1309,0.15799999,-0.0731,0.1309,0.15799999
157223311172706,-0.0592,0.1105,0.105,-0.0592,0.1105,0.105
157223321229998,-0.32999998,0.1704,0.1898,-0.32999998,0.1704,0.1898
157223331173748,-0.6552,0.1954,0.2947,-0.6552,0.1954,0.2947
157223341214894,-0.7592,0.14739999,0.37919998,-0.7592,0.14739999,0.37919998
157223351202394,-0.63589996,0.0453,0.2889,-0.63589996,0.0453,0.2889
157223361189894,-0.5868,0.0568,0.24919999,-0.5868,0.0568,0.24919999
157223371228435,-0.547,0.1125,0.2121,-0.547,0.1125,0.2121
157223381184164,-0.54719996,0.1731,0.16219999,-0.54719996,0.1731,0.16219999
157223391495623,-0.4818,-0.0254,0.1184,-0.4818,-0.0254,0.1184
157223401232081,-0.4545,-0.0137,0.1275,-0.4545,-0.0137,0.1275
157223411170102,-0.4123,0.052899998,0.1318,-0.4123,0.052899998,0.1318
157223421218019,-0.4154,0.0844,0.1017,-0.4154,0.0844,0.1017
157223431196144,-0.51669997,0.1801,0.011299999,-0.51669997,0.1801,0.011299999
157223441235727,-0.4709,0.1331,0.0777,-0.4709,0.1331,0.0777
157223451259164,-0.3633,0.111899994,0.1576,-0.3633,0.111899994,0.1576
157223461241456,-0.2479,0.074499995,0.18259999,-0.2479,0.074499995,0.18259999
157223471164373,-0.3081,-0.0053,0.1924,-0.3081,-0.0053,0.1924
157223481526352,-0.4276,0.025799999,0.2268,-0.4276,0.025799999,0.2268
157223491224789,-0.046299998,0.123799995,0.18779999,-0.046299998,0.123799995,0.18779999
157223501235206,-0.72209996,0.1644,0.22899999,-0.72209996,0.1644,0.22899999
157223511541977,-0.4883,0.289,0.1795,-0.4883,0.289,0.1795
157223521236769,-0.3683,0.1724,0.1698,-0.3683,0.1724,0.1698
157223531158644,-0.2647,0.191,0.19909999,-0.2647,0.191,0.19909999
157223541220623,-0.15529999,0.13329999,0.2683,-0.15529999,0.13329999,0.2683
157223551148748,-0.3145,-0.0739,0.3042,-0.3145,-0.0739,0.3042
157223561202914,-0.3708,-0.1415,0.3351,-0.3708,-0.1415,0.3351
157223571220102,-0.20969999,-0.1423,0.28419998,-0.20969999,-0.1423,0.28419998
157223581215935,-0.12889999,-0.0431,0.2383,-0.12889999,-0.0431,0.2383
157223591188331,-0.182,0.0047,0.3056,-0.182,0.0047,0.3056
157223601225310,-0.023599999,-0.0036,0.3618,-0.023599999,-0.0036,0.3618
157223613637289,-0.2499,0.1026,0.3123,-0.2499,0.1026,0.3123
