62147814126610,-0.0035571456,-0.08468056,-0.0059422255
62147822030662,7.0774555E-4,0.023492813,0.0011364222
62147829965233,0.0019862652,0.07297611,0.002286464
62147837869285,8.099526E-4,0.04208851,0.0012723505
62147845803856,3.5096705E-4,0.023192406,9.4920397E-4
62147853707908,2.3296475E-4,0.012002945,6.237924E-4
62147861581444,-0.0010400414,-0.041044235,-0.0026322603
62147869485496,-0.0011666119,-0.03390503,-0.002898395
62147877389549,6.6557527E-4,0.018860817,0.0018101335
62147885263084,6.8062544E-4,0.02180767,0.00220263
62147893197655,-7.749647E-4,-0.03353119,-0.0031321645
62147901132225,-9.384155E-4,-0.04004383,-0.0035542846
62147909005760,-0.0011356026,-0.046159744,-0.004151404
62147916909813,-0.001929462,-0.061668396,-0.0058556795
62147924813865,-4.905462E-4,-0.013623238,-0.0014728308
62147932687401,-2.4601817E-4,-0.007843971,-0.0010172725
62147940591453,-0.0011171997,-0.039598465,-0.003929496
62147948556541,-0.0011123866,-0.052684784,-0.005235553
62147956460594,-0.0019163489,-0.10889912,-0.011003256
62147964395164,-0.0013406277,-0.090480804,-0.009679437
62147972299217,2.1955371E-4,0.010425568,0.0010573268
62147980203270,-2.5440753E-4,-0.011100769,-0.001193285
62147988137840,-4.1548908E-4,-0.04784298,-0.0054153204
62147996072410,3.0243397E-4,0.02024746,0.002101779
62148003976463,0.001146324,0.11784744,0.012303948
62148011849998,0.0014693439,0.08852196,0.008876979
62148019723533,-6.2936544E-4,-0.039129257,-0.0041081905
62148027597069,-5.5250153E-4,-0.09156704,-0.009466171
62148035531639,-7.325411E-5,-0.004459381,-5.4967403E-4
62148043405174,4.6929717E-4,0.013895988,0.001717329
62148051278709,-0.0024765134,-0.06262398,-0.00868392
62148059213280,-0.0036969185,-0.092663765,-0.01340878
62148067178367,-0.0017101169,-0.05451393,-0.008619666
62148075112938,4.7011673E-4,0.022220612,0.0029979944
62148083016990,0.0011785924,0.05184555,0.0054557323
62148090951561,-5.8506615E-5,0.05831623,0.006889105
62148098825096,-2.7820468E-5,0.00274086,3.7753582E-4
62148106698631,-5.5250153E-4,-0.091799736,-0.01365757
62148114572166,6.650239E-4,-0.13143444,-0.02217853
62148122476219,-3.408864E-4,-0.13749123,-0.024301648
62148130349754,-8.6081773E-4,-0.099009514,-0.01740539
62148138223289,-2.1514297E-4,-0.05507469,-0.009976983
62148146157860,-6.9501996E-4,-0.03891182,-0.0067982674
62148154061912,-0.0018588603,-0.053450584,-0.0093637705
62148161935447,-0.0026100576,-0.12057209,-0.02351737
62148169870018,-0.0010370836,-0.0850029,-0.01629889
62148177804588,6.7513436E-5,0.023721695,0.004785776
62148185739158,4.00763E-4,0.07668686,0.01753831
62148193673729,0.0013371259,0.059609413,0.016418457
62148201608299,0.0018962026,0.062096596,0.019461155
62148209481834,0.0058051944,0.18791294,0.06480551
62148217355369,0.008550599,0.32121277,0.11717701
62148225228905,0.0051968396,0.47120857,0.19121146
62148233132957,0.013111591,0.65175056,0.284266
62148241037010,0.02362232,0.97132015,0.45637798
62148248910545,0.06542158,1.2706289,0.5969043
62148256845115,0.060686707,1.4190874,0.6608882
62148264810203,-0.013632141,1.5164156,0.58939075
62148272714256,-0.16555268,2.0790014,0.63955927
62148280648826,-0.36353123,2.9388552,0.70493627
62148288583397,-0.5342907,3.7985783,0.67654836
62148296517967,-0.5886291,4.489525,0.50888276
62148304391502,-0.5664793,5.2879972,0.34140486
62148312326072,-0.2891702,6.047776,0.3870784
62148320260643,0.14797631,6.346051,0.4967131
62148328134178,0.30435616,6.0421467,0.6508795
62148336007713,0.33917058,5.7965937,0.5168162
62148344003319,0.63958204,5.662614,0.6378155
62148351907371,0.79695153,5.320716,0.5900533
62148359872459,0.908267,4.773964,0.23739037
62148367776512,0.861361,4.123867,-0.22902793
62148375680565,0.6672051,3.0771198,-0.78267026
62148383584617,0.6180911,2.7409973,-1.4141092
62148391458153,1.0893259,3.902484,-1.9320722
62148399362205,1.5670903,4.979766,-2.1031277
62148407296776,1.9817076,4.7686815,-2.2472181
62148415170311,1.5929751,3.3574438,-1.5553246
62148423043846,0.7507591,1.8136864,-0.91312265
62148430978416,0.27513623,0.85876656,-0.44217014
62148438851951,0.119480014,0.5972271,-0.34708977
62148446725487,0.05285263,0.7061806,-0.4565158
62148454599022,-0.033393025,0.7414627,-0.45557642
62148462564110,-0.10000789,0.61785984,-0.36784363
62148470437645,-0.07289457,0.28136444,-0.17159367
62148478311180,0.025176525,-0.06886864,0.04701376
62148486184715,0.4834721,-1.0223336,0.691535
62148494149803,0.39183736,-0.89732313,0.9313812
62148502053856,0.0038211346,-0.012851715,0.01565218
62148509988426,0.03692937,-0.19782639,0.178442
62148517892479,0.12927282,-0.9672437,0.53889227
62148525796531,0.1799252,-1.5537677,0.5974498
62148533670067,0.26371843,-2.3726687,0.56899166
62148541543602,0.5950235,-3.2323875,0.38408256
62148549478172,1.0894084,-3.5335493,0.6225188
62148557351707,1.2999009,-3.6278253,1.3117977
62148565225242,1.1064942,-3.9487085,2.1466427
62148573190330,0.73070824,-3.322147,2.9969258
62148581094383,0.05543284,-1.789362,2.5354834
62148588998436,-0.1270349,-0.8563423,1.3348145
62148596902489,0.08363283,0.29817295,-0.43550158
62148604837059,0.24326825,0.6338663,-0.37411022
62148612741112,2.2954204,5.1471515,-9.66654
62148620614647,6.1335306,9.304035,-3.1743917
62148628518699,12.071756,9.824054,-10.64942
62148636483787,7.3997016,11.854709,-16.691006
62148644357322,4.444544,11.4348755,-9.211876
62148652322410,2.3364086,9.94755,-1.5367216
62148660195946,-2.428732,9.412433,-4.7206516
62148668099998,-6.0802703,7.2826943,-3.5756276
62148675973533,-17.674042,5.2340603,-8.5608635
62148683847069,-20.205719,3.2701912,-9.631872
62148691751121,-13.016109,2.0393775,-8.4223585
62148699624656,-3.3599582,1.1896675,-2.8476005
62148707559227,-0.8993057,-2.8859713,3.0442333
62148715463280,0.45939827,0.18020654,0.25872803
62148723336815,8.51274,-0.097861685,5.2265286
62148731210350,16.224958,-3.1776376,6.6889563
62148739144920,14.753706,-1.9448171,5.260007
62148747048973,4.8128643,1.0063988,1.0567214
62148754983543,0.56029034,0.63759995,0.1453402
62148762918114,-0.021853507,0.2577486,0.008127183
62148770822166,-0.8179655,1.5684891,-0.47435164
62148778756737,-0.685668,1.1920323,-0.65540695
62148786660789,0.029581785,-0.07166815,0.043994427
62148794625877,0.23567426,-1.0191159,0.6333661
62148802529930,0.20020401,-1.3316793,0.8053913
62148810433983,0.13261116,-0.91292334,0.62529755
62148818399071,-0.0023696423,-0.09197664,0.17227507
62148826303123,-0.044932485,1.1344032,-0.039094925
62148834268211,-0.22073686,2.1005945,0.14890528
62148842172264,-0.7281333,2.5786467,0.20878124
62148850076317,-1.0829172,2.6847339,0.47830725
62148857949852,-1.2244319,2.613823,0.9005146
62148865853905,-1.3011193,2.6282945,1.4137702
62148873788475,-1.4152954,2.6934228,1.9029684
62148881692528,-1.314397,2.5376348,2.5046635
62148889596580,-1.0162256,2.3008723,2.9888177
62148897561668,-0.554592,2.1776857,3.409432
62148905465721,-0.09196925,2.2828317,3.6643784
62148913430809,0.24592793,2.7082996,4.1377654
62148921334862,0.56223464,3.3835845,4.401393
62148929208397,0.7643919,4.0332756,4.6182976
62148937081932,0.98951554,4.546551,4.9417677
62148945016502,1.1211095,4.8659697,5.3867617
62148952920555,1.2645706,4.9722157,5.7527466
62148960794090,1.409579,5.0001683,6.1615334
62148968728660,1.6954563,4.9691143,6.376271
62148976663231,1.8950065,5.027977,6.390827
62148984536766,1.9758633,5.1031933,6.432422
62148992410301,1.9621946,5.0582857,6.3797135
62149000283836,1.9218482,5.035493,6.289772
62149008187889,1.9250836,4.9953127,6.3765535
62149016152977,1.9248557,4.991781,6.444581
62149024026512,1.9268904,5.1538568,6.0481315
62149031900047,1.8837001,5.604102,5.562809
62149039834617,1.5229981,5.971953,5.700198
62149047769188,0.80363363,6.180633,6.0120373
62149055642723,0.07103026,6.1981087,6.1997976
62149063546776,-0.5175648,6.1269593,6.3582706
62149071450828,-0.90764856,5.940448,6.4573236
62149079385399,-0.8663341,5.7654643,6.0271325
62149087258934,-0.61876476,5.873509,5.8483877
62149095132469,-0.42323804,6.030468,5.8733306
62149103067039,-0.25808036,6.0239697,5.8148875
62149110971092,-0.11572325,5.959386,5.7899714
62149118844627,0.003924489,5.7931027,5.8866973
62149126748680,0.29352963,5.643367,5.806199
62149134713768,0.69218206,5.5367537,5.8595533
62149142587303,1.0783973,5.342462,5.882519
62149150491356,1.519676,5.183187,5.8036995
62149158425926,1.8685435,5.0305667,5.932162
62149166360496,2.1320474,4.8207583,5.9839373
62149174234031,2.3739715,4.518115,6.0741534
62149182107567,2.5903444,4.221974,6.108337
62149190042137,2.8198633,3.929491,6.037973
62149197976707,3.0485704,3.7032828,5.916501
62149205880760,3.1022902,3.5390806,5.8406887
62149213754295,2.999249,3.4257193,5.4805765
62149221627830,2.8588457,3.38548,5.0877542
62149229531883,2.6742377,3.233624,4.78778
62149237405418,2.5593987,2.9973702,4.8165627
62149245278953,2.6297426,2.7815695,4.888406
62149253213524,2.8533194,2.698989,4.9751277
62149261117576,3.1539648,2.6733809,4.9007654
62149269021629,3.4292388,2.5303335,4.8677835
62149276895164,3.5466628,2.2322235,4.695752
62149284860252,3.9805298,1.9013829,4.524125
62149292733787,4.2688055,2.2883692,5.4229407
62149300637840,3.9342616,3.0869522,6.1125717
62149308572410,4.108985,3.2765064,6.8120785
62149316445946,4.1241236,2.9528751,7.056629
62149324319481,4.1326957,2.443265,7.0245113
62149332193016,3.7754426,1.9362249,6.8094206
62149340127586,3.5459228,1.5755692,6.333089
62149348031639,3.5511699,1.5027018,5.5712056
62149355905174,3.4491239,1.518961,4.8206573
62149363839744,2.9969733,1.2933636,4.1742334
62149371743797,2.5479028,0.8400688,3.6931386
62149379647850,2.2386215,0.22818756,3.2712762
62149387521385,2.1440024,-0.31118107,2.936628
62149395394920,1.9672363,-0.6161699,2.898418
62149403329490,1.9192064,-0.38437748,3.1143718
62149411294578,1.9368446,0.18947887,3.3519068
62149419198631,2.1541681,0.71461105,3.8106422
62149427163719,2.2498317,0.7667675,4.180365
62149435067772,2.1678355,0.47812557,4.3097315
62149442941307,1.9538977,0.028925896,4.1770544
62149450814842,1.8234794,-0.24559689,4.0749264
62149458718895,1.593452,-0.4262619,3.8210168
62149466622947,1.362631,-0.5678768,3.857388
62149474496483,1.3262197,-0.36184597,4.033728
62149482370018,1.2160634,0.36159897,4.124962
62149490243553,1.2211624,1.1472387,3.9079626
62149498178123,0.9025332,1.5113382,3.5761218
62149506051658,0.4181769,1.3363762,3.119672
62149513925194,0.18527126,1.0843582,2.7445917
62149521890281,0.06713766,0.8363762,2.524282
62149529794334,0.14787203,0.4774418,2.2745273
62149537698387,0.11909485,0.17248726,2.0587153
62149545663475,0.061386228,0.22518826,1.978302
62149553567528,0.23309392,0.27163887,1.8303058
62149561441063,0.35554302,0.3858223,1.6834017
62149569345115,0.47814915,0.77355576,1.5401237
62149577218651,0.4342711,1.0709715,1.3693396
62149585183739,0.25628805,0.9597359,1.1880261
62149593087791,0.0118172765,0.48055077,1.1422089
62149600961326,-0.03370148,0.052474976,1.2881875
62149608834862,0.09405488,-0.1165123,1.5984201
62149616738914,0.50110096,-0.17272282,1.9830947
62149624612449,0.88984543,-0.48969555,2.1238985
62149632485985,1.3162735,-0.66537,2.345785
62149640420555,1.4544766,-0.34286404,2.3608265
62149648385643,1.2794118,-0.027274132,2.1331015
62149656259178,0.91963327,0.068445206,1.7324
62149664224266,0.48648238,0.19570065,1.3737437
62149672128319,0.18938306,0.30913162,1.1494386
62149680062889,0.12918025,0.2004118,1.0427502
62149687936424,0.2502166,0.04180336,1.0385034
62149695840477,0.5226532,-0.042357445,1.2527113
62149703714012,0.89990884,-0.028209686,1.4574895
62149711587547,1.1374831,-0.07139301,1.6098399
62149719461082,1.256314,-0.21506023,1.7735195
62149727365135,1.2825813,-0.24373531,1.9197371
62149735269188,1.2287568,-0.1717186,1.9269205
62149743142723,0.96887547,-0.15935707,1.9035385
62149751016258,0.79515636,-0.19706917,1.9312984
62149758981346,0.6409332,-0.19146729,1.840332
62149766885399,0.578347,-0.18085861,1.7532334
62149774789451,0.552382,-0.13413048,1.5911838
62149782662987,0.6226783,-0.056095123,1.385917
62149790597557,0.7197659,-0.028178215,1.2019538
62149798562645,0.7814301,-0.04322338,1.0055548
62149806436180,0.81046975,-0.043772697,0.90193105
62149814370750,0.7946695,-0.0035171509,0.7688468
62149822305321,0.66026103,0.027266502,0.7546397
62149830178856,0.56033814,-0.00890255,0.8444892
62149838052391,0.49006698,-0.044992447,0.9662085
62149846017479,0.47529846,-0.09539127,1.0573808
62149853921531,0.5348627,-0.1313734,1.1299945
62149861856102,0.58272624,-0.12182045,1.1792098
62149869821190,0.59720546,-0.11940861,1.1308014
62149877694725,0.53754187,-0.17633724,0.9921073
62149885598778,0.48147595,-0.21373749,0.850802
62149893502830,0.5213538,-0.18624687,0.7728139
62149901406883,0.6583318,-0.04607582,0.6976331
62149909310936,0.7581123,0.05587578,0.5746268
62149917276024,0.6561545,0.007036209,0.51810205
62149925180076,0.5040371,0.006070137,0.45137367
62149933084129,0.288482,-0.0069437027,0.34817663
62149941049217,0.08831981,-0.067902565,0.4417206
62149948953270,0.07461306,-0.042702675,0.5587252
62149956857322,0.20060615,-0.053373337,0.7478064
62149964761375,0.34808046,-0.09981823,0.91653264
62149972695946,0.5016867,-0.18197823,1.0139339
62149980599998,0.54664546,-0.15144634,0.94744015
62149988473533,0.5219798,-0.106518745,0.7478165
62149996347069,0.46939826,-0.05930519,0.5029478
62150004251121,0.39666474,-0.021813393,0.3781094
62150012155174,0.32999885,-0.04913044,0.370911
62150020028709,0.2786746,-0.06457996,0.39410484
62150027932762,0.25719783,-0.058576584,0.41155916
62150035897850,0.24359396,-0.047864914,0.40871286
62150043801903,0.21661241,-0.058797836,0.4022894
62150051736473,0.2214394,-0.08174515,0.4371987
62150059640526,0.21015227,-0.10713291,0.4415455
62150067575096,0.23751812,-0.07991028,0.37014258
62150075448631,0.25340047,-0.059963226,0.26398796
62150083322166,0.19344926,-0.052096367,0.16616905
62150091226219,0.17482379,-0.051530838,0.107981384
62150099130272,0.118661165,-0.0630455,-0.013704419
62150107003807,0.044069737,-0.06988621,-0.100711346
62150114877342,0.04467237,0.026018143,-0.6189023
62150122811912,0.7648989,-0.20944214,6.921271
62150130746483,-0.9365508,0.3000965,-1.0315669
62150138620018,0.70578706,0.3690529,-0.04246819
62150146493553,0.28293723,-0.2876234,0.3860554
62150154458641,-0.41091657,-0.5494423,0.66056323
62150162362694,0.2153934,-0.3135481,0.24182868
62150170266746,0.44191697,0.15452766,0.07517892
62150178140281,0.032756925,0.13166142,0.3908087
62150186074852,0.06169367,-0.05179119,0.25338256
62150194039940,0.22714522,-0.16594219,0.20106566
