23816079943662,-0.0062357187,-0.09655666,-0.05488348,-0.0062357187,-0.09655666,-0.05488348
23816087817197,-0.006202638,-0.09660721,-0.05536127,-0.006202638,-0.09660721,-0.05536127
23816095751767,-0.0041500926,-0.057289124,-0.03330183,-0.0041500926,-0.057289124,-0.03330183
23816103625302,-0.004875481,-0.062270164,-0.036104202,-0.004875481,-0.062270164,-0.036104202
23816111529355,-0.008288443,-0.110305786,-0.06286478,-0.008288443,-0.110305786,-0.06286478
23816119433408,-0.008478045,-0.12875462,-0.072761536,-0.008478045,-0.12875462,-0.072761536
23816127337460,-0.0076311827,-0.113615036,-0.06452131,-0.0076311827,-0.113615036,-0.06452131
23816135302548,-0.0067563653,-0.091944695,-0.052477837,-0.0067563653,-0.091944695,-0.052477837
23816143176083,-0.009703398,-0.12908554,-0.073746204,-0.009703398,-0.12908554,-0.073746204
23816151080136,-0.012398183,-0.18229866,-0.10328627,-0.012398183,-0.18229866,-0.10328627
23816158953671,-0.00894022,-0.15612984,-0.08806658,-0.00894022,-0.15612984,-0.08806658
23816166857724,-0.0058570504,-0.14485836,-0.08186531,-0.0058570504,-0.14485836,-0.08186531
23816174761777,-0.008051038,-0.12240887,-0.06937599,-0.008051038,-0.12240887,-0.06937599
23816182665830,-0.0061727166,-0.082125664,-0.04716587,-0.0061727166,-0.082125664,-0.04716587
23816190600400,-0.006306112,-0.08115578,-0.04683256,-0.006306112,-0.08115578,-0.04683256
23816198504453,-0.0065836906,-0.09194565,-0.052520752,-0.0065836906,-0.09194565,-0.052520752
23816206439023,-0.0014427304,-0.02071476,-0.011993885,-0.0014427304,-0.02071476,-0.011993885
23816214373593,0.0039505363,0.051701546,0.030320644,0.0039505363,0.051701546,0.030320644
23816222247128,-9.0676546E-4,-0.0110292435,-0.0062413216,-9.0676546E-4,-0.0110292435,-0.0062413216
23816230212216,-0.004404187,-0.0648756,-0.037388325,-0.004404187,-0.0648756,-0.037388325
23816238085751,-0.0013783872,-0.024899483,-0.014438152,-0.0013783872,-0.024899483,-0.014438152
23816245989804,-0.002118528,-0.04206562,-0.024525166,-0.002118528,-0.04206562,-0.024525166
23816253863339,-0.0040914416,-0.066996574,-0.03877783,-0.0040914416,-0.066996574,-0.03877783
23816261736874,-0.003983915,-0.053674698,-0.031214714,-0.003983915,-0.053674698,-0.031214714
23816269671445,-0.0019100904,-0.02549839,-0.014877796,-0.0019100904,-0.02549839,-0.014877796
23816277544980,-0.0048371553,-0.06747913,-0.039042473,-0.0048371553,-0.06747913,-0.039042473
23816285449033,-0.009408534,-0.13760757,-0.07800627,-0.009408534,-0.13760757,-0.07800627
23816293353085,-0.01115346,-0.18052292,-0.10134077,-0.01115346,-0.18052292,-0.10134077
23816301257138,-0.010083079,-0.16732216,-0.09481287,-0.010083079,-0.16732216,-0.09481287
23816309161191,-0.010525584,-0.16552067,-0.09347153,-0.010525584,-0.16552067,-0.09347153
23816317065244,-0.012206733,-0.18422985,-0.102991104,-0.012206733,-0.18422985,-0.102991104
23816324999814,-0.010522068,-0.15771103,-0.08915186,-0.010522068,-0.15771103,-0.08915186
23816332903867,-0.005874455,-0.08570957,-0.04880476,-0.005874455,-0.08570957,-0.04880476
23816340777402,-0.0049977303,-0.072488785,-0.04190302,-0.0049977303,-0.072488785,-0.04190302
23816348711972,-0.006239295,-0.08842373,-0.051380157,-0.006239295,-0.08842373,-0.051380157
23816356585507,-0.002922535,-0.040963173,-0.024131298,-0.002922535,-0.040963173,-0.024131298
23816364520078,-0.0016245246,-0.022755623,-0.013391018,-0.0016245246,-0.022755623,-0.013391018
23816372424130,-0.0050296783,-0.042398453,-0.019623756,-0.0050296783,-0.042398453,-0.019623756
23816380297666,-0.00404191,-0.056619644,-0.03318882,-0.00404191,-0.056619644,-0.03318882
23816388201718,-0.0024114847,-0.03352928,-0.019720078,-0.0024114847,-0.03352928,-0.019720078
23816396136289,-0.0020930767,-0.0284338,-0.016832352,-0.0020930767,-0.0284338,-0.016832352
23816404040341,-0.003098905,-0.039981842,-0.023742199,-0.003098905,-0.039981842,-0.023742199
23816411944394,-0.004065931,-0.051564217,-0.030264378,-0.004065931,-0.051564217,-0.030264378
23816419878964,-0.0058945417,-0.08234882,-0.0478487,-0.0058945417,-0.08234882,-0.0478487
23816427813535,-0.0072752237,-0.107253075,-0.06222534,-0.0072752237,-0.107253075,-0.06222534
23816435717587,-0.005098164,-0.07193279,-0.0420475,-0.005098164,-0.07193279,-0.0420475
23816443621640,-0.0021073818,-0.028443336,-0.016880512,-0.0021073818,-0.028443336,-0.016880512
23816451556210,3.2675266E-4,0.0036621094,0.0021982193,3.2675266E-4,0.0036621094,0.0021982193
23816459429746,1.2457371E-5,4.196167E-5,5.2452087E-6,1.2457371E-5,4.196167E-5,5.2452087E-6
23816467364316,-0.0014288425,-0.016342163,-0.009467602,-0.0014288425,-0.016342163,-0.009467602
23816475298886,-0.0031940937,-0.03864479,-0.022880554,-0.0031940937,-0.03864479,-0.022880554
23816483202939,-0.0048867464,-0.05620861,-0.03364086,-0.0048867464,-0.05620861,-0.03364086
23816491106992,0.0012676716,-0.05170822,-0.035745144,0.0012676716,-0.05170822,-0.035745144
23816499011044,-0.011484861,-0.09985256,-0.06427097,-0.011484861,-0.09985256,-0.06427097
23816506915097,-0.012897849,-0.15424252,-0.09109497,-0.012897849,-0.15424252,-0.09109497
23816514819150,-0.015066385,-0.17949772,-0.10490465,-0.015066385,-0.17949772,-0.10490465
23816522723203,-0.015596032,-0.18134499,-0.10602331,-0.015596032,-0.18134499,-0.10602331
23816530688291,-0.01929152,-0.21986198,-0.12934875,-0.01929152,-0.21986198,-0.12934875
23816538561826,-0.02184987,-0.23258495,-0.13524723,-0.02184987,-0.23258495,-0.13524723
23816546496396,-0.015681922,-0.16087532,-0.0935688,-0.015681922,-0.16087532,-0.0935688
23816554430966,-0.006970465,-0.0690403,-0.0409503,-0.006970465,-0.0690403,-0.0409503
23816562335019,-0.0107239485,-0.100328445,-0.05969715,-0.0107239485,-0.100328445,-0.05969715
23816570239072,-0.0117016435,-0.10985756,-0.06545782,-0.0117016435,-0.10985756,-0.06545782
23816578112607,-5.093813E-4,-0.005162239,-0.0032129288,-5.093813E-4,-0.005162239,-0.0032129288
23816586047177,0.0018383861,0.018863678,0.011682034,0.0018383861,0.018863678,0.011682034
23816593951230,-0.0037819147,-0.04216194,-0.025443077,-0.0037819147,-0.04216194,-0.025443077
23816601855283,-0.0033944845,-0.046554565,-0.02772665,-0.0033944845,-0.046554565,-0.02772665
23816609759335,0.002490759,0.0375309,0.022782803,0.002490759,0.0375309,0.022782803
23816617663388,-0.0011634827,-0.017295837,-0.010269642,-0.0011634827,-0.017295837,-0.010269642
23816625536923,-0.013354123,-0.16964817,-0.09627676,-0.013354123,-0.16964817,-0.09627676
23816633440976,-0.018507719,-0.2167759,-0.12073326,-0.018507719,-0.2167759,-0.12073326
23816641345029,-0.024845839,-0.30640888,-0.17580938,-0.024845839,-0.30640888,-0.17580938
23816649249082,-0.029644012,-0.30584908,-0.16848612,-0.029644012,-0.30584908,-0.16848612
23816657214169,-0.01614219,-0.1628418,-0.08368683,-0.01614219,-0.1628418,-0.08368683
23816665118222,-0.009587944,-0.13610268,-0.063724995,-0.009587944,-0.13610268,-0.063724995
23816673052792,-0.014470607,-0.30990028,-0.13073659,-0.014470607,-0.30990028,-0.13073659
23816680987363,-0.018926173,-0.5407047,-0.19373918,-0.018926173,-0.5407047,-0.19373918
23816688860898,-0.016824394,-0.37250042,-0.12660718,-0.016824394,-0.37250042,-0.12660718
23816696734433,0.0057958364,0.07117176,0.027917147,0.0057958364,0.07117176,0.027917147
23816704669003,0.024154782,0.21416855,0.085302114,0.024154782,0.21416855,0.085302114
23816712542539,0.060464263,0.5074129,0.20492268,0.060464263,0.5074129,0.20492268
23816720446591,0.07057458,0.6666775,0.25264668,0.07057458,0.6666775,0.25264668
23816728350644,0.04857266,0.60959816,0.18989086,0.04857266,0.60959816,0.18989086
23816736254697,0.04141137,0.9945946,0.30891418,0.04141137,0.9945946,0.30891418
23816744158749,0.04569772,1.5457554,0.5552118,0.04569772,1.5457554,0.5552118
23816752032285,0.031478345,1.5039568,0.46719646,0.031478345,1.5039568,0.46719646
23816759936337,-0.020451456,1.505147,0.43541694,-0.020451456,1.505147,0.43541694
23816767840390,-0.06712085,1.6599541,0.55512786,-0.06712085,1.6599541,0.55512786
23816775744443,-0.10851568,1.6200972,0.47673607,-0.10851568,1.6200972,0.47673607
23816783617978,-0.17694116,1.8379993,0.411983,-0.17694116,1.8379993,0.411983
23816791522031,-0.19806087,2.387804,0.5066531,-0.19806087,2.387804,0.5066531
23816799456601,-0.10504702,3.0307999,0.7122488,-0.10504702,3.0307999,0.7122488
23816807391171,0.08767019,3.5249033,0.94292116,0.08767019,3.5249033,0.94292116
23816815264707,0.32353687,3.648857,0.7780719,0.32353687,3.648857,0.7780719
23816823138242,0.3326636,3.7755651,0.52890444,0.3326636,3.7755651,0.52890444
23816831042294,0.20027024,3.655774,0.2902934,0.20027024,3.655774,0.2902934
23816838946347,0.02809462,3.337143,-0.37561166,0.02809462,3.337143,-0.37561166
23816846850400,-0.26291025,3.5183992,-1.150233,-0.26291025,3.5183992,-1.150233
23816854784970,-0.4975419,3.7043047,-1.7226386,-0.4975419,3.7043047,-1.7226386
23816862689023,-0.5799186,3.5716057,-1.8910289,-0.5799186,3.5716057,-1.8910289
23816870593076,-0.34354252,2.9601412,-1.6259837,-0.34354252,2.9601412,-1.6259837
23816878558164,0.023868814,2.480567,-1.7781644,0.023868814,2.480567,-1.7781644
23816886462216,0.11599305,2.6864533,-3.2055573,0.11599305,2.6864533,-3.2055573
23816894335751,0.022669278,1.9066958,-2.6375184,0.022669278,1.9066958,-2.6375184
23816902300839,0.001455104,0.3527069,-0.4523344,0.001455104,0.3527069,-0.4523344
23816910174374,0.021538839,0.40054798,-0.8375416,0.021538839,0.40054798,-0.8375416
23816918078427,0.0031186156,0.27355194,-0.89131737,0.0031186156,0.27355194,-0.89131737
23816925982480,0.011550769,-0.22728944,0.96288204,0.011550769,-0.22728944,0.96288204
23816933917050,-0.108858824,0.18749535,-1.6277161,-0.108858824,0.18749535,-1.6277161
23816941821103,0.012291908,-0.01569128,0.050510406,0.012291908,-0.01569128,0.050510406
23816949694638,1.4042156,-2.194088,1.3429868,1.4042156,-2.194088,1.3429868
23816957598691,0.83755803,-1.6267934,0.24882507,0.83755803,-1.6267934,0.24882507
23816965502744,0.4819293,-0.9726486,0.44741654,0.4819293,-0.9726486,0.44741654
23816973437314,0.41763234,-0.7321749,0.4856596,0.41763234,-0.7321749,0.4856596
23816981371884,0.9720607,-1.4309669,0.6316185,0.9720607,-1.4309669,0.6316185
23816989275937,1.1923184,-2.4849367,-0.12841901,1.1923184,-2.4849367,-0.12841901
23816997241025,0.37806237,-2.4220161,-0.2702734,0.37806237,-2.4220161,-0.2702734
23817005145078,-0.08236033,-1.5495205,0.005850479,-0.08236033,-1.5495205,0.005850479
23817013018613,-0.050560534,-0.9123335,0.10681903,-0.050560534,-0.9123335,0.10681903
23817020983701,-0.024590984,-1.1160421,0.16085899,-0.024590984,-1.1160421,0.16085899
23817028857236,0.12480813,-1.4341974,0.26725984,0.12480813,-1.4341974,0.26725984
23817036730771,0.12145758,-0.99337864,0.19734895,0.12145758,-0.99337864,0.19734895
23817044695859,0.025945306,-0.19118977,0.049031973,0.025945306,-0.19118977,0.049031973
23817052569394,-0.09502149,0.58525944,-0.1105659,-0.09502149,0.58525944,-0.1105659
23817060442929,-0.22071004,1.0276594,-0.30116296,-0.22071004,1.0276594,-0.30116296
23817068346982,-0.3939762,1.2100191,-0.49312806,-0.3939762,1.2100191,-0.49312806
23817076281552,-0.37569928,1.0105104,-0.37519217,-0.37569928,1.0105104,-0.37519217
23817084185605,-0.16842794,1.0898485,-0.19797683,-0.16842794,1.0898485,-0.19797683
23817092059140,0.81499076,1.3921928,-0.6305797,0.81499076,1.3921928,-0.6305797
23817099963193,1.6441256,1.7853985,-0.6883788,1.6441256,1.7853985,-0.6883788
23817107867246,2.1318417,1.8984098,-0.5355301,2.1318417,1.8984098,-0.5355301
23817115801816,2.1363826,1.7164068,-0.74370074,2.1363826,1.7164068,-0.74370074
23817123736386,2.3874278,1.7063446,-1.0527279,2.3874278,1.7063446,-1.0527279
23817131640439,2.667561,1.9252768,-1.5039735,2.667561,1.9252768,-1.5039735
23817139544492,3.1411252,2.2274637,-0.93419075,3.1411252,2.2274637,-0.93419075
23817147418027,2.9970987,2.4186478,-1.4673126,2.9970987,2.4186478,-1.4673126
23817155291562,2.4892116,2.431655,-2.8968549,2.4892116,2.431655,-2.8968549
23817163226132,2.300756,2.4657564,-2.4413066,2.300756,2.4657564,-2.4413066
23817171130185,2.8774571,2.9587955,-2.287577,2.8774571,2.9587955,-2.287577
23817179034238,3.7728207,3.4517365,-3.1029472,3.7728207,3.4517365,-3.1029472
23817186938291,4.0641823,3.5003786,-2.6601107,4.0641823,3.5003786,-2.6601107
23817194842343,3.3673816,3.4307976,-3.137844,3.3673816,3.4307976,-3.137844
23817202776914,2.5929227,3.348586,-3.7248926,2.5929227,3.348586,-3.7248926
23817210650449,1.9427917,3.0327597,-2.9351645,1.9427917,3.0327597,-2.9351645
23817218585019,3.912452,2.0919952,-4.0094614,3.912452,2.0919952,-4.0094614
23817226458554,1.5787196,0.3074808,-11.866484,1.5787196,0.3074808,-11.866484
23817234332089,3.5855658,2.494032,-10.739882,3.5855658,2.494032,-10.739882
23817242266660,3.798682,4.020092,-7.9715443,3.798682,4.020092,-7.9715443
23817250170712,2.7499044,7.7911577,-7.7555704,2.7499044,7.7911577,-7.7555704
23817258074765,3.5583282,7.3746815,-0.24002028,3.5583282,7.3746815,-0.24002028
23817266009335,4.724356,3.7819748,-9.112226,4.724356,3.7819748,-9.112226
23817273913388,2.1460133,3.5342293,-5.799155,2.1460133,3.5342293,-5.799155
23817281847958,-1.3529224,2.1743002,-6.654611,-1.3529224,2.1743002,-6.654611
23817289752011,-0.3561554,3.2796888,-2.9623334,-0.3561554,3.2796888,-2.9623334
23817297656064,0.94190025,2.3925762,-2.1287518,0.94190025,2.3925762,-2.1287518
23817305560117,2.0462387,2.8976393,-3.4663146,2.0462387,2.8976393,-3.4663146
23817313464169,2.052419,2.772726,-2.696431,2.052419,2.772726,-2.696431
23817321429257,2.4796057,2.4429998,-1.8393881,2.4796057,2.4429998,-1.8393881
23817329302792,2.8396373,2.3435469,-1.1533036,2.8396373,2.3435469,-1.1533036
23817337176328,2.5637553,2.2305717,-1.0542705,2.5637553,2.2305717,-1.0542705
23817345080380,1.9381578,2.2358694,-1.5414209,1.9381578,2.2358694,-1.5414209
23817352984433,1.3795621,2.489976,-0.9747274,1.3795621,2.489976,-0.9747274
23817360888486,1.194973,2.9314299,0.40091038,1.194973,2.9314299,0.40091038
23817368853574,1.3431561,3.1170158,1.2087756,1.3431561,3.1170158,1.2087756
23817376757626,1.7578912,3.1360207,0.48009503,1.7578912,3.1360207,0.48009503
23817384692197,2.033372,3.272685,-1.0190506,2.033372,3.272685,-1.0190506
23817392596249,1.7163522,3.506113,-3.2362576,1.7163522,3.506113,-3.2362576
23817400530820,0.7722771,3.6465445,-4.852319,0.7722771,3.6465445,-4.852319
23817408434873,-0.9667003,3.5800524,-3.798864,-0.9667003,3.5800524,-3.798864
23817416338925,-2.9952142,3.6636963,-2.0135264,-2.9952142,3.6636963,-2.0135264
23817424242978,-4.6464357,3.3253508,-1.7025988,-4.6464357,3.3253508,-1.7025988
23817432116513,-5.0072794,2.7623997,-2.1466146,-5.0072794,2.7623997,-2.1466146
23817440020566,-3.838436,2.3600912,-3.9353237,-3.838436,2.3600912,-3.9353237
23817447894101,-2.3170424,2.3760242,-5.230921,-2.3170424,2.3760242,-5.230921
23817455798154,-1.4934916,2.445097,-5.9514947,-1.4934916,2.445097,-5.9514947
23817463702207,-0.9929211,2.4710903,-7.165811,-0.9929211,2.4710903,-7.165811
23817471636777,-0.6896126,1.8016005,-7.150251,-0.6896126,1.8016005,-7.150251
23817479510312,-1.1030664,0.89533997,-5.9371634,-1.1030664,0.89533997,-5.9371634
23817487383847,-1.1948781,0.16903019,-6.1141944,-1.1948781,0.16903019,-6.1141944
23817495287900,-1.0605109,-0.9559498,-7.3525143,-1.0605109,-0.9559498,-7.3525143
23817503191953,-0.91057205,-3.0057573,-9.138815,-0.91057205,-3.0057573,-9.138815
23817511096005,-1.1137482,-4.3753943,-11.335091,-1.1137482,-4.3753943,-11.335091
23817519000058,-1.9836836,-5.0140285,-14.8852005,-1.9836836,-5.0140285,-14.8852005
23817526904111,-2.7658129,-4.561911,-16.910069,-2.7658129,-4.561911,-16.910069
23817534808164,-1.4700933,-2.7234502,-15.727268,-1.4700933,-2.7234502,-15.727268
23817542712216,2.029476,-0.32223034,-12.30831,2.029476,-0.32223034,-12.30831
23817550585751,5.059649,0.9648638,-9.588257,5.059649,0.9648638,-9.588257
23817558520322,4.7334986,0.50916576,-9.229508,4.7334986,0.50916576,-9.229508
23817566424374,3.2775574,-0.4692278,-9.034811,3.2775574,-0.4692278,-9.034811
23817574328427,1.6071073,-1.1995239,-7.94721,1.6071073,-1.1995239,-7.94721
23817582201962,-0.027771711,-2.0359917,-3.918505,-0.027771711,-2.0359917,-3.918505
23817590106015,-1.7253567,-3.0003643,-1.4358478,-1.7253567,-3.0003643,-1.4358478
23817598010068,-3.5954528,-3.9045534,-2.651005,-3.5954528,-3.9045534,-2.651005
23817605944638,-4.8927794,-3.9718423,-7.0242434,-4.8927794,-3.9718423,-7.0242434
23817613848691,-5.783168,-4.1923966,-10.75585,-5.783168,-4.1923966,-10.75585
23817621752744,-5.972575,-4.8654447,-10.891584,-5.972575,-4.8654447,-10.891584
23817629687314,-4.4211435,-5.604603,-8.5924015,-4.4211435,-5.604603,-8.5924015
23817637591367,-0.1378417,-5.159051,-5.6274405,-0.1378417,-5.159051,-5.6274405
23817645495419,5.0612507,-3.528459,-4.4479856,5.0612507,-3.528459,-4.4479856
23817653399472,9.808271,-1.7449894,-4.614501,9.808271,-1.7449894,-4.614501
23817661303525,10.436169,-1.4924674,-5.5455823,10.436169,-1.4924674,-5.5455823
23817669207578,7.1546855,-2.8753476,-6.675851,7.1546855,-2.8753476,-6.675851
23817677111630,2.982864,-4.1374593,-7.2751036,2.982864,-4.1374593,-7.2751036
23817685046201,-0.6428094,-4.9059796,-6.2034836,-0.6428094,-4.9059796,-6.2034836
23817692950253,-3.0490954,-5.318698,-5.08541,-3.0490954,-5.318698,-5.08541
23817700884824,-3.8053024,-4.92883,-4.6684327,-3.8053024,-4.92883,-4.6684327
23817708758359,-2.3968842,-3.9797106,-4.273342,-2.3968842,-3.9797106,-4.273342
23817716631894,0.84306943,-3.5417004,-2.6766267,0.84306943,-3.5417004,-2.6766267
23817724505429,2.007305,0.6356087,-9.047525,2.007305,0.6356087,-9.047525
23817732439999,2.5072777,4.7579117,1.8153535,2.5072777,4.7579117,1.8153535
23817740374570,9.397058,7.2864475,15.60068,9.397058,7.2864475,15.60068
23817748278623,11.60498,6.1180487,7.8930097,11.60498,6.1180487,7.8930097
23817756213193,6.337365,3.6742811,0.9792913,6.337365,3.6742811,0.9792913
23817764086728,-2.190913,3.9319515,-4.594576,-2.190913,3.9319515,-4.594576
23817771960263,-5.371628,2.743617,-1.3697546,-5.371628,2.743617,-1.3697546
23817779864316,-3.3109381,2.6922054,8.869103,-3.3109381,2.6922054,8.869103
23817787798886,0.67654324,3.1074514,11.014178,0.67654324,3.1074514,11.014178
23817795702939,4.621296,3.4199162,7.310567,4.621296,3.4199162,7.310567
23817803576474,6.167055,3.7016525,3.262895,6.167055,3.7016525,3.262895
23817811511044,5.3692217,4.032666,2.4818063,5.3692217,4.032666,2.4818063
23817819415097,4.5219574,3.9155807,3.9282482,4.5219574,3.9155807,3.9282482
23817827319150,4.734535,3.3051834,4.6613264,4.734535,3.3051834,4.6613264
23817835253720,4.4120417,2.114211,3.8547282,4.4120417,2.114211,3.8547282
23817843218808,3.7396848,1.0911207,1.9356053,3.7396848,1.0911207,1.9356053
23817851122861,2.5144982,0.53069973,-0.49893773,2.5144982,0.53069973,-0.49893773
23817859026914,0.9520094,0.27638245,-1.554256,0.9520094,0.27638245,-1.554256
23817866961484,0.15903234,0.124565125,-1.348311,0.15903234,0.124565125,-1.348311
23817874865537,0.027486324,-0.2558031,-0.79815257,0.027486324,-0.2558031,-0.79815257
23817882739072,0.7663167,-0.6480274,-0.40559888,0.7663167,-0.6480274,-0.40559888
23817890643124,1.9750452,-0.7030573,-0.41797113,1.9750452,-0.7030573,-0.41797113
23817898547177,2.8698716,-0.48458958,-0.47221923,2.8698716,-0.48458958,-0.47221923
23817906451230,3.302876,-0.28604698,-0.21382618,3.302876,-0.28604698,-0.21382618
23817914355283,3.2461653,-0.36514664,0.03491378,3.2461653,-0.36514664,0.03491378
23817922259335,2.8596013,-0.59444904,0.33010554,2.8596013,-0.59444904,0.33010554
23817930132871,2.5526495,-0.77006626,0.54063916,2.5526495,-0.77006626,0.54063916
23817938067441,2.31942,-0.834445,0.71783376,2.31942,-0.834445,0.71783376
23817945940976,2.221612,-0.70412445,0.7102535,2.221612,-0.70412445,0.7102535
23817953875546,1.9723818,-0.4789467,1.1208069,1.9723818,-0.4789467,1.1208069
23817961749082,1.7359641,-0.2834711,1.1564882,1.7359641,-0.2834711,1.1564882
23817969683652,1.5771711,-0.09879589,0.72837687,1.5771711,-0.09879589,0.72837687
23817977587705,1.2772222,0.051408768,0.3518269,1.2772222,0.051408768,0.3518269
23817985491757,0.6671711,0.060001373,0.54444075,0.6671711,0.060001373,0.54444075
23817993395810,0.21551323,-0.1401329,1.1840141,0.21551323,-0.1401329,1.1840141
23818001299863,0.108870745,-0.3248043,1.3811624,0.108870745,-0.3248043,1.3811624
23818009173398,0.22606945,-0.34618187,1.2358484,0.22606945,-0.34618187,1.2358484
23818017077451,0.31334907,-0.24494267,1.1239808,0.31334907,-0.24494267,1.1239808
23818024981503,0.47154212,-0.13821602,1.1527693,0.47154212,-0.13821602,1.1527693
23818032916074,0.64070207,-0.16013718,1.3105459,0.64070207,-0.16013718,1.3105459
23818040820126,0.8088796,-0.28949738,1.270782,0.8088796,-0.28949738,1.270782
23818048724179,0.8665172,-0.31590366,1.1067779,0.8665172,-0.31590366,1.1067779
23818056597714,0.82335407,-0.10543537,1.1544068,0.82335407,-0.10543537,1.1544068
23818064501767,0.6824717,0.018576622,0.99778175,0.6824717,0.018576622,0.99778175
23818072405820,0.55159634,0.05583954,0.7265384,0.55159634,0.05583954,0.7265384
23818080340390,0.44022846,-0.019906998,0.582077,0.44022846,-0.019906998,0.582077
23818088244443,0.36724645,-0.08655453,0.6719506,0.36724645,-0.08655453,0.6719506
23818096148496,0.45693594,-0.15832329,0.9116986,0.45693594,-0.15832329,0.9116986
23818104083066,0.93799824,-0.16130543,0.962013,0.93799824,-0.16130543,0.962013
23818111987119,1.3779498,-0.1387701,0.7711811,1.3779498,-0.1387701,0.7711811
23818119860654,1.5917466,-0.19090652,0.6449244,1.5917466,-0.19090652,0.6449244
23818127795224,1.6064534,-0.29363728,0.7266259,1.6064534,-0.29363728,0.7266259
23818135668759,1.3938222,-0.34404278,0.6813228,1.3938222,-0.34404278,0.6813228
23818143572812,1.1843522,-0.2500038,0.76344705,1.1843522,-0.2500038,0.76344705
23818151507382,1.0356597,-0.22741032,0.9149201,1.0356597,-0.22741032,0.9149201
23818159380917,1.0465406,-0.23069763,0.9621725,1.0465406,-0.23069763,0.9621725
23818167284970,1.0296943,-0.23612976,0.9078994,1.0296943,-0.23612976,0.9078994
23818175189023,0.9447665,-0.2703762,0.7626715,0.9447665,-0.2703762,0.7626715
23818183154111,0.74528086,-0.20206451,0.6281407,0.74528086,-0.20206451,0.6281407
23818191058164,0.4703097,-0.1626358,0.6350622,0.4703097,-0.1626358,0.6350622
23818198962216,0.32675096,-0.17835045,0.6437626,0.32675096,-0.17835045,0.6437626
23818206866269,0.24892929,-0.21807766,0.5844183,0.24892929,-0.21807766,0.5844183
23818214739804,0.29021862,-0.24836445,0.4831307,0.29021862,-0.24836445,0.4831307
23818222643857,0.45641136,-0.2619772,0.43998432,0.45641136,-0.2619772,0.43998432
23818230578427,0.644981,-0.32819557,0.4230113,0.644981,-0.32819557,0.4230113
23818238482480,0.7649181,-0.43747997,0.362911,0.7649181,-0.43747997,0.362911
23818246417050,0.75928676,-0.48714733,0.24389982,0.75928676,-0.48714733,0.24389982
23818254321103,0.73185927,-0.40502262,0.30203843,0.73185927,-0.40502262,0.30203843
23818262225156,0.7019823,-0.2841177,0.4668107,0.7019823,-0.2841177,0.4668107
23818270129208,0.83600855,-0.1625042,0.6894922,0.83600855,-0.1625042,0.6894922
23818278033261,0.97813547,-0.17481041,0.57437754,0.97813547,-0.17481041,0.57437754
23818285937314,1.0763712,-0.15422344,0.21968746,1.0763712,-0.15422344,0.21968746
23818293841367,0.88410693,-0.081549644,0.06125498,0.88410693,-0.081549644,0.06125498
23818301775937,0.5827811,-0.102666855,0.084294796,0.5827811,-0.102666855,0.084294796
23818309679990,0.36644322,-0.13840866,0.21161866,0.36644322,-0.13840866,0.21161866
23818317553525,0.3720032,-0.16466427,0.38024664,0.3720032,-0.16466427,0.38024664
23818325488095,0.5519851,-0.14788914,0.4654398,0.5519851,-0.14788914,0.4654398
23818333361630,0.7259486,-0.14103794,0.36260414,0.7259486,-0.14103794,0.36260414
23818341326718,0.77932453,-0.075003624,0.24269485,0.77932453,-0.075003624,0.24269485
23818349230771,0.72514737,-0.04993725,0.2626133,0.72514737,-0.04993725,0.2626133
23818357104306,0.60048413,-0.0632782,0.36444998,0.60048413,-0.0632782,0.36444998
23818365038876,0.46756023,-0.17251778,0.42855763,0.46756023,-0.17251778,0.42855763
23818372973447,0.3978522,-0.21751213,0.35749435,0.3978522,-0.21751213,0.35749435
23818380846982,0.4363773,-0.15267372,0.29698753,0.4363773,-0.15267372,0.29698753
23818388720517,0.47265565,-0.15027905,0.23713422,0.47265565,-0.15027905,0.23713422
23818396594052,0.45201576,-0.19362354,0.16134119,0.45201576,-0.19362354,0.16134119
23818404528623,0.41070232,-0.1963625,0.11703396,0.41070232,-0.1963625,0.11703396
23818412402158,0.42044544,-0.20645809,0.05415368,0.42044544,-0.20645809,0.05415368
23818420275693,0.4379105,-0.18057346,0.094110966,0.4379105,-0.18057346,0.094110966
23818428210263,0.37705082,-0.19521618,0.15758538,0.37705082,-0.19521618,0.15758538
23818436114316,0.28099006,-0.1977663,0.18726206,0.28099006,-0.1977663,0.18726206
23818444018369,0.18356721,-0.2289753,0.15214872,0.18356721,-0.2289753,0.15214872
23818451922421,0.23280427,-0.25543404,0.06929755,0.23280427,-0.25543404,0.06929755
23818459826474,0.3157466,-0.25565243,-0.0371778,0.3157466,-0.25565243,-0.0371778
23818467761044,0.3341627,-0.21992111,-0.012033224,0.3341627,-0.21992111,-0.012033224
23818475665097,0.26201516,-0.17226505,0.010878086,0.26201516,-0.17226505,0.010878086
23818483569150,0.2426869,-0.15091896,0.06727958,0.2426869,-0.15091896,0.06727958
23818491473203,0.27869698,-0.18230534,0.07598758,0.27869698,-0.18230534,0.07598758
23818499377255,0.38669735,-0.18738937,0.08243775,0.38669735,-0.18738937,0.08243775
23818507311826,0.45918155,-0.19023037,0.034254313,0.45918155,-0.19023037,0.034254313
23818515185361,0.3791722,-0.16215229,0.0010068417,0.3791722,-0.16215229,0.0010068417
23818523119931,0.16438392,-0.19664288,-0.06970692,0.16438392,-0.19664288,-0.06970692
23818530993466,-4.5844197,-0.9442396,-2.0507393,-4.5844197,-0.9442396,-2.0507393
23818538897519,-3.1447139,-0.919014,-0.8339803,-3.1447139,-0.919014,-0.8339803
23818546801572,-1.2152263,-0.051711082,1.0183377,-1.2152263,-0.051711082,1.0183377
23818554736142,1.2824166,0.31051922,1.4920616,1.2824166,0.31051922,1.4920616
23818562670712,2.149154,0.20916462,0.039844036,2.149154,0.20916462,0.039844036
23818570574765,2.5313647,0.19299984,-0.27221274,2.5313647,0.19299984,-0.27221274
23818578478818,2.0709913,0.20180511,0.21518326,2.0709913,0.20180511,0.21518326
23818586413388,0.7460376,0.1321373,0.35620785,0.7460376,0.1321373,0.35620785
23818594286923,-0.20966873,0.06449509,0.15316176,-0.20966873,0.06449509,0.15316176
23818602160458,-0.550745,-0.041715622,-0.018239021,-0.550745,-0.041715622,-0.018239021
23818610064511,-0.46028483,-0.11181736,0.05642438,-0.46028483,-0.11181736,0.05642438
23818617938046,-0.074274756,-0.04769039,0.17864084,-0.074274756,-0.04769039,0.17864084
23818625903134,0.35150164,0.014044762,0.20515442,0.35150164,0.014044762,0.20515442
23818633807187,0.5311624,0.008757591,0.12868476,0.5311624,0.008757591,0.12868476
23818641711240,0.4634192,-0.029819489,0.269392,0.4634192,-0.029819489,0.269392
23818649615292,0.17997941,-0.065888405,0.323488,0.17997941,-0.065888405,0.323488
23818657549863,-0.036638856,-0.09506798,0.11967158,-0.036638856,-0.09506798,0.11967158
23818665453916,-0.04172142,-0.076498985,0.12445593,-0.04172142,-0.076498985,0.12445593
23818673327451,-0.027308866,-0.031557083,0.22011018,-0.027308866,-0.031557083,0.22011018
23818681262021,-0.024903715,0.056188583,0.19923782,-0.024903715,0.056188583,0.19923782
23818689135556,-0.0014781058,0.016656876,0.15069127,-0.0014781058,0.016656876,0.15069127
23818697039609,0.0023817718,-0.054470062,0.06989217,0.0023817718,-0.054470062,0.06989217
23818704943662,-0.05362594,-0.08761978,0.0043330193,-0.05362594,-0.08761978,0.0043330193
23818712878232,-0.0663463,-0.13061428,0.01847744,-0.0663463,-0.13061428,0.01847744
23818720782285,0.004634097,-0.1306715,0.04501915,0.004634097,-0.1306715,0.04501915
23818728655820,-0.048795745,-0.09018707,0.07197499,-0.048795745,-0.09018707,0.07197499
23818736559873,0.007595718,-0.05223751,0.09693003,0.007595718,-0.05223751,0.09693003
23818744463925,0.05669847,-0.103144646,0.055571795,0.05669847,-0.103144646,0.055571795
23818752398496,-0.04522167,-0.12088776,-0.013565779,-0.04522167,-0.12088776,-0.013565779
23818760272031,-0.046489358,-0.14837933,-0.09661603,-0.046489358,-0.14837933,-0.09661603
23818768176083,0.045764416,-0.13033485,-0.084023714,0.045764416,-0.13033485,-0.084023714
23818776080136,0.030467018,-0.093034744,-0.0022826195,0.030467018,-0.093034744,-0.0022826195
23818784014707,-0.04457958,-0.12518501,-0.009083748,-0.04457958,-0.12518501,-0.009083748
23818791979794,0.0023394078,-0.12846375,0.13219905,0.0023394078,-0.12846375,0.13219905
23818799883847,0.037077695,-0.088336945,0.27266312,0.037077695,-0.088336945,0.27266312
23818807818417,0.028521612,-0.10066223,0.23539495,0.028521612,-0.10066223,0.23539495
23818815722470,0.019495845,-0.13697147,0.13123083,0.019495845,-0.13697147,0.13123083
23818823626523,0.041370556,-0.13718414,0.11996412,0.041370556,-0.13718414,0.11996412
23818831530576,0.1489733,-0.08459854,0.11079335,0.1489733,-0.08459854,0.11079335
23818839465146,0.31377777,-0.055761337,0.12985682,0.31377777,-0.055761337,0.12985682
23818847338681,0.3491041,0.030889511,0.24855042,0.3491041,0.030889511,0.24855042
23818855273251,0.24142128,0.043474197,0.2422998,0.24142128,0.043474197,0.2422998
23818863177304,0.11312574,-0.061255455,0.13063073,0.11312574,-0.061255455,0.13063073
23818871050839,-0.021735743,-0.13987827,0.031498194,-0.021735743,-0.13987827,0.031498194
23818878985410,-0.04900472,-0.15170383,-0.095712185,-0.04900472,-0.15170383,-0.095712185
23818886889462,0.04277736,-0.10389233,-0.17680764,0.04277736,-0.10389233,-0.17680764
23818894824033,0.0025055408,-0.12559319,-0.19301772,0.0025055408,-0.12559319,-0.19301772
23818902728085,0.017184079,-0.14256954,-0.38861108,0.017184079,-0.14256954,-0.38861108
23818910693173,-0.052022174,-0.14009857,-0.18993616,-0.052022174,-0.14009857,-0.18993616
23818918597226,0.10078445,-0.11099243,0.027149916,0.10078445,-0.11099243,0.027149916
23818926501279,0.25060645,-0.117925644,-0.06423068,0.25060645,-0.117925644,-0.06423068
23818934405332,0.08705068,-0.19433689,0.024054766,0.08705068,-0.19433689,0.024054766
23818942339902,-0.13152488,-0.13905525,0.17216349,-0.13152488,-0.13905525,0.17216349
23818950304990,-0.06572816,-0.07194042,0.074082136,-0.06572816,-0.07194042,0.074082136
23818958209042,0.028299183,-0.105257034,0.042747736,0.028299183,-0.105257034,0.042747736
23818966174130,0.07637423,-0.05220604,0.101976156,0.07637423,-0.05220604,0.101976156
23818974078183,-0.018987447,-0.09967613,0.062927485,-0.018987447,-0.09967613,0.062927485
23818981951718,-0.021118194,-0.12073231,0.07876444,-0.021118194,-0.12073231,0.07876444
23818989825253,0.24438205,-5.8555603E-4,0.18098092,0.24438205,-5.8555603E-4,0.18098092
23818997759824,0.45471227,-0.031513214,0.21442437,0.45471227,-0.031513214,0.21442437
23819005633359,0.486128,-0.15108395,0.25276017,0.486128,-0.15108395,0.25276017
23819013567929,0.41330433,-0.1604948,0.40345645,0.41330433,-0.1604948,0.40345645
23819021471982,0.34625325,-0.14601707,0.44646597,0.34625325,-0.14601707,0.44646597
23819029376035,0.24864742,-0.20094395,0.53724885,0.24864742,-0.20094395,0.53724885
23819037280087,0.26625642,-0.13404655,0.44678068,0.26625642,-0.13404655,0.44678068
23819045184140,0.3744466,-0.05295372,0.40228987,0.3744466,-0.05295372,0.40228987
23819053118710,0.55181134,-0.070251465,0.27942228,0.55181134,-0.070251465,0.27942228
23819061022763,0.5360298,0.068151474,0.2688043,0.5360298,0.068151474,0.2688043
23819068896298,0.5156207,0.10109711,0.22974944,0.5156207,0.10109711,0.22974944
23819076769833,-0.004504323,-0.0534153,-0.1716311,-0.004504323,-0.0534153,-0.1716311
23819084704404,-0.36155456,0.1576128,-0.75314116,-0.36155456,0.1576128,-0.75314116
23819092608457,-0.79581445,-0.34875393,-0.5685775,-0.79581445,-0.34875393,-0.5685775
23819100512509,-0.6592092,-0.5185108,0.060038567,-0.6592092,-0.5185108,0.060038567
23819108447080,-0.17111571,-0.5058956,0.2640369,-0.17111571,-0.5058956,0.2640369
