23945451632802,0.0052125454,0.05465889,0.023355007,0.0052125454,0.05465889,0.023355007
23945459567372,0.007757187,0.07775402,0.03436494,0.007757187,0.07775402,0.03436494
23945467501943,0.010287344,0.09790707,0.04438734,0.010287344,0.09790707,0.04438734
23945475405995,-0.0036637187,-0.04061222,-0.017619133,-0.0036637187,-0.04061222,-0.017619133
23945483279530,-6.566644E-4,-0.008316994,-0.003736496,-6.566644E-4,-0.008316994,-0.003736496
23945491183583,-0.0035344958,-0.049227715,-0.021816969,-0.0035344958,-0.049227715,-0.021816969
23945499087636,-0.0080240965,-0.11947155,-0.052959204,-0.0080240965,-0.11947155,-0.052959204
23945506991689,-0.00993675,-0.15263844,-0.06710434,-0.00993675,-0.15263844,-0.06710434
23945514926259,-0.006949663,-0.101083755,-0.044614553,-0.006949663,-0.101083755,-0.044614553
23945522799794,-0.0036635995,-0.043125153,-0.019305706,-0.0036635995,-0.043125153,-0.019305706
23945530703847,-0.0039304495,-0.041783333,-0.01890707,-0.0039304495,-0.041783333,-0.01890707
23945538607900,-0.008648455,-0.09400654,-0.042429924,-0.008648455,-0.09400654,-0.042429924
23945546542470,-0.013540924,-0.16815186,-0.07409668,-0.013540924,-0.16815186,-0.07409668
23945554416005,-0.0100236535,-0.14252472,-0.06332278,-0.0100236535,-0.14252472,-0.06332278
23945562320058,-0.007342279,-0.11142826,-0.04964471,-0.007342279,-0.11142826,-0.04964471
23945570224111,-0.00804925,-0.114014626,-0.05109501,-0.00804925,-0.114014626,-0.05109501
23945578189198,-0.0063097477,-0.07574844,-0.03423643,-0.0063097477,-0.07574844,-0.03423643
23945586093251,-0.0014352798,-0.016004562,-0.007273197,-0.0014352798,-0.016004562,-0.007273197
23945593997304,5.927682E-4,0.0066452026,0.0029587746,5.927682E-4,0.0066452026,0.0029587746
23945601931874,-0.0024504662,-0.031178474,-0.0139324665,-0.0024504662,-0.031178474,-0.0139324665
23945609835927,-0.004026115,-0.060534477,-0.026607513,-0.004026115,-0.060534477,-0.026607513
23945617739980,-1.7470121E-4,-0.002650261,-0.0011701584,-1.7470121E-4,-0.002650261,-0.0011701584
23945625705068,-2.850294E-4,-0.0049390793,-0.0022525787,-2.850294E-4,-0.0049390793,-0.0022525787
23945633609120,-0.0015513301,-0.019165993,-0.008627892,-0.0015513301,-0.019165993,-0.008627892
23945641482655,-0.0015853047,-0.016442299,-0.00754261,-0.0015853047,-0.016442299,-0.00754261
23945649386708,-0.0071709156,-0.079419136,-0.03604126,-0.0071709156,-0.079419136,-0.03604126
23945657321278,-0.012044132,-0.14214134,-0.061892986,-0.012044132,-0.14214134,-0.061892986
23945665225331,-0.011370838,-0.15276337,-0.06593752,-0.011370838,-0.15276337,-0.06593752
23945673129384,-0.01197803,-0.17393875,-0.075407505,-0.01197803,-0.17393875,-0.075407505
23945681033437,-0.011940479,-0.15810204,-0.06911564,-0.011940479,-0.15810204,-0.06911564
23945688937489,-0.008947909,-0.10841942,-0.04783559,-0.008947909,-0.10841942,-0.04783559
23945696811025,-0.007983983,-0.095249176,-0.041848183,-0.007983983,-0.095249176,-0.041848183
23945704745595,-0.008629084,-0.10517216,-0.045400858,-0.008629084,-0.10517216,-0.045400858
23945712649648,-0.00496161,-0.061528206,-0.026965141,-0.00496161,-0.061528206,-0.026965141
23945720553700,0.0011662245,0.0143966675,0.0063438416,0.0011662245,0.0143966675,0.0063438416
23945728457753,0.0023641586,0.02788353,0.012691498,0.0023641586,0.02788353,0.012691498
23945736422841,-0.0044816136,-0.052456856,-0.023349524,-0.0044816136,-0.052456856,-0.023349524
23945744326894,-0.0026661158,-0.03387165,-0.014919519,-0.0026661158,-0.03387165,-0.014919519
23945752230946,-2.7799606E-4,-0.004442215,-0.002044201,-2.7799606E-4,-0.004442215,-0.002044201
23945760165517,-0.0019865632,-0.027061462,-0.011873484,-0.0019865632,-0.027061462,-0.011873484
23945768100087,-0.004989624,-0.06501198,-0.028746843,-0.004989624,-0.06501198,-0.028746843
23945776004140,-0.004925728,-0.06444454,-0.028074265,-0.004925728,-0.06444454,-0.028074265
23945783938710,-0.005614102,-0.0765543,-0.033611774,-0.005614102,-0.0765543,-0.033611774
23945791842763,-0.007175207,-0.10481644,-0.04602194,-0.007175207,-0.10481644,-0.04602194
23945799746816,-0.008176208,-0.12249851,-0.054561853,-0.008176208,-0.12249851,-0.054561853
23945807650868,-0.008885264,-0.13794708,-0.06055069,-0.008885264,-0.13794708,-0.06055069
23945815554921,-0.008724213,-0.14194202,-0.061709404,-0.008724213,-0.14194202,-0.061709404
23945823428456,-0.0061232448,-0.10049343,-0.043930054,-0.0061232448,-0.10049343,-0.043930054
23945831363027,-0.008644998,-0.14324284,-0.061864853,-0.008644998,-0.14324284,-0.061864853
23945839297597,-0.010618091,-0.18777561,-0.08089709,-0.010618091,-0.18777561,-0.08089709
23945847201650,-0.008618057,-0.16364956,-0.07073426,-0.008618057,-0.16364956,-0.07073426
23945855105702,-0.007270813,-0.14855576,-0.064438105,-0.007270813,-0.14855576,-0.064438105
23945862979237,-0.0069365203,-0.13976002,-0.061469555,-0.0069365203,-0.13976002,-0.061469555
23945870913808,-0.010145515,-0.2016201,-0.08652282,-0.010145515,-0.2016201,-0.08652282
23945878817861,-0.008787543,-0.1599989,-0.06978822,-0.008787543,-0.1599989,-0.06978822
23945886721913,-0.0052624345,-0.084908485,-0.036898136,-0.0052624345,-0.084908485,-0.036898136
23945894625966,-0.0017265677,-0.027025223,-0.012036324,-0.0017265677,-0.027025223,-0.012036324
23945902560536,-0.00426358,-0.0728569,-0.03232622,-0.00426358,-0.0728569,-0.03232622
23945910464589,-0.004100412,-0.090909004,-0.039394855,-0.004100412,-0.090909004,-0.039394855
23945918338124,0.0041116476,0.09681034,0.043668747,0.0041116476,0.09681034,0.043668747
23945926272694,0.00631997,0.11599541,0.052284718,0.00631997,0.11599541,0.052284718
23945934176747,8.4632635E-4,0.014356613,0.0063943863,8.4632635E-4,0.014356613,0.0063943863
23945942080800,1.8438697E-4,0.004085541,0.0018596649,1.8438697E-4,0.004085541,0.0018596649
23945949984853,0.0042692125,0.08524227,0.039144993,0.0042692125,0.08524227,0.039144993
23945957919423,0.005511999,0.10574436,0.04880476,0.005511999,0.10574436,0.04880476
23945965823476,0.0030895174,0.056017876,0.025901794,0.0030895174,0.056017876,0.025901794
23945973727528,0.0019732714,0.034095764,0.015720367,0.0019732714,0.034095764,0.015720367
23945981601064,5.362034E-4,0.0086660385,0.0040011406,5.362034E-4,0.0086660385,0.0040011406
23945989535634,-0.0017709434,-0.035245895,-0.01579094,-0.0017709434,-0.035245895,-0.01579094
23945997470204,-2.7394295E-4,-0.005378723,-0.0024061203,-2.7394295E-4,-0.005378723,-0.0024061203
23946005404775,-0.002480179,-0.04763508,-0.021745205,-0.002480179,-0.04763508,-0.021745205
23946013308827,-0.0043250322,-0.064403534,-0.029082298,-0.0043250322,-0.064403534,-0.029082298
23946021182362,-0.005531013,-0.07449055,-0.033496857,-0.005531013,-0.07449055,-0.033496857
23946029086415,-0.010760069,-0.1553173,-0.06921792,-0.010760069,-0.1553173,-0.06921792
23946037020986,-0.012250125,-0.21286201,-0.093486786,-0.012250125,-0.21286201,-0.093486786
23946044955556,-0.010419011,-0.20376778,-0.088885546,-0.010419011,-0.20376778,-0.088885546
23946052859609,-0.006822586,-0.11942196,-0.052352667,-0.006822586,-0.11942196,-0.052352667
23946060763661,-0.0085093975,-0.12694454,-0.05606389,-0.0085093975,-0.12694454,-0.05606389
23946068667714,-0.010956824,-0.15317726,-0.06751919,-0.010956824,-0.15317726,-0.06751919
23946076571767,-0.0010276437,-0.11057186,-0.04731059,-0.0010276437,-0.11057186,-0.04731059
23946084475819,-0.006282866,-0.079071045,-0.035175562,-0.006282866,-0.079071045,-0.035175562
23946092410390,-0.0016335845,-0.021458626,-0.009368658,-0.0016335845,-0.021458626,-0.009368658
23946100314443,0.006275296,0.07828903,0.03480172,0.006275296,0.07828903,0.03480172
23946108218495,0.0047125816,0.057543755,0.025928974,0.0047125816,0.057543755,0.025928974
23946116122548,-0.002978623,-0.035318375,-0.01591301,-0.002978623,-0.035318375,-0.01591301
23946124057118,-0.005988002,-0.06493378,-0.029128313,-0.005988002,-0.06493378,-0.029128313
23946131961171,-8.9883804E-4,-0.008270264,-0.0036969185,-8.9883804E-4,-0.008270264,-0.0036969185
23946139834706,0.010560393,0.08620834,0.039050102,0.010560393,0.08620834,0.039050102
23946147769277,0.0033586025,0.027405739,0.012438774,0.0033586025,0.027405739,0.012438774
23946155673329,-0.010146797,-0.09797382,-0.04358077,-0.010146797,-0.09797382,-0.04358077
23946163607900,-0.010793686,-0.13277626,-0.059039354,-0.010793686,-0.13277626,-0.059039354
23946171511952,-0.007765472,-0.09932518,-0.044737577,-0.007765472,-0.09932518,-0.044737577
23946179446523,-0.010561585,-0.11629009,-0.05238533,-0.010561585,-0.11629009,-0.05238533
23946187350575,-0.015350282,-0.1517458,-0.067958355,-0.015350282,-0.1517458,-0.067958355
23946195254628,-0.01717776,-0.16735458,-0.07453823,-0.01717776,-0.16735458,-0.07453823
23946203158681,-0.020398676,-0.20793247,-0.09304738,-0.020398676,-0.20793247,-0.09304738
23946211062734,-0.022431672,-0.24337387,-0.10837078,-0.022431672,-0.24337387,-0.10837078
23946218936269,-0.023451746,-0.26799965,-0.119731665,-0.023451746,-0.26799965,-0.119731665
23946226840321,-0.020319581,-0.23854542,-0.10878134,-0.020319581,-0.23854542,-0.10878134
23946234744374,-0.017929018,-0.21084118,-0.09551954,-0.017929018,-0.21084118,-0.09551954
23946242648427,-0.0150491,-0.16518497,-0.07473707,-0.0150491,-0.16518497,-0.07473707
23946250552480,-0.011397362,-0.12323475,-0.055607796,-0.011397362,-0.12323475,-0.055607796
23946258426015,-0.006689906,-0.07353306,-0.033385754,-0.006689906,-0.07353306,-0.033385754
23946266360585,-0.006334424,-0.071279526,-0.03285885,-0.006334424,-0.071279526,-0.03285885
23946274295155,-0.0053817034,-0.060616493,-0.028169632,-0.0053817034,-0.060616493,-0.028169632
23946282199208,-0.006134808,-0.0719862,-0.033771038,-0.006134808,-0.0719862,-0.033771038
23946290133778,-0.008513033,-0.10320759,-0.048321247,-0.008513033,-0.10320759,-0.048321247
23946298037831,-0.012110114,-0.1465187,-0.06818771,-0.012110114,-0.1465187,-0.06818771
23946305941884,-0.010047436,-0.12320423,-0.057396412,-0.010047436,-0.12320423,-0.057396412
23946313876454,-0.010760963,-0.14013386,-0.06619835,-0.010760963,-0.14013386,-0.06619835
23946321780507,-0.013530135,-0.1780672,-0.085614204,-0.013530135,-0.1780672,-0.085614204
23946329654042,-0.010940611,-0.1364479,-0.066534996,-0.010940611,-0.1364479,-0.066534996
23946337558095,-0.00929755,-0.11748505,-0.056646347,-0.00929755,-0.11748505,-0.056646347
23946345492665,-0.009809792,-0.13229847,-0.063373566,-0.009809792,-0.13229847,-0.063373566
23946353366200,-0.008449614,-0.11068344,-0.054000378,-0.008449614,-0.11068344,-0.054000378
23946361270253,-0.00720042,-0.08531761,-0.0423584,-0.00720042,-0.08531761,-0.0423584
23946369174306,-0.009841323,-0.10752773,-0.053637505,-0.009841323,-0.10752773,-0.053637505
23946377078359,-0.011012077,-0.12399483,-0.061288834,-0.011012077,-0.12399483,-0.061288834
23946384982411,-0.0077469945,-0.09470081,-0.045523167,-0.0077469945,-0.09470081,-0.045523167
23946392916982,-0.006060064,-0.09576321,-0.045342922,-0.006060064,-0.09576321,-0.045342922
23946400821034,-0.005850464,-0.13075352,-0.060738564,-0.005850464,-0.13075352,-0.060738564
23946408725087,-0.0046272874,-0.15175247,-0.06929588,-0.0046272874,-0.15175247,-0.06929588
23946416629140,-0.003354013,-0.09812355,-0.042245626,-0.003354013,-0.09812355,-0.042245626
23946424533193,0.0016652942,0.044236183,0.018405437,0.0016652942,0.044236183,0.018405437
23946432437245,0.0070258677,0.15512276,0.06210637,0.0070258677,0.15512276,0.06210637
23946440341298,0.009908259,0.16222095,0.0562737,0.009908259,0.16222095,0.0562737
23946448245351,0.015024722,0.26991844,0.08649731,0.015024722,0.26991844,0.08649731
23946456179921,-0.12193191,0.26556396,0.34958625,-0.12193191,0.26556396,0.34958625
23946464083974,-0.098570794,0.13070583,0.42120624,-0.098570794,0.13070583,0.42120624
23946471988027,-0.03422171,0.09831524,-0.50257564,-0.03422171,0.09831524,-0.50257564
23946479922597,0.036049306,0.06064129,-0.57085705,0.036049306,0.06064129,-0.57085705
23946487826650,0.4215768,-0.020776749,-0.3723452,0.4215768,-0.020776749,-0.3723452
23946495730702,0.6967796,0.2220316,-0.52792287,0.6967796,0.2220316,-0.52792287
23946503634755,0.7041259,0.72877026,-0.09711075,0.7041259,0.72877026,-0.09711075
23946511508290,0.2565025,1.0966883,-0.36338234,0.2565025,1.0966883,-0.36338234
23946519412343,-0.5888289,1.3118849,-0.76247895,-0.5888289,1.3118849,-0.76247895
23946527316396,-1.3644054,1.360364,-0.5559757,-1.3644054,1.360364,-0.5559757
23946535220448,-2.049349,1.2422504,-1.1590097,-2.049349,1.2422504,-1.1590097
23946543124501,-3.0155797,1.3388824,-1.9312799,-3.0155797,1.3388824,-1.9312799
23946550998036,-3.3430686,1.7118673,-1.6011493,-3.3430686,1.7118673,-1.6011493
23946558902089,-2.8534951,2.162178,-0.8491174,-2.8534951,2.162178,-0.8491174
23946566806142,-2.5193818,2.545741,-0.7573208,-2.5193818,2.545741,-0.7573208
23946574771230,-2.2896438,2.7221699,-0.9678886,-2.2896438,2.7221699,-0.9678886
23946582675282,-1.688798,2.6904535,-1.9312502,-1.688798,2.6904535,-1.9312502
23946590609853,-1.3463197,2.6889877,-2.5422726,-1.3463197,2.6889877,-2.5422726
23946598513905,-1.4810567,2.58986,-1.9870977,-1.4810567,2.58986,-1.9870977
23946606417958,-1.7708188,2.2621403,-1.6243484,-1.7708188,2.2621403,-1.6243484
23946614352528,-1.6074648,1.8844423,-1.1144096,-1.6074648,1.8844423,-1.1144096
23946622256581,-1.2042987,1.3030224,-2.2431707,-1.2042987,1.3030224,-2.2431707
23946630160634,-1.6137285,0.7790165,-4.8232737,-1.6137285,0.7790165,-4.8232737
23946638064687,-2.2726023,0.6817684,-6.6364083,-2.2726023,0.6817684,-6.6364083
23946645968739,-2.3609674,0.4991312,-5.510659,-2.3609674,0.4991312,-5.510659
23946653903310,-2.424608,-0.34657955,-6.065079,-2.424608,-0.34657955,-6.065079
23946661807362,-2.64744,-1.2716494,-7.6466236,-2.64744,-1.2716494,-7.6466236
23946669711415,-2.9612575,-2.032751,-6.2278304,-2.9612575,-2.032751,-6.2278304
23946677615468,-2.249776,-2.8662462,-2.3836038,-2.249776,-2.8662462,-2.3836038
23946685580556,-0.22440267,-4.177081,-3.8279521,-0.22440267,-4.177081,-3.8279521
23946693484609,0.90837896,-5.192792,-8.070141,0.90837896,-5.192792,-8.070141
23946701388661,0.24079978,-5.716151,-11.11084,0.24079978,-5.716151,-11.11084
23946709231679,-2.0914361,-3.786036,-3.563744,-2.0914361,-3.786036,-3.563744
23946717166249,-2.24348,-0.49339104,4.232973,-2.24348,-0.49339104,4.232973
23946725039784,-1.8087382,1.2214818,1.7239058,-1.8087382,1.2214818,1.7239058
23946732943837,-2.4566998,1.5474477,-1.0549412,-2.4566998,1.5474477,-1.0549412
23946740847890,-2.5965424,1.011436,1.8413596,-2.5965424,1.011436,1.8413596
23946748751943,-2.50989,0.5357032,4.8595824,-2.50989,0.5357032,4.8595824
23946756655995,-0.92319083,0.57003975,5.1067963,-0.92319083,0.57003975,5.1067963
23946764560048,0.28799152,0.9862833,3.3524868,0.28799152,0.9862833,3.3524868
23946772494618,0.23650336,1.9392004,2.2455401,0.23650336,1.9392004,2.2455401
23946780398671,-0.37884474,3.5356946,4.087058,-0.37884474,3.5356946,4.087058
23946788302724,-0.61080194,4.7265706,6.124257,-0.61080194,4.7265706,6.124257
23946796176259,-0.53606725,5.4079638,4.851942,-0.53606725,5.4079638,4.851942
23946804080312,-0.20187855,5.6305532,4.0977697,-0.20187855,5.6305532,4.0977697
23946811953847,0.14539051,5.832235,4.3156962,0.14539051,5.832235,4.3156962
23946819888417,0.7937825,5.979991,6.238269,0.7937825,5.979991,6.238269
23946827761952,1.3651078,5.7894297,4.5860796,1.3651078,5.7894297,4.5860796
23946835666005,1.5325162,5.994177,5.028447,1.5325162,5.994177,5.028447
23946843570058,2.321763,6.5509653,5.275825,2.321763,6.5509653,5.275825
23946851443593,2.1710198,6.526577,3.7364817,2.1710198,6.526577,3.7364817
23946859378163,2.4359803,6.633823,4.2570252,2.4359803,6.633823,4.2570252
23946867251698,2.9445934,6.8067207,2.6205978,2.9445934,6.8067207,2.6205978
23946875125234,3.1829185,6.556669,2.3067975,3.1829185,6.556669,2.3067975
23946883059804,3.8178856,6.272193,2.7925296,3.8178856,6.272193,2.7925296
23946890963857,4.260844,5.83208,1.7268882,4.260844,5.83208,1.7268882
23946898867909,5.2504888,5.94736,1.9790869,5.2504888,5.94736,1.9790869
23946906771962,6.5656333,6.382778,3.1046724,6.5656333,6.382778,3.1046724
23946914706532,7.459305,6.411433,2.5181932,7.459305,6.411433,2.5181932
23946922610585,7.233808,5.774295,1.876668,7.233808,5.774295,1.876668
23946930484120,6.3472395,5.727978,2.854127,6.3472395,5.727978,2.854127
23946938388173,5.3416467,5.6864758,2.379291,5.3416467,5.6864758,2.379291
23946946322743,4.2969933,5.121302,1.0729156,4.2969933,5.121302,1.0729156
23946954226796,3.0594587,4.874577,0.70859385,3.0594587,4.874577,0.70859385
23946962130849,2.1645687,4.764791,0.028036118,2.1645687,4.764791,0.028036118
23946970004384,1.4719727,4.526307,0.85880995,1.4719727,4.526307,0.85880995
23946977908437,1.2735093,4.4088216,1.1183558,1.2735093,4.4088216,1.1183558
23946985812489,1.8910897,4.5261445,0.48027372,1.8910897,4.5261445,0.48027372
23946993716542,2.4380047,4.6168556,0.4565735,2.4380047,4.6168556,0.4565735
23947001620595,2.404657,4.446963,-0.15928125,2.404657,4.446963,-0.15928125
23947009555165,1.5881424,3.9902587,-0.22156048,1.5881424,3.9902587,-0.22156048
23947017459218,0.14532566,3.5808134,-0.044638157,0.14532566,3.5808134,-0.044638157
23947025363271,-1.3760347,3.256699,-0.8667383,-1.3760347,3.256699,-0.8667383
23947033297841,-2.2705746,3.2063303,-0.26759148,-2.2705746,3.2063303,-0.26759148
23947041232411,0.20825529,2.7125397,2.45224,0.20825529,2.7125397,2.45224
23947049105946,-2.4556847,2.5150232,-9.499223,-2.4556847,2.5150232,-9.499223
23947057009999,-1.8252499,2.7545562,-3.0361743,-1.8252499,2.7545562,-3.0361743
23947064914052,-1.5139215,4.183319,-8.254917,-1.5139215,4.183319,-8.254917
23947072848622,-2.9701302,5.2210345,-12.555348,-2.9701302,5.2210345,-12.555348
23947080722157,-5.1722364,9.8342705,-8.753473,-5.1722364,9.8342705,-8.753473
23947088626210,0.59823346,10.93895,4.638957,0.59823346,10.93895,4.638957
23947096530263,5.165491,7.6207786,-4.961017,5.165491,7.6207786,-4.961017
23947104434316,3.3105478,5.022998,-8.153194,3.3105478,5.022998,-8.153194
23947112338368,-1.4753401,3.1184688,-8.0362215,-1.4753401,3.1184688,-8.0362215
23947120272939,-1.9804757,4.274283,1.6682024,-1.9804757,4.274283,1.6682024
23947128176991,-0.26310635,3.8900213,1.059176,-0.26310635,3.8900213,1.059176
23947136081044,1.4644662,3.0733418,-2.0641308,1.4644662,3.0733418,-2.0641308
23947143985097,2.5655272,2.7101054,-0.7173133,2.5655272,2.7101054,-0.7173133
23947151889150,3.586954,2.420669,1.715406,3.586954,2.420669,1.715406
23947159823720,4.5859528,2.1710644,2.1499567,4.5859528,2.1710644,2.1499567
23947167697255,5.184512,2.3047428,1.7315316,5.184512,2.3047428,1.7315316
23947175631825,4.8354225,2.6929936,1.404017,4.8354225,2.6929936,1.404017
23947183505361,3.6276565,2.4685383,2.3266745,3.6276565,2.4685383,2.3266745
23947191409413,2.278511,1.9250951,3.7624397,2.278511,1.9250951,3.7624397
23947199343984,1.2903297,1.6938925,4.0550003,1.2903297,1.6938925,4.0550003
23947207248036,1.2781729,2.0502234,3.95253,1.2781729,2.0502234,3.95253
23947215152089,1.605562,2.7629337,2.9014766,1.605562,2.7629337,2.9014766
23947223086659,1.6826527,3.5966597,0.47738457,1.6826527,3.5966597,0.47738457
23947231021230,0.62112474,4.715954,-4.533762,0.62112474,4.715954,-4.533762
23947238894765,-1.4818113,6.513486,-9.516422,-1.4818113,6.513486,-9.516422
23947246768300,-2.7760375,7.8245506,-8.999291,-2.7760375,7.8245506,-8.999291
23947254672353,-3.9225893,8.618221,-4.094842,-3.9225893,8.618221,-4.094842
23947262576405,-5.6193867,9.021161,-2.7711687,-5.6193867,9.021161,-2.7711687
23947270510976,-7.005707,8.324869,-4.1691346,-7.005707,8.324869,-4.1691346
23947278445546,-7.7979393,6.073859,-4.9355183,-7.7979393,6.073859,-4.9355183
23947286349599,-7.938016,2.9747944,-3.9414058,-7.938016,2.9747944,-3.9414058
23947294253652,-7.75413,-0.7532749,-2.8837383,-7.75413,-0.7532749,-2.8837383
23947302157704,-7.604656,-4.805607,-4.274184,-7.604656,-4.805607,-4.274184
23947310061757,-6.6260705,-8.287046,-8.191317,-6.6260705,-8.287046,-8.191317
23947317965810,-7.570147,-10.290052,-13.477982,-7.570147,-10.290052,-13.477982
23947325869862,-10.073633,-10.424104,-16.1752,-10.073633,-10.424104,-16.1752
23947333773915,-11.821546,-9.031899,-15.6705475,-11.821546,-9.031899,-15.6705475
23947341647450,-10.730297,-6.0935507,-11.703813,-10.730297,-6.0935507,-11.703813
23947349551503,-6.0636163,-2.805739,-7.961919,-6.0636163,-2.805739,-7.961919
23947357455556,0.24704438,-0.32456398,-6.508658,0.24704438,-0.32456398,-6.508658
23947365420644,5.6730056,1.1517286,-5.97054,5.6730056,1.1517286,-5.97054
23947373324696,9.984934,2.1220675,-4.7002783,9.984934,2.1220675,-4.7002783
23947381228749,10.224037,2.293007,-4.5636544,10.224037,2.293007,-4.5636544
23947389163319,6.031238,1.6513252,-6.0558243,6.031238,1.6513252,-6.0558243
23947397067372,1.0055876,0.8083248,-6.297679,1.0055876,0.8083248,-6.297679
23947404971425,-4.3381,-0.7109318,-6.6330156,-4.3381,-0.7109318,-6.6330156
23947412875478,-8.66954,-2.1955743,-8.553537,-8.66954,-2.1955743,-8.553537
23947420749013,-12.091042,-3.3185315,-11.668135,-12.091042,-3.3185315,-11.668135
23947428653066,-14.66097,-4.345294,-12.969055,-14.66097,-4.345294,-12.969055
23947436587636,-15.305208,-5.414909,-10.215208,-15.305208,-5.414909,-10.215208
23947444461171,-12.769503,-6.0829353,-5.701668,-12.769503,-6.0829353,-5.701668
23947452426259,-8.033185,-5.916759,-3.6411872,-8.033185,-5.916759,-3.6411872
23947460330312,-2.0386133,-4.869988,-4.7208376,-2.0386133,-4.869988,-4.7208376
23947468203847,4.0352345,-3.3648586,-6.028839,4.0352345,-3.3648586,-6.028839
23947476138417,8.276674,-2.2384357,-6.1617403,8.276674,-2.2384357,-6.1617403
23947484011952,8.626337,-2.5883398,-5.4066067,8.626337,-2.5883398,-5.4066067
23947491916005,5.167228,-4.1533856,-4.221801,5.167228,-4.1533856,-4.221801
23947499881093,1.3572472,-5.4027143,-3.3552618,1.3572472,-5.4027143,-3.3552618
23947507785146,-1.2137878,-5.9574547,-3.9716887,-1.2137878,-5.9574547,-3.9716887
23947515658681,-2.4868224,-5.998521,-4.795624,-2.4868224,-5.998521,-4.795624
23947523562734,-3.1751525,-5.8815255,-5.380211,-3.1751525,-5.8815255,-5.380211
23947531497304,-3.459776,-5.5532017,-4.819402,-3.459776,-5.5532017,-4.819402
23947539370839,-3.097328,-4.943279,-3.5165198,-3.097328,-4.943279,-3.5165198
23947547274892,-2.194168,-4.336473,-2.599552,-2.194168,-4.336473,-2.599552
23947555178944,-0.6974071,-3.6825385,-2.4392798,-0.6974071,-3.6825385,-2.4392798
23947563082997,1.0327988,-2.8067956,-3.3586793,1.0327988,-2.8067956,-3.3586793
23947570987050,1.8625015,-1.9105024,-3.2108173,1.8625015,-1.9105024,-3.2108173
23947578860585,1.2735777,-1.6119156,-2.5868661,1.2735777,-1.6119156,-2.5868661
23947586795155,1.2186241,-2.1365008,-0.06342326,1.2186241,-2.1365008,-0.06342326
23947594699208,-4.3337655,4.4527855,-7.8403974,-4.3337655,4.4527855,-7.8403974
23947602572743,-5.827658,5.0363255,11.889255,-5.827658,5.0363255,11.889255
23947610476796,0.22255933,5.7177515,8.406215,0.22255933,5.7177515,8.406215
23947618411366,8.377022,5.8743544,3.5440216,8.377022,5.8743544,3.5440216
23947626315419,8.157205,4.319107,6.6808233,8.157205,4.319107,6.6808233
23947634219472,1.9850285,4.8259735,4.4966335,1.9850285,4.8259735,4.4966335
23947642123525,-2.3236613,5.135832,3.3357246,-2.3236613,5.135832,3.3357246
23947650027577,-4.903177,5.291168,9.213137,-4.903177,5.291168,9.213137
23947657901112,-3.3117023,6.518878,11.818736,-3.3117023,6.518878,11.818736
23947665805165,1.602176,7.972866,8.895448,1.602176,7.972866,8.895448
23947673739736,4.867295,8.364965,7.7168283,4.867295,8.364965,7.7168283
23947681613271,4.1870656,7.088418,7.0348263,4.1870656,7.088418,7.0348263
23947689517323,2.1855383,4.981244,6.4106445,2.1855383,4.981244,6.4106445
23947697451894,1.3898017,2.7618084,4.2995462,1.3898017,2.7618084,4.2995462
23947705355946,1.3594627,0.6958847,1.8750817,1.3594627,0.6958847,1.8750817
23947713290517,1.120634,-0.8546934,1.6027774,1.120634,-0.8546934,1.6027774
23947721164052,0.83905196,-1.7917309,2.1958292,0.83905196,-1.7917309,2.1958292
23947729098622,0.53361356,-2.2831645,1.6520807,0.53361356,-2.2831645,1.6520807
23947737002675,-0.07350685,-2.6311297,0.19814825,-0.07350685,-2.6311297,0.19814825
23947744876210,-0.7387711,-2.835823,-0.88442874,-0.7387711,-2.835823,-0.88442874
23947752780263,-0.9705504,-2.8828058,-1.1804776,-0.9705504,-2.8828058,-1.1804776
23947760653798,-0.6785878,-2.8390064,-0.714194,-0.6785878,-2.8390064,-0.714194
23947768588368,0.05610767,-2.8169389,-0.033212394,0.05610767,-2.8169389,-0.033212394
23947776461903,1.0411761,-2.7375774,0.2690524,1.0411761,-2.7375774,0.2690524
23947784365956,1.9694006,-2.5626106,0.028788447,1.9694006,-2.5626106,0.028788447
23947792270009,2.043971,-2.3401322,-0.3451444,2.043971,-2.3401322,-0.3451444
23947800204579,1.3432428,-2.09171,-0.3101529,1.3432428,-2.09171,-0.3101529
23947808108632,0.3706804,-1.8124719,0.039922982,0.3706804,-1.8124719,0.039922982
23947816012685,-0.43110624,-1.5596848,0.63552475,-0.43110624,-1.5596848,0.63552475
23947823916737,-0.82193834,-1.2708979,1.0150611,-0.82193834,-1.2708979,1.0150611
23947831820790,-0.7208774,-0.7424793,1.4634242,-0.7208774,-0.7424793,1.4634242
23947839755361,-0.3061381,-0.007893562,1.9826028,-0.3061381,-0.007893562,1.9826028
23947847659413,0.2243573,0.6981468,2.4224005,0.2243573,0.6981468,2.4224005
23947855563466,0.49905634,1.1576653,2.799122,0.49905634,1.1576653,2.799122
23947863467519,0.28999972,1.2532482,2.8593726,0.28999972,1.2532482,2.8593726
23947871432607,-0.17852233,1.1453133,2.6669319,-0.17852233,1.1453133,2.6669319
23947879336659,-0.41207448,1.0686255,2.6113927,-0.41207448,1.0686255,2.6113927
23947887240712,-0.24609628,1.10711,2.827722,-0.24609628,1.10711,2.827722
23947895114247,0.17967969,1.1171875,3.1712809,0.17967969,1.1171875,3.1712809
23947903018300,0.46544513,0.9216404,3.327682,0.46544513,0.9216404,3.327682
23947910922353,0.4289415,0.58743477,3.024181,0.4289415,0.58743477,3.024181
23947918795888,0.24369743,0.23659897,2.2252212,0.24369743,0.23659897,2.2252212
23947926730458,0.08190903,0.04633522,1.8061547,0.08190903,0.04633522,1.8061547
23947934603993,-0.040463805,0.026288033,1.6440357,-0.040463805,0.026288033,1.6440357
23947942508046,0.10368046,0.006467819,1.6177776,0.10368046,0.006467819,1.6177776
23947950412099,0.26845104,-0.113741875,1.5921161,0.26845104,-0.113741875,1.5921161
23947958316152,0.19678223,-0.31054497,1.3462404,0.19678223,-0.31054497,1.3462404
23947966220204,0.061092764,-0.4930048,1.3880099,0.061092764,-0.4930048,1.3880099
23947974124257,-0.44206163,-0.7859316,0.21457359,-0.44206163,-0.7859316,0.21457359
23947982028310,-0.35574734,-0.659935,0.6712582,-0.35574734,-0.659935,0.6712582
23947989932362,-0.4552017,-0.7542772,0.9666994,-0.4552017,-0.7542772,0.9666994
23947997805898,-0.33192396,-0.8392849,0.6258613,-0.33192396,-0.8392849,0.6258613
23948005740468,-0.3935019,-1.005868,0.7874231,-0.3935019,-1.005868,0.7874231
23948013614003,-0.33490387,-1.0073977,0.7505009,-0.33490387,-1.0073977,0.7505009
23948021518056,-0.10243425,-0.84591866,0.97506934,-0.10243425,-0.84591866,0.97506934
23948029422109,0.29613313,-0.65807533,0.93966776,0.29613313,-0.65807533,0.93966776
23948037295644,0.52945316,-0.45129776,0.72634053,0.52945316,-0.45129776,0.72634053
23948045230214,0.5122147,-0.2397747,0.9106769,0.5122147,-0.2397747,0.9106769
23948053103749,0.31388152,-0.11927414,1.0237806,0.31388152,-0.11927414,1.0237806
23948060977284,0.11086744,-0.010704994,1.1344337,0.11086744,-0.010704994,1.1344337
23948068881337,-0.0810042,0.08353329,1.1269364,-0.0810042,0.08353329,1.1269364
23948076785390,-0.12894642,0.26412582,1.180325,-0.12894642,0.26412582,1.180325
23948084689443,-0.15828648,0.42337608,1.1966791,-0.15828648,0.42337608,1.1966791
23948092593495,-0.27890813,0.25222492,0.9866091,-0.27890813,0.25222492,0.9866091
23948100497548,-0.49067983,0.021388054,1.0104542,-0.49067983,0.021388054,1.0104542
23948108462636,-0.6413491,-0.12051487,1.0947388,-0.6413491,-0.12051487,1.0947388
23948116397206,-0.22260755,-0.54712105,0.79248583,-0.22260755,-0.54712105,0.79248583
23948124301259,-0.55135703,-0.3200035,0.73793006,-0.55135703,-0.3200035,0.73793006
23948132205312,0.2581009,0.22886276,1.3213111,0.2581009,0.22886276,1.3213111
23948140109364,-0.21513854,-0.34326267,0.6867626,-0.21513854,-0.34326267,0.6867626
23948148013417,-0.3646677,-0.40297604,0.75767374,-0.3646677,-0.40297604,0.75767374
23948155886952,-0.13392594,-0.32360744,0.78354776,-0.13392594,-0.32360744,0.78354776
23948163791005,0.29999858,-0.1270113,0.68585134,0.29999858,-0.1270113,0.68585134
23948171695058,0.54152477,0.0026359558,0.79774976,0.54152477,0.0026359558,0.79774976
23948179599111,0.5851754,4.9591064E-4,0.77045476,0.5851754,4.9591064E-4,0.77045476
23948187503163,0.5561553,-0.07872772,0.464844,0.5561553,-0.07872772,0.464844
23948195437734,0.76533,-0.23496437,0.26815438,0.76533,-0.23496437,0.26815438
23948203341786,0.3231547,-0.089962006,0.2296822,0.3231547,-0.089962006,0.2296822
23948211245839,0.3123834,0.122021675,0.4000876,0.3123834,0.122021675,0.4000876
23948219210927,0.41725805,0.09662247,0.19937134,0.41725805,0.09662247,0.19937134
23948227114980,0.5873449,-0.005671501,0.060344458,0.5873449,-0.005671501,0.060344458
23948234988515,0.83844143,-0.0027151108,0.1497004,0.83844143,-0.0027151108,0.1497004
23948242892568,0.8167481,-0.062149048,0.22570026,0.8167481,-0.062149048,0.22570026
23948250796620,0.6590795,-0.26058102,0.37197208,0.6590795,-0.26058102,0.37197208
23948258731191,0.6423407,-0.4329214,0.36195338,0.6423407,-0.4329214,0.36195338
23948266604726,0.48290217,-0.57459736,0.15339386,0.48290217,-0.57459736,0.15339386
23948274539296,0.30400813,-0.6043272,-0.07862854,0.30400813,-0.6043272,-0.07862854
23948282443349,0.12737787,-0.42850304,0.06419575,0.12737787,-0.42850304,0.06419575
23948290347402,0.018502176,-0.24554539,0.32920837,0.018502176,-0.24554539,0.32920837
23948298251454,0.20781797,-0.1297102,0.31256998,0.20781797,-0.1297102,0.31256998
23948306155507,0.37469697,-0.18156242,0.29438365,0.37469697,-0.18156242,0.29438365
23948314090077,0.4875558,-0.2358141,0.3413384,0.4875558,-0.2358141,0.3413384
23948321994130,0.58482176,-0.21333313,0.37604964,0.58482176,-0.21333313,0.37604964
23948329898183,0.50929135,-0.1285677,0.2814231,0.50929135,-0.1285677,0.2814231
23948337802236,0.47421086,-0.0030145645,0.2582494,0.47421086,-0.0030145645,0.2582494
23948345706288,0.53540015,0.20833492,-0.48102617,0.53540015,0.20833492,-0.48102617
23948353579823,-0.15663114,-0.08021355,0.31999004,-0.15663114,-0.08021355,0.31999004
23948361544911,-0.6751126,-0.20320606,0.6565213,-0.6751126,-0.20320606,0.6565213
23948369418446,-0.7455816,-0.27059555,0.9811392,-0.7455816,-0.27059555,0.9811392
23948377353017,-0.37842828,-0.28233433,1.1311216,-0.37842828,-0.28233433,1.1311216
23948385257069,0.052749574,-0.20528507,0.86692107,0.052749574,-0.20528507,0.86692107
23948393130605,0.42391425,-0.07316303,0.5821674,0.42391425,-0.07316303,0.5821674
23948401034657,0.3348828,-0.11345196,0.4822682,0.3348828,-0.11345196,0.4822682
23948408969228,0.18168956,-0.07688904,0.70187855,0.18168956,-0.07688904,0.70187855
23948416873280,0.22232407,-0.06644726,0.8295399,0.22232407,-0.06644726,0.8295399
23948424807851,0.3508423,-0.1278143,0.76123905,0.3508423,-0.1278143,0.76123905
23948432711903,0.46871555,-0.13895988,0.69383144,0.46871555,-0.13895988,0.69383144
23948440615956,0.3787793,-0.20554829,0.43690944,0.3787793,-0.20554829,0.43690944
23948448520009,0.19220829,-0.32313156,0.013401389,0.19220829,-0.32313156,0.013401389
23948456454579,-0.13526684,-0.46309376,-0.4425459,-0.13526684,-0.46309376,-0.4425459
23948464328114,-0.19156128,-0.70627785,-0.7464204,-0.19156128,-0.70627785,-0.7464204
23948472262685,-0.19106185,-0.3190012,-7.0750713E-4,-0.19106185,-0.3190012,-7.0750713E-4
23948480166737,-0.2721481,-0.30478573,0.49385834,-0.2721481,-0.30478573,0.49385834
