49486343935305,0.009170532,-0.02899313,-0.018403053
49486351900393,0.049634457,-0.15911531,-0.09902668
49486359773928,0.08624697,-0.25130177,-0.1563425
49486367647463,0.104995966,-0.25075483,-0.1560483
49486375520998,0.060236216,-0.13537169,-0.08079386
49486383394533,0.01523304,-0.037813663,-0.02185297
49486391359621,-0.027997494,0.073726654,0.042608738
49486399233156,-0.041298866,0.11867428,0.06974363
49486407106691,-0.01493144,0.047717094,0.028911114
49486415041262,0.03604722,-0.111626625,-0.06827259
49486422914797,0.031182766,-0.08671045,-0.053174973
49486430818850,0.07951093,-0.20214558,-0.12595129
49486438722902,0.2443533,-0.58040667,-0.37767935
49486446626955,0.31995273,-0.75661135,-0.52718973
49486454561525,0.19182372,-0.49506187,-0.32783175
49486462465578,0.07425189,-0.21356678,-0.13678026
49486470430666,0.15029812,-0.36922836,-0.23943901
49486478304201,0.14437175,-0.36105728,-0.23939133
49486486238771,0.13210988,-0.35027552,-0.2336278
49486494173342,0.053741932,-0.14566517,-0.098603725
49486502046877,-0.01685214,0.047032833,0.03130579
49486510011965,-0.058775187,0.1841631,0.116518974
49486517885500,-0.14604402,0.43066025,0.2682314
49486525759035,-0.110191345,0.39543152,0.24314594
49486533693605,-0.07660055,0.2705698,0.15509892
49486541567141,-0.077631235,0.249856,0.1389451
49486549532228,-0.08750749,0.33618355,0.17683792
49486557405764,-0.10524917,0.46183968,0.21447706
49486565248781,-0.093865395,0.478796,0.19479299
49486573152834,-0.098245144,0.6000185,0.19590521
49486581056887,-0.13269675,0.82790375,0.19981766
49486589113527,-0.13817966,0.7679405,0.1922133
49486596987062,-0.1084491,0.6427679,0.13785052
49486604891115,-0.1313498,0.7923441,0.15236282
49486612825686,-0.13405287,0.8348551,0.1284908
49486620729738,-0.14987648,1.2648745,0.062261462
49486628664309,-0.14552677,1.6516409,0.06409916
49486636598879,-0.18479264,1.7088861,-0.08542502
49486644563967,-0.29784346,1.6453838,-0.23349226
49486652529055,-0.47961092,1.6920023,-0.3812368
49486660402590,-0.64589024,1.9321508,-0.58461833
49486668367678,-0.80782557,2.7229548,-0.7680402
49486676210695,-0.8200555,3.3557005,-0.9217603
49486684114748,-0.9833878,4.4404364,-1.8676367
49486692049318,-0.6116935,4.3673515,-1.8358674
49486699953371,0.35349077,4.7960463,-2.2200193
49486707918459,0.3405786,6.613985,-3.8798838
49486715791994,-0.6831109,7.4214973,-4.641546
49486723665529,-0.6466571,6.941926,-3.7835836
49486731569582,-0.6265221,8.133992,-5.534267
49486739443117,-0.4251718,5.3435717,-2.9146705
49486747347170,0.061154068,2.6691885,-1.0369344
49486755251223,0.44535792,3.2141266,-1.2614396
49486763124758,0.6209521,3.4216661,-0.92821217
49486771120363,0.30794692,2.8871431,-0.20164543
49486778993898,-0.08874446,1.4000607,0.13417
49486786928469,-0.20511818,0.63985634,0.12784958
49486794863039,0.06588936,-0.13170052,-0.025606155
49486802736574,-0.34074688,0.44851494,0.12533522
49486810640627,-0.21172047,0.26777458,0.0650568
49486818514162,-0.35626698,0.39139652,0.14420748
49486826448732,-0.23870325,0.26158047,0.094709635
49486834352785,-0.7780776,1.0266442,0.3402114
49486842256838,-0.60746956,0.9258151,0.42903256
49486850221926,0.025906801,-0.28467655,-0.10662818
49486858125978,0.16090429,-0.7416172,-0.24261642
49486866030031,0.21952105,-0.9064417,-0.2748251
49486873903566,0.27579856,-0.9031706,-0.2635579
49486881777102,0.45613456,-1.2486644,-0.29738963
49486889681154,0.42314768,-1.3673677,-0.3084333
49486897554689,0.56223464,-1.7103348,-0.34051788
49486905519777,0.14233488,-1.4020338,-0.2674421
49486913362795,0.018924788,-1.0215054,-0.16380203
49486921266848,-0.018497422,-1.2199459,-0.13811445
49486929140383,-0.138399,-1.5993004,-0.068960816
49486937013918,-0.27910364,-1.5432863,0.049710482
49486944979006,-0.30403686,-1.1381607,0.074371874
49486952883059,-0.21823263,-0.6985779,0.099855304
49486960756594,-0.04690504,-0.13328075,0.023900867
49486968752199,0.30969,0.6933141,-0.544405
49486976625734,1.0645952,0.96300554,-1.5412307
49486984560305,2.1550922,4.3068542,-2.0310624
49486992464357,-0.07204817,4.5999537,-1.5201223
49487000337893,-0.8585627,3.843831,-1.0746086
49487008241945,-8.7678285E-7,2.1291666,-0.90642667
49487016176516,0.7392118,2.3885689,-0.6652379
49487024111086,2.3370872,5.0885124,-0.81202626
49487032015139,2.8575363,5.1784916,-0.7184566
49487039888674,1.9329677,3.5905027,-0.5742215
49487047823244,1.5547185,2.961811,-0.6609291
49487055696779,1.6224699,3.0458794,-0.8849275
49487063570314,1.8704858,3.595254,-1.2075491
49487071474367,2.13401,4.6038504,-1.6547163
49487079317385,2.2033148,5.3440056,-1.7579079
49487087312990,1.9346097,5.7316303,-1.7921317
49487095247561,1.7033646,5.703106,-1.9751241
49487103212648,1.488934,5.5735607,-2.1406162
49487111086184,1.2285769,5.4978247,-1.9778728
49487118929201,1.5723603,5.9114227,-2.1314218
49487126924807,2.2430506,6.5405197,-2.2573197
49487134798342,2.820385,7.1362877,-2.4897065
49487142702395,3.8003,8.063916,-2.895847
49487150606447,4.974609,8.894347,-3.5484536
49487158510500,5.6154404,9.117306,-2.8540714
49487166475588,5.3815584,7.3407335,-2.7214117
49487174349123,4.7663555,7.1717396,-2.239107
49487182344728,3.5320487,5.0786834,-1.7352214
49487190248781,4.438784,4.3386683,-1.5110717
49487198213869,4.3506093,3.584138,-2.0684712
49487206148439,4.499325,3.4245572,-1.9229782
49487214052492,2.2533984,2.0900984,-1.4913344
49487221895510,0.17712045,0.22326756,-0.34044695
49487229799562,-0.1841228,-0.31399584,0.46630478
49487237703615,0.018388614,0.464931,-0.76255894
49487245638186,-0.31543922,0.48908567,-0.87937737
49487253511721,-1.401732,0.5805428,-1.7148895
49487261476809,-2.3425126,0.3415929,-2.0443435
49487269350344,-1.7751493,0.121099174,-1.8653564
49487277223879,0.38106608,-0.35888648,1.4408674
49487285158449,-0.47066927,-0.8670666,2.4051604
49487298067385,-1.3505752,-0.771116,3.4378285
49487305940920,-1.6269164,-0.2914625,3.468192
49487313814455,-0.7324241,0.035681374,4.2480483
49487321718508,1.1245586,0.19468412,4.9388347
49487329592043,2.3728297,0.16301876,3.4904156
49487337526613,2.3853097,-0.08352251,2.7533665
49487345400148,2.5704844,0.84488326,3.2894015
49487353304201,2.6432633,1.7748843,3.9545352
49487361238771,2.9720244,2.7704318,4.9931555
49487369142824,3.5377023,3.9862928,5.4524727
49487377077395,3.5664468,5.078117,5.4888153
49487384981447,3.4477048,6.0213175,5.626232
49487392854982,2.940179,6.219906,5.4041977
49487400728518,3.1233692,6.522509,4.9922047
49487408602053,3.4728913,7.442885,4.79848
49487416536623,3.5752544,8.444431,4.347581
49487424410158,4.3044806,8.616551,5.815317
49487432314211,4.2096534,9.070067,4.509006
49487440248781,6.085677,10.433902,8.703486
49487448183352,6.6775165,12.825853,5.538953
49487456117922,7.5794144,13.332613,6.2674417
49487463991457,9.831183,13.663421,4.8015256
49487471864992,11.254327,13.905293,1.872447
49487479799562,10.442161,14.7748995,2.8461046
49487487673098,6.1667624,17.343153,2.8038464
49487495607668,2.4169855,20.010368,3.8087296
49487503481203,0.83140874,18.69445,4.457447
49487511354738,1.7634681,15.548783,5.148395
49487519228273,4.181735,14.712331,5.192489
49487527101809,5.9778624,15.293021,5.3801227
49487535036379,6.1199856,15.858352,6.0936823
49487542909914,6.0862684,15.809435,7.16745
49487550813967,5.250229,15.286209,7.929727
49487558779055,4.316575,15.260084,9.19932
49487566652590,3.1446023,14.6940565,9.381846
49487574556643,1.9338523,12.594695,8.83289
49487582430178,1.5260785,10.509178,8.632366
49487590303713,0.30652142,9.580019,8.906446
49487598177248,-1.8993096,9.544092,9.440918
49487606050783,-3.886825,9.706806,9.583121
49487614015871,-4.8498983,9.206224,9.740261
49487621858889,-4.6614885,8.205099,9.916883
49487629732424,-4.085658,7.4677806,10.06522
49487637605959,-3.0487738,6.9679775,9.889593
49487645479494,-1.2947587,6.16729,10.1542015
49487653444582,-0.057747364,5.697432,8.348237
49487661318117,-0.39454722,6.1989074,6.7305546
49487669191652,-1.092318,7.1533456,8.192839
49487677156740,-1.4338852,7.7563314,6.2736387
49487685030275,-0.8410082,7.207365,5.4444833
49487692934328,0.7776909,5.9093413,3.3373747
49487700807863,1.6025093,4.4681063,1.0145674
49487708681398,3.1327477,2.954629,-1.77284
49487716554934,5.343786,2.0308328,-7.6200075
49487724428469,7.1180954,1.9214048,-9.099721
49487732393557,10.222435,0.875226,-5.7519803
49487740297609,11.636915,-0.22572327,-0.7627964
49487748171145,10.99958,0.26194572,-0.919636
49487756105715,8.831865,1.4384718,-0.2763896
49487764009768,5.222622,1.3512115,-1.146141
49487772035891,0.82824755,1.2302952,-3.3801053
49487779939943,-3.6037486,-0.09932041,-3.3584442
49487787813478,-7.105342,-3.7407708,-3.1127489
49487795748049,-2.7026596,-5.343133,-1.0464303
49487803652102,4.8832493,-5.785604,0.92985463
49487811586672,11.290304,-5.0102572,0.46098638
49487819460207,15.976008,-3.2958417,0.8364512
49487827333742,14.462761,-1.9233346,-1.1750603
49487835298830,9.886545,-1.9864683,-0.882699
49487843172365,5.8980703,-2.6579914,-0.062324047
49487851137453,3.2979224,-2.4629345,1.1920481
49487859041506,1.5722971,-2.0951982,1.2969263
49487866884523,1.1911484,-1.5438118,1.5717602
49487874849611,2.1233299,-0.99380016,1.6716988
49487882784182,3.0488305,-0.8508277,1.8143895
49487890718752,4.6175213,-0.46906185,5.151662
49487898592287,3.3317842,3.043723,22.191126
49487906496340,-3.000853,1.9298487,6.2963285
49487914339357,-5.7530413,2.0897388,9.069435
49487922243410,-12.846295,7.475464,9.394556
49487930208498,-11.692985,5.890172,14.258167
49487938112551,-2.8272934,4.0989275,14.521649
49487946016603,-0.6734886,2.2941294,14.489795
49487953981691,-1.1152622,1.3310604,13.809915
49487961855227,1.4118332,1.6741009,12.82957
49487969789797,3.127499,0.9457865,11.297653
49487977663332,1.1338584,-0.6779518,10.232003
49487985536867,-1.9679081,-1.479878,9.102091
49487993440920,-2.786156,-1.6054583,8.052603
49488001314455,-2.5732236,-1.3599262,7.26869
49488009279543,-2.4414217,-0.9998722,7.0373154
49488017153078,-1.8858583,-0.70305824,6.862348
49488025026613,-0.10051513,-0.14852428,7.3469453
49488032961184,0.85442686,0.46456718,7.6322365
49488040865236,0.9874505,0.5399399,7.7460017
49488048708254,0.63502026,0.37967873,7.5177646
49488056581789,0.19524622,-0.06426048,6.8919525
49488064485842,-0.016823053,-0.7108469,6.279294
49488072450930,-0.42808104,-1.2123394,5.7228904
49488080324465,-1.0191894,-1.5754457,5.2767363
49488088228518,-1.0798454,-1.7213664,5.0555773
49488096132570,-0.42338967,-1.7201757,4.7982016
49488104036623,0.26402998,-1.7111864,4.7023067
49488111910158,1.0778869,-1.6567178,4.8280325
49488119783693,1.3496844,-1.549468,4.6443267
49488127748781,1.4830265,-1.557323,4.496291
49488135652834,1.6073294,-1.7066379,4.4104185
49488143556887,1.4084628,-1.8605285,4.254818
49488151521975,0.8811258,-1.8629684,4.2372046
49488159395510,0.5066731,-1.6924329,4.1728263
49488167360598,0.21196961,-1.7437558,4.2806973
49488175234133,-0.034901142,-1.8800645,4.043565
49488183107668,-0.2862079,-2.0773172,3.9635217
49488191011721,-0.4723792,-2.376163,4.2047334
49488198885256,-1.3243608,-2.5965552,4.263018
49488206819826,-1.9501619,-2.3700004,4.50837
49488214723879,-0.971061,-1.6091814,4.8929706
49488222627932,-0.32569265,-1.1135168,5.2151494
49488230562502,-0.09011674,-1.0169067,5.368002
49488238436037,0.09117198,-1.020441,5.3248672
49488246340090,0.22150731,-1.238862,5.280611
49488254244143,0.01467061,-1.6551218,5.205964
49488262148195,-0.50468254,-1.5987244,4.859836
49488270082766,-0.53822327,-1.4146881,4.7840323
49488277986818,-0.5241749,-1.2731085,4.4265165
49488285921389,-0.61820364,-1.2146454,4.2007484
49488293794924,-0.5170295,-1.1772442,4.0873985
49488301698977,-0.51956177,-1.2112007,4.073119
49488309633547,-0.54153395,-1.3045692,3.9099126
49488317568117,-0.43714333,-1.5174017,3.8473604
49488325533205,-0.13223696,-1.7277789,3.950834
49488333406740,-0.15176868,-1.7464113,3.6928966
49488341280275,-0.28884482,-1.7596893,3.5775516
49488349275881,-0.24179459,-1.5928521,3.4249392
49488357149416,-0.7799282,-1.4369879,3.2873769
49488365083986,-1.2909193,-1.3877869,3.184897
49488372927004,-1.20524,-1.3690667,3.1060538
49488380831057,-1.1277113,-1.2661586,3.078771
49488388765627,-0.8926079,-1.115736,3.1137578
49488396669680,-0.3497405,-1.2005291,3.2829075
49488404634768,0.19448638,-1.4056573,3.409225
49488412538820,0.3724513,-1.6545286,3.4797957
49488420442873,0.44299245,-1.6503191,3.4519637
49488428407961,0.22076368,-1.5074191,3.478259
49488436281496,0.06714249,-1.3988676,3.419388
49488444246584,-0.1995821,-1.1832452,3.0399926
49488452120119,-0.29428387,-0.9643903,2.8481207
49488460054689,-0.11363292,-0.7583084,2.562688
49488468019777,-0.14966798,-0.6610203,2.3927636
49488475923830,-0.12147951,-0.69259644,2.096856
49488483888918,0.39042163,-0.87857294,1.8358586
49488491762453,0.7169106,-1.0516,1.7416275
49488499666506,0.6605103,-1.1494956,1.496983
49488507631594,0.88219965,-1.2796435,1.406342
49488515535646,1.0744578,-1.2464461,1.3679991
49488523500734,0.9701035,-1.2107391,1.2688761
49488531374270,0.89181936,-1.1219192,1.1035557
49488539247805,0.9694276,-1.0266609,1.133482
49488547212893,0.44336534,-0.8935671,0.9783201
49488555086428,-0.093304634,-0.87496424,0.8642044
49488562990480,-0.02248025,-0.8872547,0.71908474
49488570864016,0.10405326,-0.94604063,0.41831493
49488578768068,-0.110001326,-1.0570459,0.46732092
49488586733156,0.09940481,-0.7671852,0.39138126
49488594606691,0.16999602,-0.8150201,0.29961777
49488602602297,-0.514452,-0.6565461,0.09978676
49488610567385,-0.7028303,-0.4994774,0.19752121
49488618471437,-0.38012147,-0.33346367,0.27873135
49488626406008,-0.30543494,-0.2206788,0.33369017
49488634310061,0.29815602,-0.24283409,0.48332167
49488642275148,0.8143816,-0.18920565,0.6673689
49488650118166,0.79407835,-0.0015659332,0.8695407
49488657991701,0.6445242,0.21014404,0.92084837
49488665956789,0.4849503,0.21350956,0.80450726
49488673860842,0.2408526,-0.07242489,0.6991873
49488681795412,-0.20614934,-0.3795948,0.5901036
49488689699465,-0.4733367,-0.5573268,0.4330411
49488697603518,-0.6541269,-0.5773921,0.39278984
49488705538088,-0.601223,-0.40646362,0.5361366
49488713442141,-0.30212617,-0.29613352,0.6410198
49488721407228,0.16539288,-0.20573044,0.7128887
49488729311281,0.47808838,-0.10400581,0.86043787
49488737184816,0.72418094,-0.06737375,0.7395477
49488745180422,0.58621085,0.009883881,0.64934206
49488753053957,0.29374695,-0.03490162,0.5152378
49488761019045,-0.1843605,-0.07280254,0.3414297
49488768892580,-0.5998006,-0.21614742,0.20993233
49488776766115,-0.44259548,-0.2949729,0.18670511
49488784670168,-0.27122188,-0.23686361,0.16364765
49488792543703,-0.0024161339,-0.21332312,0.10491848
49488800478273,0.5466863,-0.1745615,0.05240822
49488808351809,0.76418126,-0.10113907,-0.06458092
49488816225344,0.8272493,-0.056711197,-0.050180912
49488824190432,0.6983155,0.013558388,-0.13119364
49488832063967,0.12853909,-0.03143406,-0.20485115
49488839906984,-0.09887767,-0.20105076,-0.24850464
49488847841555,-0.28089094,-0.29209423,-0.22688341
49488855715090,-0.5106275,-0.34981394,-0.20357752
49488863588625,-0.55429673,-0.31901598,-0.20310163
49488871523195,-0.34812045,-0.21646833,-0.12765932
49488879457766,-0.19566274,-0.26672602,0.060539722
49488887331301,-0.16482759,-0.24087667,-0.8478384
49488895235353,0.5873511,-0.5212641,0.6787615
49488903169924,0.2582121,-0.36413527,0.0075335503
49488911073977,0.2764485,-0.35645294,0.28824997
49488919039064,0.47806334,-0.21478796,0.1709547
49488926912600,0.37385023,-0.10418749,0.28951883
49488934816652,0.29825354,-0.060779095,0.20819473
49488942812258,0.24252176,-0.0916872,0.11774731
49488950716311,-0.112452984,-0.10101843,0.3026085
49488958650881,-0.26980233,-0.0891304,0.36300945
49488966524416,0.039988518,-0.1371932,0.39631605
49488974397951,0.34790146,-0.24685383,0.75106716
49488982363039,0.5577872,-0.37989807,0.52086353
49488990236574,1.7302217,-0.045522213,0.4061904
49488998201662,-0.52697206,-0.35249949,0.55302954
49489006075197,-0.40341544,-0.05259943,0.30571985
49489013948732,-0.1458509,0.19093275,0.0938673
