5050726060434,0.0071367025,-0.0590086,-0.0034214854,0.0071367025,-0.0590086,-0.0034214854
5050733933970,0.002992034,-0.024169922,-0.0013208389,0.002992034,-0.024169922,-0.0013208389
5050741838022,0.0046402216,-0.03515148,-0.0020646453,0.0046402216,-0.03515148,-0.0020646453
5050749742075,0.005148649,-0.036569595,-0.0020927787,0.005148649,-0.036569595,-0.0020927787
5050757615610,0.005712867,-0.038835526,-0.0023730993,0.005712867,-0.038835526,-0.0023730993
5050765489145,0.004823923,-0.03278923,-0.0018196702,0.004823923,-0.03278923,-0.0018196702
5050773393198,0.0051420927,-0.03465557,-0.0019183159,0.0051420927,-0.03465557,-0.0019183159
5050781297251,-8.459091E-4,-0.027636528,-0.0045167804,-8.459091E-4,-0.027636528,-0.0045167804
5050789201304,0.0062297583,-0.042312622,-0.002533853,0.0062297583,-0.042312622,-0.002533853
5050797135874,0.00841403,-0.056450844,-0.0030785203,0.00841403,-0.056450844,-0.0030785203
5050805009409,0.0074546337,-0.05196476,-0.0030560493,0.0074546337,-0.05196476,-0.0030560493
5050812882944,0.0070472956,-0.05044937,-0.0029770732,0.0070472956,-0.05044937,-0.0029770732
5050820817515,0.006864786,-0.049030304,-0.0028862953,0.006864786,-0.049030304,-0.0028862953
5050828691050,0.015958905,-0.049111366,-2.310276E-4,0.015958905,-0.049111366,-2.310276E-4
5050836595102,0.006043792,-0.039600372,-0.0023123622,0.006043792,-0.039600372,-0.0023123622
5050844499155,0.0055760145,-0.039634705,-0.0022987723,0.0055760145,-0.039634705,-0.0022987723
5050852403208,0.0044845343,-0.030673027,-0.0018848181,0.0044845343,-0.030673027,-0.0018848181
5050860307261,0.0035768747,-0.024704933,-0.001480341,0.0035768747,-0.024704933,-0.001480341
5050868211313,0.0014278889,-0.00972271,-5.5605173E-4,0.0014278889,-0.00972271,-5.5605173E-4
5050876115366,0.0049101114,-0.03677368,-0.0021980405,0.0049101114,-0.03677368,-0.0021980405
5050884019419,0.0035054684,-0.02540207,-0.0014666319,0.0035054684,-0.02540207,-0.0014666319
5050891892954,-0.0036650896,0.026450157,0.0015090704,-0.0036650896,0.026450157,0.0015090704
5050899766489,-0.0035209656,0.025294304,0.0014628172,-0.0035209656,0.025294304,0.0014628172
5050907670542,0.0013818741,-0.010483742,-6.2942505E-4,0.0013818741,-0.010483742,-6.2942505E-4
5050915574595,2.5177002E-4,-0.0028543472,-1.4609098E-4,2.5177002E-4,-0.0028543472,-1.4609098E-4
5050923448130,0.0033253431,-0.026410103,-0.001401484,0.0033253431,-0.026410103,-0.001401484
5050931321665,0.0041121244,-0.028634071,-0.001652956,0.0041121244,-0.028634071,-0.001652956
5050939225718,0.008895755,-0.062384605,-0.0038431883,0.008895755,-0.062384605,-0.0038431883
5050947129770,0.04884541,-0.39724255,-0.028792262,0.04884541,-0.39724255,-0.028792262
5050955033823,-0.023426414,0.15267754,0.009935439,-0.023426414,0.15267754,0.009935439
5050962907358,-0.0011924505,0.009225845,5.224347E-4,-0.0011924505,0.009225845,5.224347E-4
5050970780893,0.011384845,-0.082901,-0.0044552684,0.011384845,-0.082901,-0.0044552684
5050978715464,0.022076488,-0.1469841,-0.00944823,0.022076488,-0.1469841,-0.00944823
5050986588999,0.011106133,-0.08087921,-0.0051552653,0.011106133,-0.08087921,-0.0051552653
5050994493052,0.0023319721,-0.01818943,-0.0011597872,0.0023319721,-0.01818943,-0.0011597872
5051002366587,-9.2482567E-4,0.009821892,9.381175E-4,-9.2482567E-4,0.009821892,9.381175E-4
5051010270640,-4.5657158E-4,0.002840042,2.9361248E-4,-4.5657158E-4,0.002840042,2.9361248E-4
5051018174692,0.010854363,-0.04282379,-0.0079597235,0.010854363,-0.04282379,-0.0079597235
5051026078745,0.0064452887,-0.04737568,-0.0030010939,0.0064452887,-0.04737568,-0.0030010939
5051033982798,0.004676819,-0.033224106,-0.0019925237,0.004676819,-0.033224106,-0.0019925237
5051041856333,0.005393386,-0.03597164,-0.002064526,0.005393386,-0.03597164,-0.002064526
5051049760386,0.011863589,-0.033807755,-0.0023103356,0.011863589,-0.033807755,-0.0023103356
5051057633921,0.010858774,-0.010142326,-0.0024988651,0.010858774,-0.010142326,-0.0024988651
5051065476938,-0.00306046,0.020069122,0.0012459159,-0.00306046,0.020069122,0.0012459159
5051073380991,-0.017899513,0.122962,0.008098006,-0.017899513,0.122962,0.008098006
5051081315561,-0.013136864,0.09792042,0.0067754984,-0.013136864,0.09792042,0.0067754984
5051089189097,0.0014846325,-0.009925842,-6.451607E-4,0.0014846325,-0.009925842,-6.451607E-4
5051097093149,-0.0035431385,0.022424698,0.0014252663,-0.0035431385,0.022424698,0.0014252663
5051104966684,-0.015538335,0.09377384,0.005681038,-0.015538335,0.09377384,0.005681038
5051112870737,0.0044891834,-0.02699089,-0.001744926,0.0044891834,-0.02699089,-0.001744926
5051120744272,0.016350865,-0.10429382,-0.006945312,0.016350865,-0.10429382,-0.006945312
5051128648325,0.0049465895,-0.03436947,-0.0020598173,0.0049465895,-0.03436947,-0.0020598173
5051136521860,-0.006271124,0.046551704,0.0027652383,-0.006271124,0.046551704,0.0027652383
5051144456431,-0.006392598,0.04465294,0.0026334524,-0.006392598,0.04465294,0.0026334524
5051152329966,-0.029617548,0.20096111,0.011402905,-0.029617548,0.20096111,0.011402905
5051160234018,-0.054456234,0.30898,0.019712687,-0.054456234,0.30898,0.019712687
5051168168589,-0.03444016,0.17057133,0.014710367,-0.03444016,0.17057133,0.014710367
5051176042124,-0.024093628,0.110871315,0.011927009,-0.024093628,0.110871315,0.011927009
5051183946177,-0.024485826,0.10529995,0.013641,-0.024485826,0.10529995,0.013641
5051191819712,-0.020655394,0.08678341,0.0120283365,-0.020655394,0.08678341,0.0120283365
5051199723765,-0.024056435,0.10995674,0.014991879,-0.024056435,0.10995674,0.014991879
5051207597300,-0.033350468,0.17198181,0.024562359,-0.033350468,0.17198181,0.024562359
5051215470835,-0.038471103,0.22299957,0.035408974,-0.038471103,0.22299957,0.035408974
5051223405405,-0.02897656,0.18064976,0.03179431,-0.02897656,0.18064976,0.03179431
5051231278940,-0.04541087,0.25163937,0.04968679,-0.04541087,0.25163937,0.04968679
5051239152475,-0.056923628,0.25515842,0.057177782,-0.056923628,0.25515842,0.057177782
5051247026011,-0.04412079,0.16678715,0.04220414,-0.04412079,0.16678715,0.04220414
5051254930063,-0.0711422,0.22749329,0.057590008,-0.0711422,0.22749329,0.057590008
5051262803599,-0.27388406,0.74071884,0.1810677,-0.27388406,0.74071884,0.1810677
5051270707651,-0.3471427,0.89661884,0.22471309,-0.3471427,0.89661884,0.22471309
5051278611704,-0.22454977,0.63879013,0.15954208,-0.22454977,0.63879013,0.15954208
5051286485239,-0.14327145,0.52809525,0.11857605,-0.14327145,0.52809525,0.11857605
5051294419809,-0.105766654,0.5064335,0.09431493,-0.105766654,0.5064335,0.09431493
5051302323862,-0.07193506,0.44865322,0.064979434,-0.07193506,0.44865322,0.064979434
5051310227915,-0.063044906,0.5363846,0.055132866,-0.063044906,0.5363846,0.055132866
5051318101450,-0.050053775,0.5334196,0.028820336,-0.050053775,0.5334196,0.028820336
5051325974985,-0.022717655,0.26759434,0.0017077252,-0.022717655,0.26759434,0.0017077252
5051333879038,0.007620275,-0.088020325,0.0027370453,0.007620275,-0.088020325,0.0027370453
5051341752573,0.03273225,-0.4377823,0.02876097,0.03273225,-0.4377823,0.02876097
5051349626108,0.029467165,-0.6375761,0.058937907,0.029467165,-0.6375761,0.058937907
5051357560679,0.028106987,-0.8351164,0.10321021,0.028106987,-0.8351164,0.10321021
5051365464731,0.024969235,-0.95434,0.17215002,0.024969235,-0.95434,0.17215002
5051373368784,0.015901268,-0.73265743,0.16756058,0.015901268,-0.73265743,0.16756058
5051381272837,0.018666446,-0.3930645,0.10376954,0.018666446,-0.3930645,0.10376954
5051389207407,0.01712513,-0.19260597,0.058793545,0.01712513,-0.19260597,0.058793545
5051397080942,0.037554502,-0.3414917,0.114778996,0.037554502,-0.3414917,0.114778996
5051404954477,0.042315543,-0.6428194,0.23612952,0.042315543,-0.6428194,0.23612952
5051412858530,-0.026954561,-0.8097935,0.32883763,-0.026954561,-0.8097935,0.32883763
5051420762583,-0.1195333,-0.8648329,0.34314632,-0.1195333,-0.8648329,0.34314632
5051428666636,-0.19232082,-1.0021582,0.39724874,-0.19232082,-1.0021582,0.39724874
5051436601206,-0.18326545,-1.0074916,0.48080087,-0.18326545,-1.0074916,0.48080087
5051444505259,-0.1403768,-1.0951276,0.576478,-0.1403768,-1.0951276,0.576478
5051452439829,-0.076185256,-1.3006516,0.7461915,-0.076185256,-1.3006516,0.7461915
5051460282847,0.009223685,-1.2845469,0.8117361,0.009223685,-1.2845469,0.8117361
5051468186899,0.05324778,-1.0135326,0.64622307,0.05324778,-1.0135326,0.64622307
5051476121470,0.07826251,-0.95525837,0.55298996,0.07826251,-0.95525837,0.55298996
5051483964487,0.08445275,-1.0034504,0.58313465,0.08445275,-1.0034504,0.58313465
5051491838022,0.045981854,-0.89569426,0.55982494,0.045981854,-0.89569426,0.55982494
5051499742075,0.07705641,-0.60914326,0.38276482,0.07705641,-0.60914326,0.38276482
5051507646128,0.06785679,-0.31061554,0.20238638,0.06785679,-0.31061554,0.20238638
5051515519663,0.04546261,-0.16766024,0.11492634,0.04546261,-0.16766024,0.11492634
5051523393198,0.09684992,-0.29783058,0.23673153,0.09684992,-0.29783058,0.23673153
5051531327768,0.0775249,-0.2512617,0.21590519,0.0775249,-0.2512617,0.21590519
5051539201304,0.042930365,-0.1810813,0.14882517,0.042930365,-0.1810813,0.14882517
5051547105356,0.022412688,-0.38624573,0.27933836,0.022412688,-0.38624573,0.27933836
5051555009409,-0.0621655,-0.57432175,0.31858683,-0.0621655,-0.57432175,0.31858683
5051562943979,-0.102227926,-0.54033947,0.2182877,-0.102227926,-0.54033947,0.2182877
5051570848032,-0.076188564,-0.32810307,0.08259654,-0.076188564,-0.32810307,0.08259654
5051578752085,0.075146675,0.2508211,-0.015027702,0.075146675,0.2508211,-0.015027702
5051586656138,0.39375114,1.0647392,0.017144024,0.39375114,1.0647392,0.017144024
5051594529673,0.6124742,1.5974026,0.09366459,0.6124742,1.5974026,0.09366459
5051602464243,0.049529195,0.26990223,0.040635943,0.049529195,0.26990223,0.040635943
5051610368296,0.14098263,-0.81469536,-0.32173252,0.14098263,-0.81469536,-0.32173252
5051618272349,0.30611372,-0.62742424,-0.31300235,0.30611372,-0.62742424,-0.31300235
5051626145884,0.07072306,-0.26910114,-0.031453967,0.07072306,-0.26910114,-0.031453967
5051634019419,-0.41364264,2.8562393,0.1531424,-0.41364264,2.8562393,0.1531424
5051641892954,-1.5182812,5.1568985,0.38721448,-1.5182812,5.1568985,0.38721448
5051649797007,-3.1281757,6.4008493,0.71737933,-3.1281757,6.4008493,0.71737933
5051657670542,-4.087356,7.50037,-0.6799258,-4.087356,7.50037,-0.6799258
5051665574595,-3.786418,6.558751,-2.566935,-3.786418,6.558751,-2.566935
5051673448130,-1.5434144,3.4034667,-2.9121299,-1.5434144,3.4034667,-2.9121299
5051681321665,0.4120282,2.1448398,-2.803321,0.4120282,2.1448398,-2.803321
5051689256235,2.9269667,2.8332992,-3.681481,2.9269667,2.8332992,-3.681481
5051697129770,4.7912087,3.5015712,-3.488731,4.7912087,3.5015712,-3.488731
5051705003306,3.610764,3.7643003,-2.3568792,3.610764,3.7643003,-2.3568792
5051712876841,3.056088,4.42615,-1.8115344,3.056088,4.42615,-1.8115344
5051720750376,3.2412205,4.8590837,-1.7214904,3.2412205,4.8590837,-1.7214904
5051728654429,3.8158565,4.2481933,-1.4496505,3.8158565,4.2481933,-1.4496505
5051736527964,3.9242687,4.2846303,-0.7969291,3.9242687,4.2846303,-0.7969291
5051744401499,3.451507,4.892075,0.16097593,3.451507,4.892075,0.16097593
5051752336069,4.2548723,6.796452,-0.0069663525,4.2548723,6.796452,-0.0069663525
5051760209604,6.895533,9.38173,-1.6811707,6.895533,9.38173,-1.6811707
5051768113657,0.5928807,9.317654,-1.9005768,0.5928807,9.317654,-1.9005768
5051776048227,-8.938797,8.5573,0.80890274,-8.938797,8.5573,0.80890274
5051783921763,-12.824089,9.600449,2.2780297,-12.824089,9.600449,2.2780297
5051791795298,-14.057404,11.386041,2.345865,-14.057404,11.386041,2.345865
5051799668833,-17.301535,10.103099,3.6253512,-17.301535,10.103099,3.6253512
5051807572886,-17.286171,9.797801,5.06544,-17.286171,9.797801,5.06544
5051815476938,-14.252214,10.439563,6.477912,-14.252214,10.439563,6.477912
5051823380991,-14.046585,9.110539,8.632971,-14.046585,9.110539,8.632971
5051831285044,-15.226953,7.8026733,11.088043,-15.226953,7.8026733,11.088043
5051839158579,-15.881832,7.9236135,13.669392,-15.881832,7.9236135,13.669392
5051847093149,-15.753288,7.885499,15.46604,-15.753288,7.885499,15.46604
5051854936167,-14.177143,6.7623444,15.635273,-14.177143,6.7623444,15.635273
5051862840220,-11.001841,5.7841587,14.04129,-11.001841,5.7841587,14.04129
5051870774790,-7.5514393,4.596532,12.09219,-7.5514393,4.596532,12.09219
5051878648325,-4.1911626,2.5800104,11.213026,-4.1911626,2.5800104,11.213026
5051886552378,-2.680584,-0.14509678,10.113847,-2.680584,-0.14509678,10.113847
5051894456431,-2.554078,-2.7875648,7.982534,-2.554078,-2.7875648,7.982534
5051902360483,-1.9642689,-4.4377394,7.6282425,-1.9642689,-4.4377394,7.6282425
5051910234018,0.28738213,-4.5082407,6.1464763,0.28738213,-4.5082407,6.1464763
5051918107554,3.128655,-1.3137689,4.301434,3.128655,-1.3137689,4.301434
5051926042124,2.4009225,3.0228395,3.0505502,2.4009225,3.0228395,3.0505502
5051933915659,-3.2519736,4.548402,5.989194,-3.2519736,4.548402,5.989194
5051941819712,-8.975555,1.423089,1.8421173,-8.975555,1.423089,1.8421173
5051949693247,-5.178435,1.1205454,4.3655543,-5.178435,1.1205454,4.3655543
5051957597300,-0.07428646,1.9870968,4.0693836,-0.07428646,1.9870968,4.0693836
5051965531870,4.7024307,3.4110184,3.0745502,4.7024307,3.4110184,3.0745502
5051973405405,7.8071795,5.3958015,1.2548797,7.8071795,5.3958015,1.2548797
5051981339975,10.344973,7.51505,-0.39442945,10.344973,7.51505,-0.39442945
5051989213511,12.502453,8.666005,-1.0573986,12.502453,8.666005,-1.0573986
5051997087046,13.807617,8.2591095,-2.0942597,13.807617,8.2591095,-2.0942597
5052004991099,14.888067,7.9081974,-3.8397636,14.888067,7.9081974,-3.8397636
5052012864634,16.198282,7.327426,-4.000252,16.198282,7.327426,-4.000252
5052020738169,16.411436,5.400219,-3.9184103,16.411436,5.400219,-3.9184103
5052028642222,14.334197,3.3505878,-4.8243318,14.334197,3.3505878,-4.8243318
5052036515757,10.006743,2.604578,-6.1391387,10.006743,2.604578,-6.1391387
5052044419809,5.7522516,2.8464165,-11.072934,5.7522516,2.8464165,-11.072934
5052052323862,3.0133598,3.8990831,-11.592827,3.0133598,3.8990831,-11.592827
5052060227915,1.7951286,5.147338,-12.277092,1.7951286,5.147338,-12.277092
5052068131968,1.6528811,6.3606405,-16.725039,1.6528811,6.3606405,-16.725039
5052076066538,0.15191603,7.4088087,-16.38216,0.15191603,7.4088087,-16.38216
5052083970591,-2.2902777,6.833701,-13.780056,-2.2902777,6.833701,-13.780056
5052091874643,-2.726991,5.8372946,-13.513979,-2.726991,5.8372946,-13.513979
5052099778696,-1.8270457,6.570301,-15.139988,-1.8270457,6.570301,-15.139988
5052107652231,2.377667,9.874109,-2.340127,2.377667,9.874109,-2.340127
5052115525767,5.5824,3.360242,-23.969841,5.5824,3.360242,-23.969841
5052123399302,-2.6729693,2.5514898,-19.593842,-2.6729693,2.5514898,-19.593842
5052131272837,-8.026486,12.798691,-10.836346,-8.026486,12.798691,-10.836346
5052139176890,-17.888493,10.304947,-15.195084,-17.888493,10.304947,-15.195084
5052147080942,-18.928421,3.06425,-10.319927,-18.928421,3.06425,-10.319927
5052155015513,-18.269026,-2.0090847,-11.943911,-18.269026,-2.0090847,-11.943911
5052162889048,-22.824917,-1.0834026,-10.728398,-22.824917,-1.0834026,-10.728398
5052170732065,-17.701664,4.95779,-11.954421,-17.701664,4.95779,-11.954421
5052178666636,-15.902054,6.241347,-11.862233,-15.902054,6.241347,-11.862233
5052186570688,-6.3913994,4.8976607,-11.400093,-6.3913994,4.8976607,-11.400093
5052194444224,3.09217,3.1781425,-9.425565,3.09217,3.1781425,-9.425565
5052202348276,4.7881584,3.5340958,-10.3267565,4.7881584,3.5340958,-10.3267565
5052210221811,-5.5175686,4.499368,-13.028139,-5.5175686,4.499368,-13.028139
5052218095347,-8.815666,5.6812572,-13.42802,-8.815666,5.6812572,-13.42802
5052225968882,-12.100844,4.208637,-13.236126,-12.100844,4.208637,-13.236126
5052233842417,-15.872366,1.0603614,-12.34272,-15.872366,1.0603614,-12.34272
5052241715952,-14.4597225,-0.60908747,-11.087339,-14.4597225,-0.60908747,-11.087339
5052249620005,-5.957552,0.57239294,-10.455864,-5.957552,0.57239294,-10.455864
5052257493540,-3.4325843,1.0371246,-10.620468,-3.4325843,1.0371246,-10.620468
5052265397593,-2.6898136,1.3203974,-10.688313,-2.6898136,1.3203974,-10.688313
5052273332163,-3.1617112,0.97735596,-11.085263,-3.1617112,0.97735596,-11.085263
5052281236216,-6.0129,-0.6704078,-10.489861,-6.0129,-0.6704078,-10.489861
5052289109751,-6.8909183,-2.1074471,-9.641806,-6.8909183,-2.1074471,-9.641806
5052296983286,-6.4294863,-2.8123875,-9.197643,-6.4294863,-2.8123875,-9.197643
5052304887339,-5.2140408,-2.2798553,-9.476456,-5.2140408,-2.2798553,-9.476456
5052312760874,-3.961506,-1.2910075,-9.637171,-3.961506,-1.2910075,-9.637171
5052320664927,-2.9838316,-0.5264416,-9.698332,-2.9838316,-0.5264416,-9.698332
5052328568979,-2.19952,-0.08507633,-9.409588,-2.19952,-0.08507633,-9.409588
5052336503550,-1.6789126,0.06296396,-9.072655,-1.6789126,0.06296396,-9.072655
5052344377085,-1.4398992,-0.06259298,-9.067246,-1.4398992,-0.06259298,-9.067246
5052352281138,-1.3069936,-0.25490618,-9.347316,-1.3069936,-0.25490618,-9.347316
5052360185190,-1.4447651,-0.40501738,-9.4218235,-1.4447651,-0.40501738,-9.4218235
5052368089243,-2.1440475,-1.1431351,-9.461308,-2.1440475,-1.1431351,-9.461308
5052375993296,-2.563526,-2.4984956,-8.958672,-2.563526,-2.4984956,-8.958672
5052383866831,-2.4871938,-3.2022686,-9.035946,-2.4871938,-3.2022686,-9.035946
5052391740366,-2.1965618,-2.9806194,-9.237126,-2.1965618,-2.9806194,-9.237126
5052399644419,-1.4674528,-2.4802885,-9.422264,-1.4674528,-2.4802885,-9.422264
5052407548472,-0.58207303,-1.977314,-9.072466,-0.58207303,-1.977314,-9.072466
5052415452524,0.42852265,-1.2129135,-8.864638,0.42852265,-1.2129135,-8.864638
5052423326059,0.68924457,-0.7337389,-8.189678,0.68924457,-0.7337389,-8.189678
5052431260630,0.48088294,-0.6451645,-8.048033,0.48088294,-0.6451645,-8.048033
5052439134165,-0.043165743,-0.90845394,-8.304361,-0.043165743,-0.90845394,-8.304361
5052447038218,-0.727576,-1.2117443,-8.349836,-0.727576,-1.2117443,-8.349836
5052454942270,-1.3450217,-1.5502691,-8.45207,-1.3450217,-1.5502691,-8.45207
5052462846323,-1.9635242,-1.7843776,-8.758745,-1.9635242,-1.7843776,-8.758745
5052470719858,-2.3635273,-1.5497313,-8.920252,-2.3635273,-1.5497313,-8.920252
5052478654429,-2.760974,-1.327138,-8.958736,-2.760974,-1.327138,-8.958736
5052486558481,-2.7824783,-1.4925346,-8.720206,-2.7824783,-1.4925346,-8.720206
5052494462534,-2.6239166,-1.9574895,-8.865747,-2.6239166,-1.9574895,-8.865747
5052502366587,-2.4514012,-1.966547,-8.668668,-2.4514012,-1.966547,-8.668668
5052510240122,-2.0924745,-1.6207271,-8.54394,-2.0924745,-1.6207271,-8.54394
5052518113657,-1.9344507,-1.1901093,-8.32338,-1.9344507,-1.1901093,-8.32338
5052525987192,-1.945546,-0.93252563,-7.6731844,-1.945546,-0.93252563,-7.6731844
5052533860727,-2.018738,-0.7199478,-7.156125,-2.018738,-0.7199478,-7.156125
5052541734263,-1.7944791,-0.33411407,-6.4398146,-1.7944791,-0.33411407,-6.4398146
5052549668833,-1.2207392,0.23619747,-5.9014387,-1.2207392,0.23619747,-5.9014387
5052557542368,-0.58253336,0.88523865,-5.099118,-0.58253336,0.88523865,-5.099118
5052565446421,-0.059389353,1.7253027,-4.553523,-0.059389353,1.7253027,-4.553523
5052573319956,1.7542248,7.487914,1.7124329,1.7542248,7.487914,1.7124329
5052581224009,-5.122257,11.931988,0.0062890053,-5.122257,11.931988,0.0062890053
5052589097544,-7.1101494,-2.661118,0.59549856,-7.1101494,-2.661118,0.59549856
5052597001597,-4.077169,-4.7842236,-2.375113,-4.077169,-4.7842236,-2.375113
5052604905649,3.3172467,7.7481127,-4.914135,3.3172467,7.7481127,-4.914135
5052612809702,-6.011693,10.698225,-3.9537783,-6.011693,10.698225,-3.9537783
5052620713755,-7.2276044,3.1759872,-0.6103482,-7.2276044,3.1759872,-0.6103482
5052628648325,-2.7587056,5.07905,-1.810947,-2.7587056,5.07905,-1.810947
5052636582895,-1.3429583,7.3116207,-2.8849401,-1.3429583,7.3116207,-2.8849401
5052644486948,-0.37044042,6.0705185,-1.4500656,-0.37044042,6.0705185,-1.4500656
5052652391001,1.7522582,5.9569874,-0.40926552,1.7522582,5.9569874,-0.40926552
5052660264536,3.1636176,7.462269,0.037312984,3.1636176,7.462269,0.037312984
5052668138071,2.9008932,7.925105,1.5862887,2.9008932,7.925105,1.5862887
5052676011606,3.0983584,8.429719,4.1091156,3.0983584,8.429719,4.1091156
5052683885142,4.0608015,9.27587,9.089644,4.0608015,9.27587,9.089644
5052691789194,6.112235,7.3056383,12.533226,6.112235,7.3056383,12.533226
5052699662729,7.9117804,5.988512,9.390784,7.9117804,5.988512,9.390784
5052707536265,7.9371986,6.864155,11.343839,7.9371986,6.864155,11.343839
5052715440317,7.889545,7.7663364,10.995279,7.889545,7.7663364,10.995279
5052723283335,6.894069,7.0706024,9.582473,6.894069,7.0706024,9.582473
5052731217905,5.423532,5.397935,8.660035,5.423532,5.397935,8.660035
5052739091440,3.289386,4.504389,6.933447,3.289386,4.504389,6.933447
5052746995493,0.7932099,3.8907309,5.8683176,0.7932099,3.8907309,5.8683176
5052754869028,-1.0174878,2.7944021,4.717386,-1.0174878,2.7944021,4.717386
5052762773081,-2.3634424,1.7551994,3.4169312,-2.3634424,1.7551994,3.4169312
5052770677134,-2.9066858,1.0815058,2.6435366,-2.9066858,1.0815058,2.6435366
5052778581186,-2.1710691,0.35700226,2.0726194,-2.1710691,0.35700226,2.0726194
5052786485239,-0.34813684,0.05805874,1.43202,-0.34813684,0.05805874,1.43202
5052794389292,1.787461,0.5090246,1.0133686,1.787461,0.5090246,1.0133686
5052802293345,3.2948396,0.47231674,1.3059652,3.2948396,0.47231674,1.3059652
5052810197397,4.4472055,-0.0699234,2.0126307,4.4472055,-0.0699234,2.0126307
5052818070933,5.2764664,-0.43299007,2.7222095,5.2764664,-0.43299007,2.7222095
5052825974985,6.550378,-0.23379707,2.9531512,6.550378,-0.23379707,2.9531512
5052833848520,7.6405196,0.06266403,4.0707808,7.6405196,0.06266403,4.0707808
5052841722056,8.204108,0.019807816,3.6454353,8.204108,0.019807816,3.6454353
5052849626108,8.853598,0.11184883,3.5380487,8.853598,0.11184883,3.5380487
5052857499643,9.062203,0.106720924,4.3427424,9.062203,0.106720924,4.3427424
5052865373179,7.352476,-0.0864687,3.7213209,7.352476,-0.0864687,3.7213209
5052873307749,5.26787,0.21528435,3.280648,5.26787,0.21528435,3.280648
5052881181284,3.4343476,0.25362682,3.255013,3.4343476,0.25362682,3.255013
5052889085337,1.463383,-0.59451866,2.8834794,1.463383,-0.59451866,2.8834794
5052896958872,-0.19430768,-1.1626506,2.9898314,-0.19430768,-1.1626506,2.9898314
5052904862925,-1.303523,-0.81978416,3.3062384,-1.303523,-0.81978416,3.3062384
5052912766977,-0.71126795,0.035446167,3.5018125,-0.71126795,0.035446167,3.5018125
5052920640513,1.1226001,0.76283836,3.3126895,1.1226001,0.76283836,3.3126895
5052928544565,1.56322,1.0348759,2.9258893,1.56322,1.0348759,2.9258893
5052936448618,1.0396019,0.73904514,2.936868,1.0396019,0.73904514,2.936868
5052944322153,0.36731625,0.26081848,2.5073338,0.36731625,0.26081848,2.5073338
5052952195688,-0.28067124,-0.007282257,2.333516,-0.28067124,-0.007282257,2.333516
5052960099741,-0.9254731,-0.70039654,2.1306024,-0.9254731,-0.70039654,2.1306024
5052968003794,-0.25616872,-1.5725527,1.5753326,-0.25616872,-1.5725527,1.5753326
5052975877329,-0.13241327,-2.9186478,0.26510358,-0.13241327,-2.9186478,0.26510358
5052983811899,0.8563935,-2.6813354,1.6291385,0.8563935,-2.6813354,1.6291385
5052991685434,2.8010526,0.111169815,0.6109052,2.8010526,0.111169815,0.6109052
5052999528452,0.9172601,0.40629387,0.50999093,0.9172601,0.40629387,0.50999093
5053007432505,-1.4415739,0.74408245,2.2311628,-1.4415739,0.74408245,2.2311628
5053015367075,-5.180405,4.282094,2.7249525,-5.180405,4.282094,2.7249525
5053023240610,-7.5942955,8.906889,3.7346678,-7.5942955,8.906889,3.7346678
5053031114145,-7.2808747,10.239455,4.1651525,-7.2808747,10.239455,4.1651525
5053038987681,-0.2137956,6.2771482,4.8334174,-0.2137956,6.2771482,4.8334174
5053046891733,3.8869677,0.52194595,4.7914224,3.8869677,0.52194595,4.7914224
5053054826304,4.15676,-3.7725763,3.9250472,4.15676,-3.7725763,3.9250472
5053062699839,4.921885,-4.416132,1.0565332,4.921885,-4.416132,1.0565332
5053070603892,6.2828913,-0.27569294,-2.2800684,6.2828913,-0.27569294,-2.2800684
5053078477427,5.1308546,1.7731161,-3.8565516,5.1308546,1.7731161,-3.8565516
5053086411997,3.985769,0.45079422,-4.339889,3.985769,0.45079422,-4.339889
5053094285532,3.8734574,0.048944473,-4.0775075,3.8734574,0.048944473,-4.0775075
5053102159067,3.8168652,0.59620094,-3.5509267,3.8168652,0.59620094,-3.5509267
5053110063120,3.7150311,0.9047737,-2.9045753,3.7150311,0.9047737,-2.9045753
5053117967173,3.79693,1.0196743,-2.4653704,3.79693,1.0196743,-2.4653704
5053125871225,3.470545,0.84489155,-2.1455264,3.470545,0.84489155,-2.1455264
5053133775278,2.9711258,0.4976244,-2.0817964,2.9711258,0.4976244,-2.0817964
5053141648813,1.7610216,0.5308895,-2.3458898,1.7610216,0.5308895,-2.3458898
5053149522349,0.24391428,0.38926125,-2.2738194,0.24391428,0.38926125,-2.2738194
5053157395884,-1.3088899,0.0011444092,-2.0744255,-1.3088899,0.0011444092,-2.0744255
5053165299936,-2.3115685,-0.27690792,-1.5207249,-2.3115685,-0.27690792,-1.5207249
5053173173472,-2.566245,-0.3564825,-1.049372,-2.566245,-0.3564825,-1.049372
5053181047007,-1.6177628,-0.22816753,-0.4414382,-1.6177628,-0.22816753,-0.4414382
5053188951059,-0.18555737,-0.05471611,0.051628113,-0.18555737,-0.05471611,0.051628113
5053196824595,0.8632775,0.058490753,0.45821488,0.8632775,0.058490753,0.45821488
5053204728647,1.4736563,0.11397457,0.5394374,1.4736563,0.11397457,0.5394374
5053212632700,1.5683432,0.097584724,0.55729973,1.5683432,0.097584724,0.55729973
5053220506235,0.8132883,0.12189579,0.09067607,0.8132883,0.12189579,0.09067607
5053228410288,-0.36557022,0.1174469,-0.52299774,-0.36557022,0.1174469,-0.52299774
5053236283823,-1.8238366,-0.13370419,-0.7095653,-1.8238366,-0.13370419,-0.7095653
5053244187876,-3.289475,-0.49459553,-0.8014103,-3.289475,-0.49459553,-0.8014103
5053252122446,-4.104456,-0.74467754,-0.44498134,-4.104456,-0.74467754,-0.44498134
5053259995981,-4.2125316,-0.6324129,-0.396042,-4.2125316,-0.6324129,-0.396042
5053267900034,-4.04279,-0.45960236,-0.088100314,-4.04279,-0.45960236,-0.088100314
5053275804087,-3.507636,-0.5714474,0.49755,-3.507636,-0.5714474,0.49755
5053283677622,-2.646207,-0.54178333,0.85590166,-2.646207,-0.54178333,0.85590166
5053291551157,-1.5902269,-0.39469814,1.3264093,-1.5902269,-0.39469814,1.3264093
5053299424692,-0.80737436,-0.2813673,1.7825651,-0.80737436,-0.2813673,1.7825651
5053307328745,-0.2961881,-0.15621185,2.026596,-0.2961881,-0.15621185,2.026596
5053315232798,0.03953266,-0.088617325,2.197825,0.03953266,-0.088617325,2.197825
5053323167368,0.25835577,-0.1192646,2.5453434,0.25835577,-0.1192646,2.5453434
5053331040903,0.050818607,-0.113972664,2.5620565,0.050818607,-0.113972664,2.5620565
5053338944956,-0.21694323,-0.087078094,2.1740823,-0.21694323,-0.087078094,2.1740823
5053346849009,-0.43209556,0.016571045,1.7986796,-0.43209556,0.016571045,1.7986796
5053354722544,-0.7342541,-0.21959496,1.7565455,-0.7342541,-0.21959496,1.7565455
5053362657114,-0.90159523,-0.034020424,1.3243028,-0.90159523,-0.034020424,1.3243028
5053370530649,-0.8684832,0.21431828,0.50882775,-0.8684832,0.21431828,0.50882775
5053378404184,-0.9358082,0.08000946,-0.11359191,-0.9358082,0.08000946,-0.11359191
5053386277720,-1.3213264,-0.40360165,0.010394335,-1.3213264,-0.40360165,0.010394335
5053394151255,-1.6536689,-0.55404854,-0.27203238,-1.6536689,-0.55404854,-0.27203238
5053402055308,-1.5984341,-0.11275101,-0.8095573,-1.5984341,-0.11275101,-0.8095573
5053409928843,-1.0603645,0.3120699,-1.2125416,-1.0603645,0.3120699,-1.2125416
5053417832895,-0.46805063,0.31797218,-1.1023854,-0.46805063,0.31797218,-1.1023854
5053425706431,-0.016213447,0.103601456,-0.86993784,-0.016213447,0.103601456,-0.86993784
5053433641001,0.4790204,0.05195427,-0.68576837,0.4790204,0.05195427,-0.68576837
5053441514536,0.76688683,0.26123333,-0.7054089,0.76688683,0.26123333,-0.7054089
5053449388071,0.8913962,0.47287083,-0.75667846,0.8913962,0.47287083,-0.75667846
5053457292124,0.92782825,0.42828846,-0.6076982,0.92782825,0.42828846,-0.6076982
5053465165659,0.90265405,0.21608734,-0.50496846,0.90265405,0.21608734,-0.50496846
5053473069712,0.85609984,0.21933556,-0.6663105,0.85609984,0.21933556,-0.6663105
5053480973765,0.84141225,0.3015213,-0.73566115,0.84141225,0.3015213,-0.73566115
5053488877817,0.7419994,0.07235718,-0.65858287,0.7419994,0.07235718,-0.65858287
5053496751352,0.4628633,-0.23348331,-0.52826226,0.4628633,-0.23348331,-0.52826226
5053504685923,0.14076076,-0.40049267,-0.1816709,0.14076076,-0.40049267,-0.1816709
5053512559458,0.13881402,-0.3759508,-0.18561667,0.13881402,-0.3759508,-0.18561667
5053520494028,0.32486004,-0.28196526,-0.025231183,0.32486004,-0.28196526,-0.025231183
5053528398081,0.51453006,-0.2669716,0.30179802,0.51453006,-0.2669716,0.30179802
5053536332651,0.6091358,-0.19931602,0.56523997,0.6091358,-0.19931602,0.56523997
5053544206186,0.464872,-0.11006832,0.65810996,0.464872,-0.11006832,0.65810996
5053552049204,0.4043433,-0.0925684,0.83003014,0.4043433,-0.0925684,0.83003014
5053559953257,0.24058396,-0.13721848,0.91386783,0.24058396,-0.13721848,0.91386783
5053567887827,0.021426827,-0.05244732,0.7427403,0.021426827,-0.05244732,0.7427403
5053575761362,-0.32149056,-0.08724117,0.5368005,-0.32149056,-0.08724117,0.5368005
5053583665415,-0.64695406,-0.30626297,0.53283936,-0.64695406,-0.30626297,0.53283936
5053591569468,-0.7495862,-0.49643707,0.5491398,-0.7495862,-0.49643707,0.5491398
5053599443003,-0.780569,-0.51173496,0.5281594,-0.780569,-0.51173496,0.5281594
5053607316538,-0.8594135,-0.36651516,0.3696005,-0.8594135,-0.36651516,0.3696005
5053615220591,-0.9236095,-0.19487286,0.30038637,-0.9236095,-0.19487286,0.30038637
5053623124643,-0.95399207,-0.13328743,0.11699104,-0.95399207,-0.13328743,0.11699104
5053631028696,-1.0218682,-0.08598614,-0.09708834,-1.0218682,-0.08598614,-0.09708834
5053638932749,-1.1312821,-0.04100609,-0.11981046,-1.1312821,-0.04100609,-0.11981046
5053646867319,-1.0748873,0.037557602,-0.2739739,-1.0748873,0.037557602,-0.2739739
5053654740854,-0.8029542,0.06589794,-0.44929683,-0.8029542,0.06589794,-0.44929683
5053662644907,-0.4856699,-0.049367905,-0.48063844,-0.4856699,-0.049367905,-0.48063844
5053670518442,-0.32898262,-0.1286726,-0.5378022,-0.32898262,-0.1286726,-0.5378022
5053678422495,-0.4522642,-0.11693001,-0.6539029,-0.4522642,-0.11693001,-0.6539029
5053686296030,-0.62578773,-0.21047115,-0.6230159,-0.62578773,-0.21047115,-0.6230159
5053694200083,-0.7234447,-0.12201214,-0.6792618,-0.7234447,-0.12201214,-0.6792618
5053702073618,-0.74972826,0.035930634,-0.64791346,-0.74972826,0.035930634,-0.64791346
5053709977671,-0.5106576,0.24416828,-0.4771556,-0.5106576,0.24416828,-0.4771556
5053717851206,-0.5465742,0.04302883,-0.2872234,-0.5465742,0.04302883,-0.2872234
5053725755259,-0.38935325,0.08607292,-0.17682604,-0.38935325,0.08607292,-0.17682604
5053733689829,-0.33792588,0.1051569,-0.02666077,-0.33792588,0.1051569,-0.02666077
5053741593882,-0.44453502,0.0021429062,0.09426803,-0.44453502,0.0021429062,0.09426803
5053749467417,-0.40568304,-0.14158535,0.1355154,-0.40568304,-0.14158535,0.1355154
5053757371470,-0.24069852,-0.21589851,0.24562255,-0.24069852,-0.21589851,0.24562255
5053765275522,-0.05495733,-0.21361542,0.33148575,-0.05495733,-0.21361542,0.33148575
5053773149058,0.07771045,-0.12512398,0.28589594,0.07771045,-0.12512398,0.28589594
5053781083628,0.1051406,0.04000759,0.28354543,0.1051406,0.04000759,0.28354543
5053788926645,0.12298429,0.22670937,0.38424528,0.12298429,0.22670937,0.38424528
5053796830698,0.011963099,0.14530754,0.33223525,0.011963099,0.14530754,0.33223525
5053804765268,-0.29560965,0.097435,0.2611017,-0.29560965,0.097435,0.2611017
5053812638804,-0.59866726,-0.012681007,0.21854602,-0.59866726,-0.012681007,0.21854602
5053820512339,-0.66784203,-0.06294918,0.06590236,-0.66784203,-0.06294918,0.06590236
5053828416392,-0.59598756,-0.09645271,0.025323972,-0.59598756,-0.09645271,0.025323972
5053836289927,-0.43064213,-0.09880257,0.0061943233,-0.43064213,-0.09880257,0.0061943233
5053844163462,0.017028868,-0.16099644,0.018235475,0.017028868,-0.16099644,0.018235475
5053852067515,-0.0705249,-0.06749725,-0.2732042,-0.0705249,-0.06749725,-0.2732042
5053859941050,-0.3466405,-0.20619011,-0.24115926,-0.3466405,-0.20619011,-0.24115926
5053867845102,-0.2596677,-0.22279644,-0.23507059,-0.2596677,-0.22279644,-0.23507059
5053875749155,-0.12067047,-0.21547413,-0.37940174,-0.12067047,-0.21547413,-0.37940174
5053883653208,0.0133343935,-0.17701721,-0.41323155,0.0133343935,-0.17701721,-0.41323155
5053891557261,0.08060089,-0.15529156,-0.420815,0.08060089,-0.15529156,-0.420815
5053899491831,-0.05964461,-0.047319412,-0.43607366,-0.05964461,-0.047319412,-0.43607366
5053907334849,-0.18690613,0.06311703,-0.2940094,-0.18690613,0.06311703,-0.2940094
5053915238901,-0.27522215,0.09459591,-0.16909313,-0.27522215,0.09459591,-0.16909313
5053923173472,-0.25510466,-0.0031518936,-0.0947735,-0.25510466,-0.0031518936,-0.0947735
5053931108042,-0.021513343,-0.09845829,0.03182926,-0.021513343,-0.09845829,0.03182926
5053938981577,0.17415828,-0.11949253,0.07659589,0.17415828,-0.11949253,0.07659589
5053946885630,0.20795682,-0.08538246,0.16881885,0.20795682,-0.08538246,0.16881885
5053954789683,0.14924598,-0.08710861,0.29918623,0.14924598,-0.08710861,0.29918623
5053962693735,0.13385579,-0.09837246,0.3484338,0.13385579,-0.09837246,0.3484338
5053970567270,0.21912292,-0.11200619,0.35519788,0.21912292,-0.11200619,0.35519788
5053978501841,0.13941783,-0.04180336,0.304574,0.13941783,-0.04180336,0.304574
5053986375376,-0.17682135,0.038028717,0.33545595,-0.17682135,0.038028717,0.33545595
5053994279429,-0.43069154,-0.01378727,0.4455724,-0.43069154,-0.01378727,0.4455724
5054002183481,-0.6516341,-0.06801033,0.4723387,-0.6516341,-0.06801033,0.4723387
5054010087534,-0.89902014,-0.1198349,0.48772198,-0.89902014,-0.1198349,0.48772198
5054017991587,-1.1204481,-0.19561195,0.46057987,-1.1204481,-0.19561195,0.46057987
5054025895640,-1.1750512,-0.21874905,0.37631738,-1.1750512,-0.21874905,0.37631738
5054033769175,-1.1058979,-0.191638,0.38567308,-1.1058979,-0.191638,0.38567308
5054041642710,-0.99424136,-0.1382227,0.4339958,-0.99424136,-0.1382227,0.4339958
5054049516245,-0.7588056,-0.1159811,0.46378714,-0.7588056,-0.1159811,0.46378714
5054057420298,-0.41679013,-0.069890976,0.40128538,-0.41679013,-0.069890976,0.40128538
5054065324350,-0.16192222,-0.09570217,0.3588861,-0.16192222,-0.09570217,0.3588861
5054073228403,0.06836593,-0.073698044,0.30550286,0.06836593,-0.073698044,0.30550286
5054081162974,0.085912764,-0.03669262,0.25005057,0.085912764,-0.03669262,0.25005057
5054089005991,-0.15846217,-0.042877197,0.14827847,-0.15846217,-0.042877197,0.14827847
5054096879526,-0.42904407,-0.06822395,0.13849986,-0.42904407,-0.06822395,0.13849986
5054104783579,-0.5011632,-0.028966904,0.088988215,-0.5011632,-0.028966904,0.088988215
5054112657114,-0.52074933,0.007881165,0.03766954,-0.52074933,0.007881165,0.03766954
5054120561167,-0.47609627,-0.046283722,0.08262932,-0.47609627,-0.046283722,0.08262932
5054128465220,-0.40586138,-0.10289478,0.12070188,-0.40586138,-0.10289478,0.12070188
5054136369272,-0.279431,-0.1428566,0.035165846,-0.279431,-0.1428566,0.035165846
5054144242808,-0.17357641,-0.113515854,0.010363013,-0.17357641,-0.113515854,0.010363013
5054152146860,0.102675974,-0.057997704,-0.05447963,0.102675974,-0.057997704,-0.05447963
5054160050913,0.31039518,-0.06247902,-0.104014516,0.31039518,-0.06247902,-0.104014516
5054167924448,0.42191023,-0.08854008,-0.10076633,0.42191023,-0.08854008,-0.10076633
5054175859018,0.43317574,-0.061927795,-0.056335777,0.43317574,-0.061927795,-0.056335777
5054183763071,0.20141602,-0.061579704,-0.02124855,0.20141602,-0.061579704,-0.02124855
5054191636606,-0.10599196,-0.04201317,0.0043831766,-0.10599196,-0.04201317,0.0043831766
5054199540659,-0.40309566,0.03504753,0.0903025,-0.40309566,0.03504753,0.0903025
5054207414194,-0.58437574,-0.026706696,0.085635245,-0.58437574,-0.026706696,0.085635245
5054215287729,-0.6543585,-0.1147213,0.06680679,-0.6543585,-0.1147213,0.06680679
5054223191782,-0.49644613,-0.032722473,0.10570258,-0.49644613,-0.032722473,0.10570258
5054231095835,-0.37175244,-0.01055336,0.17097351,-0.37175244,-0.01055336,0.17097351
5054238999888,-0.21639526,-0.03389263,0.27917233,-0.21639526,-0.03389263,0.27917233
5054246873423,-0.12874562,-0.095599174,0.25120765,-0.12874562,-0.095599174,0.25120765
5054254777475,-0.23731709,-0.13574982,0.23767057,-0.23731709,-0.13574982,0.23767057
5054262681528,-0.2817167,-0.11129856,0.24589756,-0.2817167,-0.11129856,0.24589756
5054270585581,-0.31225955,-0.065351486,0.15392959,-0.31225955,-0.065351486,0.15392959
5054278489634,-0.42874128,-0.024178505,0.11957434,-0.42874128,-0.024178505,0.11957434
5054286363169,-0.4255092,0.012205124,0.0805563,-0.4255092,0.012205124,0.0805563
5054294236704,-0.31019354,0.038951874,0.02532643,-0.31019354,0.038951874,0.02532643
5054302140757,-0.23107493,-0.01574707,0.0017077029,-0.23107493,-0.01574707,0.0017077029
5054310044809,-0.21728575,-0.07052517,-0.06447482,-0.21728575,-0.07052517,-0.06447482
5054317918345,-0.2685455,-0.09902573,-0.11803877,-0.2685455,-0.09902573,-0.11803877
5054325791880,-0.22969252,-0.09889412,-0.1734069,-0.22969252,-0.09889412,-0.1734069
5054333695933,-0.1843363,-0.11559582,-0.15887365,-0.1843363,-0.11559582,-0.15887365
5054341569468,-0.089289784,-0.09644699,-0.16555062,-0.089289784,-0.09644699,-0.16555062
5054349473520,0.021742165,-0.04146099,-0.10730681,0.021742165,-0.04146099,-0.10730681
5054357347056,0.06775075,-0.02242279,-0.13749796,0.06775075,-0.02242279,-0.13749796
5054365251108,0.056200325,-0.012980461,-0.16985872,0.056200325,-0.012980461,-0.16985872
5054373124643,0.10672349,0.0012245178,-0.14204541,0.10672349,0.0012245178,-0.14204541
5054380967661,0.05438888,0.0010662079,-0.24338542,0.05438888,0.0010662079,-0.24338542
5054388871714,-0.05500877,0.008117676,-0.29426366,-0.05500877,0.008117676,-0.29426366
5054396806284,-0.13317281,-0.011162758,-0.34264806,-0.13317281,-0.011162758,-0.34264806
5054404710337,-0.07957649,-0.02802372,-0.25731456,-0.07957649,-0.02802372,-0.25731456
5054412583872,-0.0021873116,-0.07362461,-0.24146426,-0.0021873116,-0.07362461,-0.24146426
5054420487925,0.08246404,-0.052178383,-0.22084597,0.08246404,-0.052178383,-0.22084597
5054428391977,0.1310898,3.862381E-4,-0.20505714,0.1310898,3.862381E-4,-0.20505714
5054436265513,0.15354192,-0.018836975,-0.13472018,0.15354192,-0.018836975,-0.13472018
5054444139048,0.1425491,-0.009309769,-0.19157268,0.1425491,-0.009309769,-0.19157268
5054452043100,0.11517334,-0.040441513,-0.17686683,0.11517334,-0.040441513,-0.17686683
5054459947153,0.1550234,-0.04760933,-0.18624534,0.1550234,-0.04760933,-0.18624534
5054467851206,0.08521038,-0.097828865,-0.18614976,0.08521038,-0.097828865,-0.18614976
5054475755259,-0.19219959,-0.04263401,-0.23657851,-0.19219959,-0.04263401,-0.23657851
5054483659311,-0.3016221,-0.0017614365,-0.21545404,-0.3016221,-0.0017614365,-0.21545404
5054491532847,-0.32950902,0.012779236,-0.18210678,-0.32950902,0.012779236,-0.18210678
5054499436899,-0.32111466,-0.003777504,-0.19657837,-0.32111466,-0.003777504,-0.19657837
5054507310434,-0.26442575,0.034772873,-0.13216594,-0.26442575,0.034772873,-0.13216594
5054515245005,-0.2316072,0.04221344,-0.115706265,-0.2316072,0.04221344,-0.115706265
5054523118540,-0.17761457,0.06638718,-0.09222469,-0.17761457,0.06638718,-0.09222469
5054531022593,-0.097818255,-0.0052452087,-0.099999845,-0.097818255,-0.0052452087,-0.099999845
5054538926645,-0.046800613,-0.028985977,-0.09597558,-0.046800613,-0.028985977,-0.09597558
5054546830698,-0.014973998,-0.01920414,-0.10892317,-0.014973998,-0.01920414,-0.10892317
5054554704233,-0.052462578,-0.007001877,-0.07673839,-0.052462578,-0.007001877,-0.07673839
5054562608286,-0.061290383,-0.016345024,-0.04236719,-0.061290383,-0.016345024,-0.04236719
5054570512339,-0.07269317,-0.054416656,0.003643483,-0.07269317,-0.054416656,0.003643483
5054578416392,-0.09594226,-0.116425514,0.0018729568,-0.09594226,-0.116425514,0.0018729568
5054586320444,-0.090486586,-0.10421562,-0.04536563,-0.090486586,-0.10421562,-0.04536563
5054594193979,-0.0037970543,-0.012997627,-0.03547728,-0.0037970543,-0.012997627,-0.03547728
5054602098032,0.089835465,0.018357277,0.014815003,0.089835465,0.018357277,0.014815003
5054609971567,0.11652297,-0.026892662,0.06271088,0.11652297,-0.026892662,0.06271088
5054617814585,0.023491323,-0.10805702,0.045983166,0.023491323,-0.10805702,0.045983166
5054625718638,-0.0910393,-0.10782051,0.053379565,-0.0910393,-0.10782051,0.053379565
5054633653208,-0.12415272,-0.07885456,0.036905855,-0.12415272,-0.07885456,0.036905855
5054641526743,-0.2883379,-0.18870544,-0.003319949,-0.2883379,-0.18870544,-0.003319949
5054649430796,-0.26559794,0.094109535,-0.03153786,-0.26559794,0.094109535,-0.03153786
5054657334849,-0.20242989,0.003408432,-0.033512115,-0.20242989,0.003408432,-0.033512115
5054665238901,-0.14424562,0.037184715,-0.016186446,-0.14424562,0.037184715,-0.016186446
5054673173472,-0.18157244,-8.4495544E-4,0.015581012,-0.18157244,-8.4495544E-4,0.015581012
5054681077524,-0.13264114,-0.046053886,-0.014804333,-0.13264114,-0.046053886,-0.014804333
