5098680043700,-7.063709E-5,-0.026148796,0.0020950437,-7.063709E-5,-0.026148796,0.0020950437
5098687947753,-5.267933E-5,-0.006713867,3.989339E-4,-5.267933E-5,-0.006713867,3.989339E-4
5098695851806,-3.7170015E-5,-0.010359764,7.5632334E-4,-3.7170015E-5,-0.010359764,7.5632334E-4
5098703725341,-1.01897866E-4,-0.010172844,6.9129467E-4,-1.01897866E-4,-0.010172844,6.9129467E-4
5098711659911,-8.8997185E-6,-0.0014572144,1.218915E-4,-8.8997185E-6,-0.0014572144,1.218915E-4
5098719533446,4.423596E-5,-0.005584717,3.5196543E-4,4.423596E-5,-0.005584717,3.5196543E-4
5098727437499,9.10759E-5,-0.026124,0.0017696023,9.10759E-5,-0.026124,0.0017696023
5098735341552,2.6921928E-4,-0.06279087,0.0044151545,2.6921928E-4,-0.06279087,0.0044151545
5098743215087,1.2938958E-4,-0.044046402,0.003027618,1.2938958E-4,-0.044046402,0.003027618
5098751119140,5.5033714E-5,0.001791954,-1.6069412E-4,5.5033714E-5,0.001791954,-1.6069412E-4
5098759023193,-2.4847686E-5,-0.00411129,3.2871962E-4,-2.4847686E-5,-0.00411129,3.2871962E-4
5098766927245,-8.4679574E-5,-0.06131363,0.0047997236,-8.4679574E-5,-0.06131363,0.0047997236
5098774800780,-1.607053E-4,-0.03999138,0.003304422,-1.607053E-4,-0.03999138,0.003304422
5098782704833,-1.119636E-4,-0.031638145,0.002356708,-1.119636E-4,-0.031638145,0.002356708
5098790578368,-1.04390085E-4,-0.018092155,0.0016131401,-1.04390085E-4,-0.018092155,0.0016131401
5098798451904,-2.1331757E-4,-0.018980026,0.0017776489,-2.1331757E-4,-0.018980026,0.0017776489
5098806355956,-4.390031E-4,-0.03606224,0.0032518506,-4.390031E-4,-0.03606224,0.0032518506
5098814229491,-2.9157847E-4,-0.025240898,0.00214535,-2.9157847E-4,-0.025240898,0.00214535
5098822133544,1.5352666E-4,0.006857872,-6.3961744E-4,1.5352666E-4,0.006857872,-6.3961744E-4
5098830068114,-4.2884145E-5,0.023590088,-0.0018398762,-4.2884145E-5,0.023590088,-0.0018398762
5098837941650,-3.7635118E-4,0.06146717,-0.0042101145,-3.7635118E-4,0.06146717,-0.0042101145
5098845845702,-5.017817E-4,0.080168724,-0.005614698,-5.017817E-4,0.080168724,-0.005614698
5098853749755,3.169328E-4,0.046507835,-0.0036079884,3.169328E-4,0.046507835,-0.0036079884
5098861684325,-0.002433136,-0.15484238,0.013657987,-0.002433136,-0.15484238,0.013657987
5098869588378,-1.0638498E-4,-0.049739838,0.0039803386,-1.0638498E-4,-0.049739838,0.0039803386
5098877461913,4.889071E-5,0.0033388138,-2.7120113E-4,4.889071E-5,0.0033388138,-2.7120113E-4
5098885335448,-1.6035885E-4,-0.014499664,0.0011584759,-1.6035885E-4,-0.014499664,0.0011584759
5098893208984,-1.3476238E-4,-0.019355774,0.0015904307,-1.3476238E-4,-0.019355774,0.0015904307
5098901082519,-1.7333776E-5,0.013160706,-0.00125283,-1.7333776E-5,0.013160706,-0.00125283
5098908956054,-7.7188015E-6,-0.011433601,7.9500675E-4,-7.7188015E-6,-0.011433601,7.9500675E-4
5098916829589,-6.0386956E-6,-0.0014295578,1.1610985E-4,-6.0386956E-6,-0.0014295578,1.1610985E-4
5098924764159,-6.758049E-5,-0.016709328,0.0014263988,-6.758049E-5,-0.016709328,0.0014263988
5098932637695,6.0908496E-6,0.008605003,-7.109642E-4,6.0908496E-6,0.008605003,-7.109642E-4
5098940541747,1.7482787E-4,0.018671036,-0.0015785098,1.7482787E-4,0.018671036,-0.0015785098
5098948445800,1.2066215E-4,0.0056991577,-3.8391352E-4,1.2066215E-4,0.0056991577,-3.8391352E-4
5098956349853,-2.424866E-4,-0.027947426,0.002200961,-2.424866E-4,-0.027947426,0.002200961
5098964253905,4.8277527E-4,0.066516876,-0.004964471,4.8277527E-4,0.066516876,-0.004964471
5098972157958,0.0012829751,0.13281631,-0.00943023,0.0012829751,0.13281631,-0.00943023
5098980062011,-7.1568415E-5,-0.039880753,0.002366066,-7.1568415E-5,-0.039880753,0.002366066
5098987935546,-4.328887E-5,-0.15202045,0.00920409,-4.328887E-5,-0.15202045,0.00920409
5098995809081,3.7370995E-4,-0.092181206,0.0055752993,3.7370995E-4,-0.092181206,0.0055752993
5099003713134,0.0014942884,-0.10662937,0.0066986084,0.0014942884,-0.10662937,0.0066986084
5099011617187,0.002794981,-0.14812279,0.009486377,0.002794981,-0.14812279,0.009486377
5099019551757,7.755682E-4,-0.07684612,0.0050114393,7.755682E-4,-0.07684612,0.0050114393
5099027425292,-2.6212074E-5,-0.02466011,0.0017046928,-2.6212074E-5,-0.02466011,0.0017046928
5099035359862,-1.8743798E-4,-0.033802986,0.0021974444,-1.8743798E-4,-0.033802986,0.0021974444
5099043233398,4.6394765E-4,-0.062241554,0.0036107302,4.6394765E-4,-0.062241554,0.0036107302
5099051167968,8.9611113E-4,-0.10602379,0.0063958764,8.9611113E-4,-0.10602379,0.0063958764
5099059041503,0.0015511066,-0.14395332,0.009389341,0.0015511066,-0.14395332,0.009389341
5099066945556,8.186102E-4,-0.106778145,0.007538438,8.186102E-4,-0.106778145,0.007538438
5099074849609,1.6876683E-4,-0.0549345,0.004257977,1.6876683E-4,-0.0549345,0.004257977
5099082723144,3.9038807E-4,-0.057418823,0.004079044,3.9038807E-4,-0.057418823,0.004079044
5099090596679,2.2180751E-4,-0.039587975,0.0028128028,2.2180751E-4,-0.039587975,0.0028128028
5099098500732,5.517155E-6,-0.013168335,9.6839666E-4,5.517155E-6,-0.013168335,9.6839666E-4
5099106404784,-7.716045E-4,-0.061947823,0.005312383,-7.716045E-4,-0.061947823,0.005312383
5099114339355,-0.006345153,-0.13895607,0.009084344,-0.006345153,-0.13895607,0.009084344
5099122212890,-0.007056594,-0.081562996,0.0059413314,-0.007056594,-0.081562996,0.0059413314
5099130116943,0.006836176,0.07212639,-0.006030321,0.006836176,0.07212639,-0.006030321
5099138020995,0.017056704,0.16584015,-0.01512903,0.017056704,0.16584015,-0.01512903
5099145925048,0.002457559,0.025506973,-0.0025392175,0.002457559,0.025506973,-0.0025392175
5099153829101,-0.007779777,-0.13913822,0.014679909,-0.007779777,-0.13913822,0.014679909
5099161733154,-0.0017798692,-0.07089043,0.008939028,-0.0017798692,-0.07089043,0.008939028
5099169637206,-0.0033408105,-0.11408234,0.014910936,-0.0033408105,-0.11408234,0.014910936
5099177571777,-0.0046473444,-0.15946388,0.021440983,-0.0046473444,-0.15946388,0.021440983
5099185475829,-0.0040971935,-0.12981987,0.016842246,-0.0040971935,-0.12981987,0.016842246
5099193349364,2.0384789E-4,0.0078058243,-0.0011638403,2.0384789E-4,0.0078058243,-0.0011638403
5099201253417,-6.9758296E-4,-0.029017448,0.0035585165,-6.9758296E-4,-0.029017448,0.0035585165
5099209126952,8.948669E-4,-0.10054779,0.013002396,8.948669E-4,-0.10054779,0.013002396
5099217031005,0.009841919,-0.3333006,0.03990364,0.009841919,-0.3333006,0.03990364
5099224965575,0.027164817,-0.42097282,0.043613195,0.027164817,-0.42097282,0.043613195
5099232839111,0.024442315,-0.25013733,0.026280522,0.024442315,-0.25013733,0.026280522
5099240743163,-0.0049960613,0.032097816,-0.0027817488,-0.0049960613,0.032097816,-0.0027817488
5099248647216,-0.014596701,0.08568478,-0.0049788356,-0.014596701,0.08568478,-0.0049788356
5099256520751,-0.012362838,0.08566761,-0.0017200112,-0.012362838,0.08566761,-0.0017200112
5099264424804,-0.015350878,0.21424866,-7.203594E-4,-0.015350878,0.21424866,-7.203594E-4
5099272328857,-3.7296116E-4,0.3887415,-0.0052018464,-3.7296116E-4,0.3887415,-0.0052018464
5099280171874,0.007826492,0.33586597,-0.008000672,0.007826492,0.33586597,-0.008000672
5099288075927,7.1156025E-4,0.030816078,-8.62658E-4,7.1156025E-4,0.030816078,-8.62658E-4
5099295949462,-0.002013728,-0.08008671,0.0032029152,-0.002013728,-0.08008671,0.0032029152
5099303822997,-0.0012156367,-0.05472946,0.0027370453,-0.0012156367,-0.05472946,0.0027370453
5099311696532,0.0034156442,0.07642937,-0.0053080916,0.0034156442,0.07642937,-0.0053080916
5099319631103,0.018968344,0.2100935,-0.02353251,0.018968344,0.2100935,-0.02353251
5099327504638,0.051313877,0.3870163,-0.06254029,0.051313877,0.3870163,-0.06254029
5099335378173,0.06168151,0.41601658,-0.08344495,0.06168151,0.41601658,-0.08344495
5099343282226,0.06966925,0.45380783,-0.10509062,0.06966925,0.45380783,-0.10509062
5099351186279,0.09937644,0.6352596,-0.16369367,0.09937644,0.6352596,-0.16369367
5099359090331,0.11825085,0.73689747,-0.19383979,0.11825085,0.73689747,-0.19383979
5099366994384,0.10391295,0.6571064,-0.17982888,0.10391295,0.6571064,-0.17982888
5099374898437,0.05990541,0.47254848,-0.12635303,0.05990541,0.47254848,-0.12635303
5099382802489,0.027592301,0.29662895,-0.06937766,0.027592301,0.29662895,-0.06937766
5099390706542,0.013209462,0.20025349,-0.040228486,0.013209462,0.20025349,-0.040228486
5099398580077,0.004858494,0.11362362,-0.017518401,0.004858494,0.11362362,-0.017518401
5099406453612,-0.0059372783,-0.11361122,0.013140202,-0.0059372783,-0.11361122,0.013140202
5099414357665,-0.022307038,-0.24319744,0.023215592,-0.022307038,-0.24319744,0.023215592
5099422292236,-0.004463434,-0.035125732,0.0036427975,-0.004463434,-0.035125732,0.0036427975
5099430165771,-0.0034536123,-0.03505993,0.0033940673,-0.0034536123,-0.03505993,0.0033940673
5099438100341,-0.010696232,-0.25295353,0.019988298,-0.010696232,-0.25295353,0.019988298
5099445973876,-0.002708286,-0.082546234,0.00782454,-0.002708286,-0.082546234,0.00782454
5099453877929,-2.3395568E-4,0.028021812,-0.002601862,-2.3395568E-4,0.028021812,-0.002601862
5099461751464,0.0011645555,-0.051315308,0.00489676,0.0011645555,-0.051315308,0.00489676
5099469655517,-2.1368265E-5,0.0010280609,-1.2433529E-4,-2.1368265E-5,0.0010280609,-1.2433529E-4
5099477559570,-0.0015766025,0.023314476,-0.0029674768,-0.0015766025,0.023314476,-0.0029674768
5099485433105,-9.651184E-4,0.0091257095,-0.0011690855,-9.651184E-4,0.0091257095,-0.0011690855
5099493337157,0.02147448,-0.15110588,0.016019702,0.02147448,-0.15110588,0.016019702
5099501241210,0.014894009,-0.1066618,0.007212341,0.014894009,-0.1066618,0.007212341
5099509145263,-0.0029413104,0.031723022,-0.001691103,-0.0029413104,0.031723022,-0.001691103
5099517049316,-0.0034305453,0.108284,-0.0035343468,-0.0034305453,0.108284,-0.0035343468
5099524922851,-2.278164E-4,-0.023349762,5.296618E-4,-2.278164E-4,-0.023349762,5.296618E-4
5099532826904,-0.0027761757,-0.10512352,0.005528569,-0.0027761757,-0.10512352,0.005528569
5099540730956,-0.002825588,-0.10438442,0.008445501,-0.002825588,-0.10438442,0.008445501
5099548665527,-0.004437119,-0.15329266,0.0077962875,-0.004437119,-0.15329266,0.0077962875
5099556569579,-0.011273682,-0.17508411,0.009039581,-0.011273682,-0.17508411,0.009039581
5099564473632,-0.009288073,-0.07641697,0.0030356646,-0.009288073,-0.07641697,0.0030356646
5099572347167,0.007846355,0.048189163,-0.0015067756,0.007846355,0.048189163,-0.0015067756
5099580220702,0.029551387,0.15569878,-0.004102081,0.029551387,0.15569878,-0.004102081
5099588124755,0.02944827,0.18496418,-0.0024732798,0.02944827,0.18496418,-0.0024732798
5099596028808,-0.003169477,-0.0323143,-0.0010066926,-0.003169477,-0.0323143,-0.0010066926
5099603932861,0.0026471615,0.036499023,0.0015118718,0.0026471615,0.036499023,0.0015118718
5099611836913,0.018846571,0.22850037,0.009640098,0.018846571,0.22850037,0.009640098
5099619710448,0.020217419,0.20106506,0.0029862374,0.020217419,0.20106506,0.0029862374
5099627645019,0.0018309951,0.021967888,-6.8590045E-5,0.0018309951,0.021967888,-6.8590045E-5
5099635518554,-0.0064719766,-0.26028728,-8.4639713E-4,-0.0064719766,-0.26028728,-8.4639713E-4
5099643453124,0.018669248,-0.25959873,-8.472875E-4,0.018669248,-0.25959873,-8.472875E-4
5099651326659,0.019079328,-0.1402731,0.0031936467,0.019079328,-0.1402731,0.0031936467
5099659230712,-0.024490476,0.13415909,-0.006408572,-0.024490476,0.13415909,-0.006408572
5099667104247,-0.06423545,0.2756319,-0.011292458,-0.06423545,0.2756319,-0.011292458
5099675008300,-0.12178278,0.39148808,0.011920124,-0.12178278,0.39148808,0.011920124
5099682912353,-0.7858567,0.31360722,1.2348456,-0.7858567,0.31360722,1.2348456
5099690846923,-1.2529275,0.21526241,2.6149473,-1.2529275,0.21526241,2.6149473
5099698720458,-1.5331488,0.2639246,3.7769797,-1.5331488,0.2639246,3.7769797
5099706624511,-1.800796,0.4455042,5.1558986,-1.800796,0.4455042,5.1558986
5099714498046,-1.0695677,0.8685093,5.4053063,-1.0695677,0.8685093,5.4053063
5099722371581,-0.0956254,1.7279024,4.666286,-0.0956254,1.7279024,4.666286
5099730275634,-0.22291899,2.3714285,3.7303045,-0.22291899,2.3714285,3.7303045
5099738149169,-0.53552055,2.5865602,2.877931,-0.53552055,2.5865602,2.877931
5099746053222,-0.40027142,2.8901644,2.0259643,-0.40027142,2.8901644,2.0259643
5099753957275,0.065713644,3.2889051,1.0888467,0.065713644,3.2889051,1.0888467
5099761830810,0.7854396,3.5290976,0.46892053,0.7854396,3.5290976,0.46892053
5099769734862,1.6892248,3.3745918,0.13715288,1.6892248,3.3745918,0.13715288
5099777638915,2.855576,3.0997581,-0.423078,2.855576,3.0997581,-0.423078
5099785573486,3.8660126,3.4598007,-1.2840796,3.8660126,3.4598007,-1.2840796
5099793447021,4.907453,3.955824,-2.0283487,4.907453,3.955824,-2.0283487
5099801381591,4.6945386,3.371871,-2.124735,4.6945386,3.371871,-2.124735
5099809255126,5.1445284,2.353734,-1.937492,5.1445284,2.353734,-1.937492
5099817128661,6.491808,1.9674768,-1.4630733,6.491808,1.9674768,-1.4630733
5099825063232,8.137742,1.7693787,-0.95722926,8.137742,1.7693787,-0.95722926
5099832967284,9.27195,1.4434566,-0.4180375,9.27195,1.4434566,-0.4180375
5099840901855,10.10586,1.3825035,-0.14149308,10.10586,1.3825035,-0.14149308
5099848775390,10.619455,1.6074133,-0.18234622,10.619455,1.6074133,-0.18234622
5099856679443,10.686618,1.9231167,-0.66919804,10.686618,1.9231167,-0.66919804
5099864583495,10.469766,1.703331,-1.7145948,10.469766,1.703331,-1.7145948
5099872487548,9.487251,1.2134209,-1.7677753,9.487251,1.2134209,-1.7677753
5099880391601,7.6347494,1.2125349,-2.8014498,7.6347494,1.2125349,-2.8014498
5099888326171,5.3084173,1.6560993,-3.2604086,5.3084173,1.6560993,-3.2604086
5099896230224,3.5645137,1.827137,-4.0223293,3.5645137,1.827137,-4.0223293
5099904134277,2.8520038,1.4111042,-4.4151473,2.8520038,1.4111042,-4.4151473
5099912007812,2.7857375,1.5029631,-4.4687004,2.7857375,1.5029631,-4.4687004
5099919881347,2.9996314,2.0186539,-2.5920115,2.9996314,2.0186539,-2.5920115
5099927785400,4.2545776,2.8246078,-11.824123,4.2545776,2.8246078,-11.824123
5099935689452,-0.03494537,-2.7774835,-12.632025,-0.03494537,-2.7774835,-12.632025
5099943593505,-2.6190827,1.556447,-5.590701,-2.6190827,1.556447,-5.590701
5099951467040,-3.6436327,5.5785666,-2.4411879,-3.6436327,5.5785666,-2.4411879
5099959371093,0.11320186,3.187583,-3.8627791,0.11320186,3.187583,-3.8627791
5099967214111,6.3465843,2.58321,-6.2528667,6.3465843,2.58321,-6.2528667
5099975118163,6.3814125,5.393199,-5.1889553,6.3814125,5.393199,-5.1889553
5099983052734,-4.129534,3.3719978,-3.9430563,-4.129534,3.3719978,-3.9430563
5099990926269,-7.957962,1.9769287,-3.2037086,-7.957962,1.9769287,-3.2037086
5099998860839,-5.502142,3.242299,-2.483306,-5.502142,3.242299,-2.483306
5100006734374,0.5578928,3.498025,0.27598715,0.5578928,3.498025,0.27598715
5100014638427,5.663202,1.8913574,2.0324378,5.663202,1.8913574,2.0324378
5100022511962,7.406206,1.752245,-4.4434257,7.406206,1.752245,-4.4434257
5100030385497,3.2968192,3.498702,-3.8693118,3.2968192,3.498702,-3.8693118
5100038259032,-0.5807531,3.8943462,-4.1959133,-0.5807531,3.8943462,-4.1959133
5100046132568,-1.0648355,3.1712718,-5.175752,-1.0648355,3.1712718,-5.175752
5100054006103,-1.5749303,2.7173634,-5.5592203,-1.5749303,2.7173634,-5.5592203
5100061879638,-6.4170437,2.443884,-5.408458,-6.4170437,2.443884,-5.408458
5100069783691,-12.756306,1.7012582,-4.7661686,-12.756306,1.7012582,-4.7661686
5100077687743,-17.30129,0.5212002,-4.722297,-17.30129,0.5212002,-4.722297
5100085591796,-16.53951,-0.19897223,-4.526167,-16.53951,-0.19897223,-4.526167
5100093465331,-8.453222,0.6852684,-4.3056164,-8.453222,0.6852684,-4.3056164
5100101338866,-6.1080065,0.60272694,-4.420059,-6.1080065,0.60272694,-4.420059
5100109212402,-4.939176,0.65069675,-4.4378567,-4.939176,0.65069675,-4.4378567
5100117116454,-3.1881735,0.9319358,-4.7360334,-3.1881735,0.9319358,-4.7360334
5100125020507,-2.1081338,1.0182962,-5.5130367,-2.1081338,1.0182962,-5.5130367
5100132894042,-1.8530812,0.8071208,-7.017526,-1.8530812,0.8071208,-7.017526
5100140767577,-2.5812738,0.4235673,-8.483667,-2.5812738,0.4235673,-8.483667
5100148671630,-3.8588507,-0.25062037,-8.309191,-3.8588507,-0.25062037,-8.309191
5100156575683,-4.167678,-0.7556696,-7.4750605,-4.167678,-0.7556696,-7.4750605
5100164449218,-4.1994014,-0.63416815,-6.841777,-4.1994014,-0.63416815,-6.841777
5100172353271,-3.7548664,-0.1466589,-6.0164437,-3.7548664,-0.1466589,-6.0164437
5100180287841,-3.2386017,0.2594757,-5.3712544,-3.2386017,0.2594757,-5.3712544
5100188161376,-2.5047455,0.6207285,-4.6926856,-2.5047455,0.6207285,-4.6926856
5100196065429,-2.121162,0.72122383,-4.4141955,-2.121162,0.72122383,-4.4141955
5100203938964,-2.4973996,0.53184986,-4.099968,-2.4973996,0.53184986,-4.099968
5100211843017,-3.0816324,0.33438015,-4.0361633,-3.0816324,0.33438015,-4.0361633
5100219716552,-3.5797534,0.28707314,-3.7894459,-3.5797534,0.28707314,-3.7894459
5100227590087,-3.8921158,0.23665237,-3.6013932,-3.8921158,0.23665237,-3.6013932
5100235494140,-3.8839703,0.14754009,-3.1927915,-3.8839703,0.14754009,-3.1927915
5100243367675,-3.3165703,0.12754917,-2.7749767,-3.3165703,0.12754917,-2.7749767
5100251241210,-2.815648,0.26361656,-2.3452797,-2.815648,0.26361656,-2.3452797
5100259145263,-2.38427,0.42155266,-1.7436705,-2.38427,0.42155266,-1.7436705
5100267049316,-1.8310412,0.40213585,-1.113236,-1.8310412,0.40213585,-1.113236
5100274953368,-1.1839522,0.24607658,-0.6650655,-1.1839522,0.24607658,-0.6650655
5100282826904,-0.6630069,0.062992096,-0.070086956,-0.6630069,0.062992096,-0.070086956
5100290761474,-0.21129823,-0.22876263,0.31804156,-0.21129823,-0.22876263,0.31804156
5100298665527,-0.047879815,-0.37135506,0.40324783,-0.047879815,-0.37135506,0.40324783
5100306539062,-0.19272888,-0.29524326,0.60447264,-0.19272888,-0.29524326,0.60447264
5100314412597,-0.43415165,-0.19500351,0.63853264,-0.43415165,-0.19500351,0.63853264
5100322316650,-0.82895523,0.0742197,0.51886415,-0.82895523,0.0742197,0.51886415
5100330220702,-1.323833,0.30362606,0.3096869,-1.323833,0.30362606,0.3096869
5100338124755,-1.7247477,0.29214382,0.14312196,-1.7247477,0.29214382,0.14312196
5100346028808,-2.0024915,0.2335434,-0.0873878,-2.0024915,0.2335434,-0.0873878
5100353932861,-2.1883078,0.16647625,-0.329679,-2.1883078,0.16647625,-0.329679
5100361806396,-2.2694523,0.11058521,-0.44086885,-2.2694523,0.11058521,-0.44086885
5100369710448,-1.8861763,0.08513546,-0.49709535,-1.8861763,0.08513546,-0.49709535
5100377614501,-1.2296855,0.04304886,-0.9268048,-1.2296855,0.04304886,-0.9268048
5100385488036,-0.55346715,0.006213188,-1.2432048,-0.55346715,0.006213188,-1.2432048
5100393422607,0.09064937,-0.07996082,-1.5623174,0.09064937,-0.07996082,-1.5623174
5100401296142,0.39690787,-0.28774452,-1.8434114,0.39690787,-0.28774452,-1.8434114
5100409200195,0.4959268,-0.39636326,-1.8292472,0.4959268,-0.39636326,-1.8292472
5100417104247,0.5510959,-0.34265232,-1.981884,0.5510959,-0.34265232,-1.981884
5100425008300,0.62990534,-0.28180504,-2.0229464,0.62990534,-0.28180504,-2.0229464
5100432881835,0.8094524,-0.39268494,-2.0218973,0.8094524,-0.39268494,-2.0218973
5100440755370,1.0311031,-0.45210934,-2.3055708,1.0311031,-0.45210934,-2.3055708
5100448628905,0.9154646,-0.2585764,-2.454868,0.9154646,-0.2585764,-2.454868
5100456502441,0.51479,-0.010424614,-2.5794091,0.51479,-0.010424614,-2.5794091
5100464406493,0.08594352,0.012321472,-2.643136,0.08594352,0.012321472,-2.643136
5100472310546,-0.26838893,-0.1209507,-2.5839381,-0.26838893,-0.1209507,-2.5839381
5100480245116,-0.33779496,-0.17803764,-2.3247254,-0.33779496,-0.17803764,-2.3247254
5100488149169,-0.14692825,-0.24791813,-2.0345984,-0.14692825,-0.24791813,-2.0345984
5100496022704,0.056923807,-0.47005558,-1.749621,0.056923807,-0.47005558,-1.749621
5100503896239,0.5484649,-0.6747265,-1.858055,0.5484649,-0.6747265,-1.858055
5100511769775,1.1633371,-0.5487852,-1.9633639,1.1633371,-0.5487852,-1.9633639
5100519704345,1.5655415,-0.2771635,-1.9062455,1.5655415,-0.2771635,-1.9062455
5100527577880,1.6833647,-0.06417751,-1.6112821,1.6833647,-0.06417751,-1.6112821
5100535451415,1.536334,-1.2874603E-4,-1.3509402,1.536334,-1.2874603E-4,-1.3509402
5100543324950,1.3864956,0.008134842,-0.98392105,1.3864956,0.008134842,-0.98392105
5100551198486,1.2912437,-0.009031296,-0.92244625,1.2912437,-0.009031296,-0.92244625
5100559102538,1.1680503,0.13202477,-0.7336116,1.1680503,0.13202477,-0.7336116
5100567037109,1.1987762,0.35934353,-0.51415014,1.1987762,0.35934353,-0.51415014
5100574971679,1.5145392,0.7102585,-0.39211583,1.5145392,0.7102585,-0.39211583
5100582845214,1.904591,0.96851635,-0.21965218,1.904591,0.96851635,-0.21965218
5100590718749,2.1497633,1.2385283,0.22988868,2.1497633,1.2385283,0.22988868
5100598622802,2.3641465,1.5848637,0.35201597,2.3641465,1.5848637,0.35201597
5100606526855,2.4347668,1.79597,0.4953661,2.4347668,1.79597,0.4953661
5100614400390,2.6468859,1.8117514,0.5860784,2.6468859,1.8117514,0.5860784
5100622273925,2.9912605,1.8550215,0.65878725,2.9912605,1.8550215,0.65878725
5100630239013,3.2329617,1.8725395,1.0840249,3.2329617,1.8725395,1.0840249
5100638112548,3.586301,1.8705797,1.5952482,3.586301,1.8705797,1.5952482
5100646016601,4.0069556,2.023469,1.9293411,4.0069556,2.023469,1.9293411
5100653920654,4.2326064,2.0555515,2.2443476,4.2326064,2.0555515,2.2443476
5100661794189,4.4591813,2.13245,2.23987,4.4591813,2.13245,2.23987
5100669667724,4.434722,2.23981,2.3730798,4.434722,2.23981,2.3730798
5100677571777,4.0307336,2.277197,2.7490149,4.0307336,2.277197,2.7490149
5100685475829,3.6941109,2.348278,2.4997592,3.6941109,2.348278,2.4997592
5100693410400,3.5501842,2.4219913,2.1374798,3.5501842,2.4219913,2.1374798
5100701283935,3.4174001,2.2874403,2.3413842,3.4174001,2.2874403,2.3413842
5100709187987,3.2341342,2.0790215,2.6926827,3.2341342,2.0790215,2.6926827
5100717092040,3.1191046,1.9563637,2.782926,3.1191046,1.9563637,2.782926
5100724996093,3.0778596,1.8735571,2.8907473,3.0778596,1.8735571,2.8907473
5100732930663,2.868159,1.7427454,2.9413054,2.868159,1.7427454,2.9413054
5100740804198,2.9058204,1.6005077,2.6509933,2.9058204,1.6005077,2.6509933
5100748677734,2.8946548,1.5408115,2.5570135,2.8946548,1.5408115,2.5570135
5100756551269,2.8029485,1.3697042,2.9578311,2.8029485,1.3697042,2.9578311
5100764424804,2.7411993,1.2909975,3.3173742,2.7411993,1.2909975,3.3173742
5100772328857,2.5528104,1.3483686,3.6345878,2.5528104,1.3483686,3.6345878
5100780232909,2.6015215,1.2517061,3.9133782,2.6015215,1.2517061,3.9133782
5100788136962,3.1368253,1.2627783,3.6785254,3.1368253,1.2627783,3.6785254
5100796010497,3.3733118,1.3601532,3.682044,3.3733118,1.3601532,3.682044
5100803945068,3.167788,1.1665201,3.291454,3.167788,1.1665201,3.291454
5100811849120,3.0528662,1.0509548,3.0145934,3.0528662,1.0509548,3.0145934
5100819753173,2.5614033,0.9014931,2.8402567,2.5614033,0.9014931,2.8402567
5100827626708,1.7792957,0.57498074,2.7931774,1.7792957,0.57498074,2.7931774
5100835530761,1.0885298,0.25858974,2.5517938,1.0885298,0.25858974,2.5517938
5100843434814,0.74186057,0.057723045,2.1172738,0.74186057,0.057723045,2.1172738
5100851338866,0.6051593,0.0032577515,1.6744237,0.6051593,0.0032577515,1.6744237
5100859212402,0.44889766,-0.056167603,1.4499707,0.44889766,-0.056167603,1.4499707
5100867085937,0.4211147,-0.068240166,1.3361759,0.4211147,-0.068240166,1.3361759
5100874989989,0.4108429,-0.08839989,1.3011558,0.4108429,-0.08839989,1.3011558
5100882894042,0.3557545,-0.11457825,1.2649527,0.3557545,-0.11457825,1.2649527
5100890828612,0.36247373,-0.022425652,1.3019063,0.36247373,-0.022425652,1.3019063
5100898702148,0.3392489,0.063194275,1.3534498,0.3392489,0.063194275,1.3534498
5100906606200,0.22695273,0.10161972,1.0917189,0.22695273,0.10161972,1.0917189
5100914510253,8.2963705E-4,0.18419456,0.7900711,8.2963705E-4,0.18419456,0.7900711
5100922414306,-0.4798144,0.29175663,0.55774844,-0.4798144,0.29175663,0.55774844
5100930287841,-1.2738221,0.35472012,0.48127604,-1.2738221,0.35472012,0.48127604
5100938191894,-2.3406081,0.31295204,0.61086273,-2.3406081,0.31295204,0.61086273
5100946095946,-3.0660393,0.087182045,0.820643,-3.0660393,0.087182045,0.820643
5100953969482,-3.2078385,-0.2724142,1.2958353,-3.2078385,-0.2724142,1.2958353
5100961873534,-2.5367355,-0.4596119,1.6686918,-2.5367355,-0.4596119,1.6686918
5100969808105,-1.5653102,-0.32816315,1.6534315,-1.5653102,-0.32816315,1.6534315
5100977681640,-0.99973625,-0.107663155,1.4507641,-0.99973625,-0.107663155,1.4507641
5100985585693,-0.80779886,0.008142471,1.1720076,-0.80779886,0.008142471,1.1720076
5100993459228,-0.65964514,0.17711735,1.0852103,-0.65964514,0.17711735,1.0852103
5101001363280,-0.4597016,0.46361065,0.95438045,-0.4597016,0.46361065,0.95438045
5101009236816,-0.076441705,0.84825134,0.92444044,-0.076441705,0.84825134,0.92444044
5101017110351,0.09260011,1.1228495,0.82233274,0.09260011,1.1228495,0.82233274
5101024983886,-0.1292578,1.294797,0.7650785,-0.1292578,1.294797,0.7650785
5101032857421,-0.6640821,1.3426914,0.6883308,-0.6640821,1.3426914,0.6883308
5101040730956,-1.2150973,1.2736692,0.67337435,-1.2150973,1.2736692,0.67337435
5101048604491,-1.3242624,1.0972738,0.44113082,-1.3242624,1.0972738,0.44113082
5101056508544,-1.2652476,0.8852129,0.20918334,-1.2652476,0.8852129,0.20918334
5101064412597,-1.1168629,0.587163,0.010621905,-1.1168629,0.587163,0.010621905
5101072316650,-0.9843182,0.27731133,-0.26982486,-0.9843182,0.27731133,-0.26982486
5101080220702,-0.91936314,-0.073005676,-0.45260262,-0.91936314,-0.073005676,-0.45260262
5101088094237,-0.80027574,-0.4375248,-0.3991568,-0.80027574,-0.4375248,-0.3991568
5101095967773,-0.57440394,-0.6629572,-0.4656651,-0.57440394,-0.6629572,-0.4656651
5101103841308,-0.44510293,-0.5936861,-0.578074,-0.44510293,-0.5936861,-0.578074
5101111745361,-0.3286872,-0.4021759,-0.5694239,-0.3286872,-0.4021759,-0.5694239
5101119679931,0.06144041,-0.26095486,-0.48126042,0.06144041,-0.26095486,-0.48126042
5101127583984,0.49314964,-0.12696266,-0.38347077,0.49314964,-0.12696266,-0.38347077
5101135427001,0.77991223,0.08596897,-0.32441628,0.77991223,0.08596897,-0.32441628
5101143300536,0.9413247,0.2701168,-0.28032005,0.9413247,0.2701168,-0.28032005
5101151174071,1.0043583,0.39437962,-0.61775804,1.0043583,0.39437962,-0.61775804
5101159078124,0.8327434,0.30788708,-0.9109888,0.8327434,0.30788708,-0.9109888
5101166982177,0.5775738,-0.08261299,-1.0226179,0.5775738,-0.08261299,-1.0226179
5101174886230,0.232362,-0.4131527,-1.0004153,0.232362,-0.4131527,-1.0004153
5101182790282,-0.19458938,-0.36279202,-0.88680506,-0.19458938,-0.36279202,-0.88680506
5101190694335,-0.2753543,0.025374413,-0.77711785,-0.2753543,0.025374413,-0.77711785
5101198598388,-0.13507143,0.39684868,-0.64852947,-0.13507143,0.39684868,-0.64852947
5101206471923,0.1746243,0.5551739,-0.49929488,0.1746243,0.5551739,-0.49929488
5101214345458,1.1114467,0.47875595,-0.50149876,1.1114467,0.47875595,-0.50149876
5101222280029,1.4974847,0.24671173,-0.51157945,1.4974847,0.24671173,-0.51157945
5101230153564,1.353296,0.12491417,-0.61749303,1.353296,0.12491417,-0.61749303
5101238027099,1.1287602,0.10375595,-0.66619986,1.1287602,0.10375595,-0.66619986
5101245931152,0.83879584,0.06112957,-0.56443006,0.83879584,0.06112957,-0.56443006
5101253835204,0.51472867,0.04729271,-0.4656372,0.51472867,0.04729271,-0.4656372
5101261739257,0.30501688,0.059853554,-0.33383465,0.30501688,0.059853554,-0.33383465
5101269643310,0.45482686,0.101177216,-0.32917643,0.45482686,0.101177216,-0.32917643
5101277547362,0.74326897,0.1329298,-0.30816483,0.74326897,0.1329298,-0.30816483
5101285451415,0.8646911,0.08335686,-0.2606331,0.8646911,0.08335686,-0.2606331
5101293324950,0.7885797,0.04343891,-0.32557636,0.7885797,0.04343891,-0.32557636
5101301229003,0.54138905,0.010762215,-0.33801264,0.54138905,0.010762215,-0.33801264
5101309102538,0.26488903,-0.0625515,-0.19978094,0.26488903,-0.0625515,-0.19978094
5101317006591,0.044482782,-0.09510708,-0.15969396,0.044482782,-0.09510708,-0.15969396
5101324910644,-0.17507073,-0.13959217,0.04072535,-0.17507073,-0.13959217,0.04072535
5101332814696,-0.17635618,-0.14330769,0.25107926,-0.17635618,-0.14330769,0.25107926
5101340688232,-0.19161768,-0.14935398,0.35645106,-0.19161768,-0.14935398,0.35645106
5101348592284,-0.13040692,-0.071513176,0.30462825,-0.13040692,-0.071513176,0.30462825
5101356526855,0.0641526,0.015975952,0.21771532,0.0641526,0.015975952,0.21771532
5101364461425,0.11989932,-0.0975523,0.19638687,0.11989932,-0.0975523,0.19638687
5101372334960,0.046457946,-0.16548443,0.1307112,0.046457946,-0.16548443,0.1307112
5101380239013,-0.052935183,-0.053753853,0.0253945,-0.052935183,-0.053753853,0.0253945
5101388143066,-0.19280183,-0.0018043518,0.030975938,-0.19280183,-0.0018043518,0.030975938
5101396047118,-0.17260462,-0.033581734,0.10925394,-0.17260462,-0.033581734,0.10925394
5101403951171,-0.09033516,-0.048529625,0.07583445,-0.09033516,-0.048529625,0.07583445
5101411855224,-0.017955564,-0.020339012,0.06926507,-0.017955564,-0.020339012,0.06926507
5101419728759,0.29349998,-0.028020859,-0.049381375,0.29349998,-0.028020859,-0.049381375
5101427602294,0.5904124,0.06726551,-0.18948734,0.5904124,0.06726551,-0.18948734
5101435506347,0.7583445,0.11709976,-0.36275738,0.7583445,0.11709976,-0.36275738
5101443410400,0.7616398,0.061614037,-0.5669937,0.7616398,0.061614037,-0.5669937
5101451283935,0.6194126,-0.034564972,-0.72822636,0.6194126,-0.034564972,-0.72822636
5101459218505,0.33002624,-0.1402998,-0.6810965,0.33002624,-0.1402998,-0.6810965
5101467092040,0.07531156,-0.121518135,-0.6003682,0.07531156,-0.121518135,-0.6003682
5101474965575,-0.004034955,-0.0380764,-0.4524547,-0.004034955,-0.0380764,-0.4524547
5101482869628,0.16075426,0.047768593,-0.28534234,0.16075426,0.047768593,-0.28534234
5101490743163,0.3133714,0.0785532,-0.24270535,0.3133714,0.0785532,-0.24270535
5101498647216,0.33936703,-0.036714554,-0.015895426,0.33936703,-0.036714554,-0.015895426
5101506520751,0.6216854,-0.051412582,-0.037987173,0.6216854,-0.051412582,-0.037987173
5101514424804,0.3063901,-0.034945488,-0.10023534,0.3063901,-0.034945488,-0.10023534
5101522298339,-0.005185074,-0.09747219,-0.018618226,-0.005185074,-0.09747219,-0.018618226
5101530171874,-0.001735957,-0.21964741,0.05925554,-0.001735957,-0.21964741,0.05925554
5101538075927,-0.13817266,-0.20059681,0.28493726,-0.13817266,-0.20059681,0.28493726
5101545979980,-0.008607377,-0.05465889,0.31181166,-0.008607377,-0.05465889,0.31181166
5101553884032,0.15155096,0.02188301,0.3056921,0.15155096,0.02188301,0.3056921
5101561788085,0.31822985,0.0050735474,0.2807485,0.31822985,0.0050735474,0.2807485
5101569631103,0.48898754,2.784729E-4,0.08646572,0.48898754,2.784729E-4,0.08646572
5101577565673,0.6517385,0.105667114,-0.11907625,0.6517385,0.105667114,-0.11907625
5101585439208,0.7178786,0.18479538,-0.42639953,0.7178786,0.18479538,-0.42639953
5101593343261,0.6494062,0.03899002,-0.70797694,0.6494062,0.03899002,-0.70797694
5101601216796,0.4922123,-0.09947872,-0.9343764,0.4922123,-0.09947872,-0.9343764
5101609090331,0.37140945,-0.13245678,-0.93111455,0.37140945,-0.13245678,-0.93111455
5101617024902,0.47547677,0.04539013,-0.8804412,0.47547677,0.04539013,-0.8804412
5101624898437,0.65505934,0.17547894,-0.80419844,0.65505934,0.17547894,-0.80419844
5101632802489,0.8756872,0.18836689,-0.75320774,0.8756872,0.18836689,-0.75320774
5101640676025,0.8670306,0.1534481,-0.6563157,0.8670306,0.1534481,-0.6563157
5101648580077,0.7315431,0.10896397,-0.6076488,0.7315431,0.10896397,-0.6076488
5101656453612,0.5306859,0.1003294,-0.53856945,0.5306859,0.1003294,-0.53856945
5101664388183,0.3301327,0.031755447,-0.5614759,0.3301327,0.031755447,-0.5614759
5101672292236,0.09933329,-0.060894966,-0.5379944,0.09933329,-0.060894966,-0.5379944
5101680196288,-0.37088233,-0.11309242,-0.38542426,-0.37088233,-0.11309242,-0.38542426
5101688069823,-0.07627864,-0.09602356,-0.27811295,-0.07627864,-0.09602356,-0.27811295
5101696034911,0.07072678,0.0023107529,-0.18212324,0.07072678,0.0023107529,-0.18212324
5101703908446,-0.11484635,0.02620697,-0.031168878,-0.11484635,0.02620697,-0.031168878
5101711781982,-0.31942266,-0.072169304,0.055664062,-0.31942266,-0.072169304,0.055664062
5101719716552,-0.49083048,-0.11559582,0.11486316,-0.49083048,-0.11559582,0.11486316
5101727590087,-0.5125218,-0.1183939,0.17076021,-0.5125218,-0.1183939,0.17076021
5101735494140,-0.4573782,-0.07570648,0.2073257,-0.4573782,-0.07570648,0.2073257
5101743367675,-0.36133206,0.012475967,0.18876266,-0.36133206,0.012475967,0.18876266
5101751302245,-0.30134377,0.10308933,0.22082129,-0.30134377,0.10308933,0.22082129
5101759206298,-0.05764701,0.13626671,0.18115926,-0.05764701,0.13626671,0.18115926
5101767110351,0.16850013,0.12877083,0.033920586,0.16850013,0.12877083,0.033920586
5101774983886,0.1337676,0.05663681,-7.613301E-4,0.1337676,0.05663681,-7.613301E-4
5101782857421,0.122976035,-0.04660797,0.0076802373,0.122976035,-0.04660797,0.0076802373
5101790730956,0.22216794,-0.049279213,-0.031636775,0.22216794,-0.049279213,-0.031636775
5101798604491,0.093967885,-0.02079773,-0.12811476,0.093967885,-0.02079773,-0.12811476
5101806478027,-0.18440774,-0.07612038,-0.13141268,-0.18440774,-0.07612038,-0.13141268
5101814351562,-0.4619651,-0.19847393,-0.06286508,-0.4619651,-0.19847393,-0.06286508
5101822225097,-0.48784474,-0.2393837,-0.024995387,-0.48784474,-0.2393837,-0.024995387
5101830129150,-0.43214348,-0.16773129,0.022777438,-0.43214348,-0.16773129,0.022777438
5101838002685,-0.28806138,-0.07450676,0.05641389,-0.28806138,-0.07450676,0.05641389
5101845937255,-0.17776948,-0.01957035,0.09256643,-0.17776948,-0.01957035,0.09256643
5101853841308,-0.2901799,-0.04602623,0.040170133,-0.2901799,-0.04602623,0.040170133
5101861775878,-0.09728557,-0.017396927,0.03102088,-0.09728557,-0.017396927,0.03102088
5101869649413,-0.115045376,-0.06536293,-0.0042635202,-0.115045376,-0.06536293,-0.0042635202
5101877522948,-0.1782653,-0.13246727,-0.06578952,-0.1782653,-0.13246727,-0.06578952
5101885396484,-0.107819006,-0.09418774,-0.18424761,-0.107819006,-0.09418774,-0.18424761
5101893270019,-0.0068279505,-0.027162552,-0.1875903,-0.0068279505,-0.027162552,-0.1875903
5101901174071,-0.00631357,-0.051115036,-0.1646837,-0.00631357,-0.051115036,-0.1646837
5101909047607,-0.01791165,-0.043938637,-0.17531717,-0.01791165,-0.043938637,-0.17531717
5101916951659,0.0322092,0.042243004,-0.16445595,0.0322092,0.042243004,-0.16445595
5101924855712,0.005545065,0.0015192032,-0.14904362,0.005545065,0.0015192032,-0.14904362
5101932759765,-0.0690598,-0.06555462,-0.10042435,-0.0690598,-0.06555462,-0.10042435
5101940633300,-0.11502551,-0.09195137,-0.068938196,-0.11502551,-0.09195137,-0.068938196
5101948537353,-0.16104572,-0.070466995,-0.023277998,-0.16104572,-0.070466995,-0.023277998
5101956441405,-0.17375892,-0.087293625,0.017517626,-0.17375892,-0.087293625,0.017517626
5101964314941,-0.13413274,-0.07060528,-0.027959526,-0.13413274,-0.07060528,-0.027959526
5101972188476,-0.2019174,-0.013209343,-0.09739739,-0.2019174,-0.013209343,-0.09739739
5101980092529,-0.26467347,0.0035085678,-0.15702277,-0.26467347,0.0035085678,-0.15702277
5101988027099,-0.21724714,0.013062477,-0.20685941,-0.21724714,0.013062477,-0.20685941
5101995900634,-0.1387813,0.04178524,-0.20385844,-0.1387813,0.04178524,-0.20385844
5102003774169,-0.072357595,0.027435303,-0.23887688,-0.072357595,0.027435303,-0.23887688
5102011647704,-0.10616678,0.003528595,-0.2545454,-0.10616678,0.003528595,-0.2545454
5102019551757,-0.1158136,-0.008374214,-0.2746026,-0.1158136,-0.008374214,-0.2746026
5102027455810,-0.09668444,-0.01788807,-0.24462289,-0.09668444,-0.01788807,-0.24462289
5102035359862,-0.07778709,-0.06332588,-0.17407858,-0.07778709,-0.06332588,-0.17407858
5102043233398,-0.11153883,-0.1015892,-0.0822078,-0.11153883,-0.1015892,-0.0822078
5102051137450,-0.19540362,-0.0919857,-0.09133279,-0.19540362,-0.0919857,-0.09133279
5102059041503,-0.28616875,-0.06322098,-0.09096551,-0.28616875,-0.06322098,-0.09096551
5102066945556,-0.30520052,-0.08235645,0.007261634,-0.30520052,-0.08235645,0.007261634
5102074849609,-0.20025042,-0.070391655,0.054891586,-0.20025042,-0.070391655,0.054891586
5102082723144,-0.060144097,-0.04168892,0.02338922,-0.060144097,-0.04168892,0.02338922
5102090657714,0.009965956,-0.02977562,-0.03720975,0.009965956,-0.02977562,-0.03720975
5102098531249,0.0054527223,-0.049006462,-0.045360327,0.0054527223,-0.049006462,-0.045360327
5102106435302,0.03652662,-0.070628166,-0.043810308,0.03652662,-0.070628166,-0.043810308
5102114308837,-0.011513472,-0.07070923,-0.02321279,-0.011513472,-0.07070923,-0.02321279
5102122212890,-0.10248175,-0.037257195,-0.009740353,-0.10248175,-0.037257195,-0.009740353
5102130116943,-0.14542064,-0.0325346,0.010832369,-0.14542064,-0.0325346,0.010832369
5102138020995,-0.17654204,0.010489464,0.0050239563,-0.17654204,0.010489464,0.0050239563
5102145894530,-0.27692083,-0.059001923,-0.017547727,-0.27692083,-0.059001923,-0.017547727
5102153798583,-0.38638952,-0.12607002,0.010412276,-0.38638952,-0.12607002,0.010412276
5102161702636,-0.4095313,-0.15481281,-0.002199173,-0.4095313,-0.15481281,-0.002199173
5102169606689,-0.38474306,-0.085370064,0.0022978783,-0.38474306,-0.085370064,0.0022978783
5102177510741,-0.33138058,0.010406494,0.035485566,-0.33138058,0.010406494,0.035485566
5102185445312,-0.26387274,0.04394722,0.03786397,-0.26387274,0.04394722,0.03786397
5102193318847,-0.16348836,0.06072426,-0.0074786544,-0.16348836,0.06072426,-0.0074786544
5102201161864,-0.16135669,0.024823189,-0.0049780607,-0.16135669,0.024823189,-0.0049780607
5102209065917,-0.116665155,-0.030241966,-0.009620011,-0.116665155,-0.030241966,-0.009620011
5102216969970,-0.086622566,-0.049405098,-0.014328361,-0.086622566,-0.049405098,-0.014328361
5102224874023,-0.090422034,-0.06377697,-0.04998368,-0.090422034,-0.06377697,-0.04998368
5102232808593,-0.0516572,-0.020698547,-0.06396788,-0.0516572,-0.020698547,-0.06396788
5102240682128,0.02959302,0.007989883,-0.06608641,0.02959302,0.007989883,-0.06608641
5102248616698,0.07937005,-0.032759666,-0.05136442,0.07937005,-0.032759666,-0.05136442
5102256490234,0.09552126,-0.020858765,-0.010644078,0.09552126,-0.020858765,-0.010644078
5102264394286,0.094898805,0.038928986,0.001367271,0.094898805,0.038928986,0.001367271
5102272298339,0.072651625,0.04364395,-0.020199418,0.072651625,0.04364395,-0.020199418
5102280232909,-0.018734068,0.06513214,-0.036944985,-0.018734068,0.06513214,-0.036944985
5102288106445,-0.1457547,0.01002121,-0.08471942,-0.1457547,0.01002121,-0.08471942
5102296010497,-0.18417966,-0.07620621,-0.06293011,-0.18417966,-0.07620621,-0.06293011
5102303945068,-0.14834076,-0.14087391,-0.045729756,-0.14834076,-0.14087391,-0.045729756
5102311879638,-0.12209171,-0.10975933,-0.054658532,-0.12209171,-0.10975933,-0.054658532
5102319753173,-0.098288506,-0.05948639,-0.05145186,-0.098288506,-0.05948639,-0.05145186
5102327626708,-0.06030482,-0.04753971,-0.02938205,-0.06030482,-0.04753971,-0.02938205
5102335500243,-0.022533238,-0.05714798,-0.01687187,-0.022533238,-0.05714798,-0.01687187
5102343373779,0.017446369,-0.026065826,0.019448996,0.017446369,-0.026065826,0.019448996
5102351247314,0.0025156438,-0.009350777,0.06043479,0.0025156438,-0.009350777,0.06043479
5102359151366,0.03031221,-0.062072754,0.09676537,0.03031221,-0.062072754,0.09676537
5102367055419,-0.045063347,-0.023818016,0.051752836,-0.045063347,-0.023818016,0.051752836
5102374959472,-0.5316291,0.08629513,-0.014603913,-0.5316291,0.08629513,-0.014603913
5102382833007,0.16882205,-0.05747986,-0.004259616,0.16882205,-0.05747986,-0.004259616
5102390706542,0.11092734,-0.12221432,0.013423055,0.11092734,-0.12221432,0.013423055
5102398610595,0.010510147,-0.117486954,0.031268895,0.010510147,-0.117486954,0.031268895
5102406514648,-0.061035573,-0.09838581,0.058766305,-0.061035573,-0.09838581,0.058766305
5102414418700,-0.103738755,-0.057730675,0.1006245,-0.103738755,-0.057730675,0.1006245
5102422322753,-0.12972608,-0.019470215,0.12580499,-0.12972608,-0.019470215,0.12580499
5102430196288,-0.06518108,0.016379356,0.105444044,-0.06518108,0.016379356,0.105444044
5102438100341,0.04218957,0.04504299,0.07801396,0.04218957,0.04504299,0.07801396
5102446004394,0.06814283,0.037794113,0.01234892,0.06814283,0.037794113,0.01234892
5102453938964,0.07017413,-0.022118568,-0.022054732,0.07017413,-0.022118568,-0.022054732
5102461843017,0.08420029,0.011357307,-0.15192401,0.08420029,0.011357307,-0.15192401
5102469747070,0.081620604,0.061605453,-0.20508295,0.081620604,0.061605453,-0.20508295
5102477620605,0.041015178,0.030461311,-0.17444336,0.041015178,0.030461311,-0.17444336
5102485494140,0.081935644,-0.0605278,-0.16281828,0.081935644,-0.0605278,-0.16281828
5102493398193,0.15116452,-0.07970047,-0.17021054,0.15116452,-0.07970047,-0.17021054
5102501302245,0.17246428,-0.04620838,-0.13229305,0.17246428,-0.04620838,-0.13229305
5102509206298,0.09817171,-0.010315895,-0.111090004,0.09817171,-0.010315895,-0.111090004
5102517079833,0.009806812,-0.024701118,-0.080543846,0.009806812,-0.024701118,-0.080543846
5102524983886,-0.06383842,-0.022316933,-0.09552336,-0.06383842,-0.022316933,-0.09552336
5102532887939,-0.089282095,0.018379211,-0.09868321,-0.089282095,0.018379211,-0.09868321
5102540761474,-0.076058775,-0.015148163,-0.056664795,-0.076058775,-0.015148163,-0.056664795
5102548635009,-0.07960275,-0.01035881,-0.07914621,-0.07960275,-0.01035881,-0.07914621
5102556508544,-0.030507803,0.02076435,-0.10164359,-0.030507803,0.02076435,-0.10164359
5102564443114,-0.096111685,0.044716835,-0.107307255,-0.096111685,0.044716835,-0.107307255
5102572316650,-0.1425933,0.07824898,-0.16314003,-0.1425933,0.07824898,-0.16314003
5102580220702,-0.12929231,0.027992249,-0.22835621,-0.12929231,0.027992249,-0.22835621
5102588094237,-0.12057081,-0.048584938,-0.20243442,-0.12057081,-0.048584938,-0.20243442
5102595967773,-0.13567081,-0.09403801,-0.15266177,-0.13567081,-0.09403801,-0.15266177
5102603841308,0.004332334,-0.036551476,-0.16734594,0.004332334,-0.036551476,-0.16734594
5102611714843,-0.013722509,-0.022179604,-0.08426234,-0.013722509,-0.022179604,-0.08426234
5102619588378,-0.029576212,-0.029381752,0.024745762,-0.029576212,-0.029381752,0.024745762
5102627461913,0.028410316,-0.05097866,0.085564435,0.028410316,-0.05097866,0.085564435
5102635304931,0.069497466,-0.04625225,0.11029896,0.069497466,-0.04625225,0.11029896
5102643178466,-0.09006518,-0.19473648,0.08479798,-0.09006518,-0.19473648,0.08479798
5102651082519,-0.113250256,0.061398506,0.13830355,-0.113250256,0.061398506,0.13830355
5102658986571,-0.6026073,0.092484474,0.22014114,-0.6026073,0.092484474,0.22014114
5102666890624,0.16015038,0.003774643,0.14410782,0.16015038,0.003774643,0.14410782
5102674764159,0.28369924,-0.044236183,0.08713433,0.28369924,-0.044236183,0.08713433
5102682637695,0.04212007,-0.039523125,0.087726265,0.04212007,-0.039523125,0.087726265
