46164021074545,0.013315806,0.049002163,-0.0010652645
46164028978598,0.013315806,0.049002163,-0.0010652645
46164036913168,0.013315806,0.049002163,-0.0010652645
46164044878256,0.013315806,0.049002163,-0.0010652645
46164052751791,0.013315806,0.049002163,-0.0010652645
46164060716879,0.013315806,0.049002163,-0.0010652645
46164068590414,0.013315806,0.049002163,-0.0010652645
46164076463949,0.013315806,0.049002163,-0.0010652645
46164084398520,-0.0314253,0.011185277,-0.025033714
46164092272055,-0.018642128,0.008522116,-0.027696876
46164100145590,-0.007989483,-0.0010652645,-0.034621093
46164108049643,0.0058589545,-0.011717909,-0.034621093
46164115923178,0.015446335,-0.016511599,-0.039414786
46164123796713,0.023435818,-0.008522116,-0.046871636
46164131700766,0.034088463,0.0026631611,-0.047404267
46164139635336,0.046339005,0.01917476,-0.047404267
46164147539389,0.0644485,0.033023197,-0.048469532
46164155382406,0.07563378,0.04527374,-0.05539375
46164163378012,0.087884314,0.05539375,-0.06018744
46164171282065,0.10173275,0.06498113,-0.06870956
46164179216635,0.123038046,0.06924219,-0.075101145
46164187090170,0.14913702,0.06231797,-0.075101145
46164194963705,0.16458336,0.05273059,-0.06924219
46164202837240,0.17789917,0.06711166,-0.06178534
46164210710775,0.19281286,0.05486112,-0.061252706
46164218584311,0.20399815,0.024501082,-0.0628506
46164226427328,0.2146508,0.0026631611,-0.06711166
46164234331381,0.2247708,-0.010120012,-0.068176925
46164242296469,0.23329292,-0.034621093,-0.07190535
46164250200522,0.24021713,-0.047404267,-0.08362326
46164258104574,0.24394555,-0.05006743,-0.09960223
46164265947592,0.24980451,-0.04314321,-0.11984225
46164273851645,0.25992453,-0.021837922,-0.13528858
46164281786215,0.2711098,0.0053263223,-0.14594123
46164289690268,0.28336033,0.036218993,-0.15659387
46164297624838,0.30626354,0.06551377,-0.16724652
46164305498373,0.3339604,0.076166406,-0.16884442
46164313371908,0.3616573,0.082558,-0.16085494
46164321275961,0.3888215,0.07243799,-0.14966966
46164329180014,0.41864893,0.050600063,-0.14327806
46164337023031,0.44528055,0.02396845,-0.14061491
46164344896567,0.47617322,-0.012250541,-0.13528858
46164352770102,0.50387007,-0.034088463,-0.12996227
46164360704672,0.5368933,-0.056459017,-0.12516858
46164368639242,0.5699165,-0.046339005,-0.12783173
46164376543295,0.598146,-0.011185277,-0.128897
46164384416830,0.6279734,0.051132694,-0.12463594
46164392290365,0.6508766,0.12037488,-0.11345066
46164400224936,0.67963874,0.19068234,-0.094808534
46164408159506,0.71319455,0.25033715,-0.07243799
46164416063559,0.7584683,0.28442562,-0.04474111
46164423937094,0.813862,0.28336033,-0.01438107
46164431810629,0.87777793,0.26312032,0.011717909
46164439684164,0.9502159,0.23861924,0.03834952
46164447588217,1.009338,0.22530343,0.07563378
46164455461752,1.071656,0.23542345,0.12250541
46164463335287,1.1190603,0.24234766,0.18162759
46164471239340,1.1467572,0.23222765,0.23542345
46164479204428,1.1590078,0.19547603,0.28708878
46164487108481,1.1478225,0.14008227,0.30786142
46164495043051,1.1132014,0.07829694,0.30146983
46164502916586,1.0604708,0.019707393,0.27164245
46164510790121,1.0077401,-0.029827405,0.23648871
46164518785727,0.9709886,-0.055926383,0.2130529
46164526689779,0.95447695,-0.08149273,0.21411815
46164534563315,0.94755274,-0.15819177,0.2231729
46164542436850,0.912399,-0.23915187,0.22423817
46164550340902,0.8538095,-0.28655612,0.18535602
46164558275473,0.7584683,-0.30679616,0.082025364
46164566210043,0.5992113,-0.30253512,-0.070307456
46164574236166,0.3685815,-0.34088463,-0.26045716
46164582140219,0.1257012,-0.5028048,-0.44741106
46164590013754,-0.048469532,-0.73769563,-0.6114618
46164597978842,-0.17044231,-1.0418286,-0.7190535
46164605913412,-0.2695119,-1.3592775,-0.7616641
46164613756430,-0.37017938,-1.6442357,-0.7669904
46164621629965,-0.45007423,-1.8695391,-0.77125144
46164629534018,-0.48522797,-2.011752,-0.7957525
46164637468588,-0.505468,-2.0591562,-0.8181231
46164645403158,-0.52357745,-2.0133498,-0.82398206
46164653307211,-0.55287224,-1.8551581,-0.8357
46164661150229,-0.5763081,-1.617604,-0.85061365
46164669023764,-0.6013418,-1.3443637,-0.8697884
46164677019369,-0.6317018,-1.0791129,-0.89642006
46164684892904,-0.69135666,-0.9054748,-0.9033443
46164692827475,-0.7547399,-0.8048073,-0.9033443
46164700731527,-0.81439465,-0.78723043,-0.90654004
46164708605063,-0.87298423,-0.85061365,-0.9086706
46164716478598,-0.9267801,-0.96299905,-0.902279
46164724352133,-0.9752496,-1.1084076,-0.88044107
46164732225668,-1.0295781,-1.2500879,-0.8335694
46164740068686,-1.103614,-1.3342438,-0.77391464
46164747972738,-1.1893678,-1.3369069,-0.71479243
46164755907309,-1.2767195,-1.2756542,-0.6578008
46164763811361,-1.3821807,-1.1728562,-0.6013418
46164771806967,-1.5020229,-0.9784454,-0.5448828
46164779680502,-1.6245283,-0.67271453,-0.4596616
46164787584555,-1.7491642,-0.34141725,-0.32011196
46164795519125,-1.8636801,-0.020240024,-0.12410331
46164803423178,-1.973935,0.27537087,0.13741912
46164811266195,-2.0618193,0.52411014,0.4596616
46164819139731,-2.1321268,0.68816084,0.80374205
46164826982748,-2.181129,0.7595336,1.1163971
46164834856283,-2.2162826,0.79202414,1.3923006
46164842760336,-2.240251,0.7866978,1.6218652
46164850725424,-2.2391858,0.7845673,1.824798
46164858598959,-2.167813,0.78296936,2.0085561
46164866472494,-2.290851,0.67484504,2.149171
46164874407065,-1.7662084,0.41278997,2.271144
46164882311117,-1.0434265,-0.37071204,2.2770028
46164890215170,-1.3006879,-0.048469532,2.1102889
46164898119223,-1.5696672,-0.016511599,2.1619542
46164906023275,-1.4088123,-0.13262543,2.3031018
46164913957846,-1.0780476,0.1454086,2.340386
46164921892416,-0.9901633,-0.22104238,2.6290727
46164929735434,-1.1121361,-0.25033715,2.8724856
46164937608969,-1.0636666,0.33289513,2.9337382
46164945513022,-0.964597,1.4359765,2.7419908
46164953447592,-0.964597,2.382464,2.4650218
46164961351645,-1.0679276,3.2953956,2.1182783
46164969255697,-1.1446266,3.9430764,1.875398
46164977159750,-1.1856394,4.388357,1.7246631
46164985063803,-1.1920309,4.564658,1.6053536
46164993028891,-1.1510183,4.486361,1.546764
46165000932943,-1.0998856,4.2322955,1.5488945
46165008836996,-1.0439591,3.774232,1.5733956
46165016710531,-0.968858,3.1382692,1.5994946
46165024614584,-0.82078624,2.4517062,1.5893745
46165032457602,-0.6327671,1.8519622,1.5345135
46165040392172,-0.42397526,1.2948289,1.4311827
46165048326742,-0.23382555,0.92038846,1.2575446
46165056230795,-0.0974717,0.73822826,1.0828413
46165064104330,0.0479369,0.6673882,0.96619487
46165072038900,0.19068234,0.6791061,0.8628642
46165079942953,0.27643612,0.7451525,0.78083885
46165087877524,0.3339604,0.84368944,0.7036072
46165095751059,0.4101268,0.98750013,0.6034723
46165103685629,0.49854377,1.1835088,0.47244477
46165111620199,0.59228706,1.4013554,0.30306774
46165119493734,0.67963874,1.5675366,0.13422333
46165127367270,0.7637946,1.6623452,-0.016511599
46165135240805,0.83996105,1.6953684,-0.12197278
46165143114340,0.902279,1.7086842,-0.18801917
46165151048910,0.94808537,1.6927053,-0.23116238
46165158952963,0.9901633,1.6532904,-0.2514024
46165166857016,1.0290455,1.6106799,-0.2615224
46165174791586,1.067395,1.5536882,-0.28495824
46165182665121,1.1068097,1.4892397,-0.3190467
46165190569174,1.1526161,1.4247912,-0.36751625
46165198503744,1.1819109,1.347027,-0.42290998
46165206438315,1.2000204,1.2564794,-0.47830373
46165214342367,1.202151,1.135572,-0.53103435
46165222185385,1.2010857,0.9938917,-0.57577544
46165230058920,1.1968247,0.8293084,-0.6135923
46165237993490,1.1899004,0.66525763,-0.6460829
46165245928061,1.186172,0.51771855,-0.67963874
46165253801596,1.1813782,0.38296258,-0.71159667
46165261766684,1.1824435,0.26312032,-0.74248934
46165269762289,1.1765846,0.15925704,-0.7707188
46165277666342,1.1749867,0.056991648,-0.7914915
46165285631430,1.1776499,-0.040480047,-0.80747044
46165293504965,1.1824435,-0.1304949,-0.8127968
46165301378500,1.1952267,-0.23329292,-0.81705785
46165309282553,1.2010857,-0.3371562,-0.8127968
46165317186606,1.1984226,-0.44581318,-0.8090684
46165325121176,1.1973573,-0.5635249,-0.8000136
46165332994711,1.212271,-0.69508505,-0.7797736
46165340898764,1.2303804,-0.84688526,-0.74728304
46165348833334,1.2490226,-0.9981528,-0.7073356
46165356706869,1.2719258,-1.1393003,-0.6556703
46165364671957,1.293231,-1.2724584,-0.5885586
46165372576010,1.3145363,-1.3869743,-0.5123922
46165380449545,1.3459617,-1.4924355,-0.4293016
46165388323080,1.371528,-1.6181368,-0.3323625
46165396257650,1.3869743,-1.7518274,-0.22050974
46165404100668,1.4093449,-1.8716697,-0.12463594
46165411943686,1.4168017,-1.9867182,-0.040480047
46165419847738,1.4002901,-2.060754,0.042077947
46165427721274,1.3859091,-2.108691,0.10279802
46165435625326,1.3603427,-2.149171,0.1486044
46165443559897,1.3321131,-2.1747375,0.17789917
46165451463949,1.2958943,-2.1864552,0.21571605
46165459337484,1.2591426,-2.1864552,0.25246766
46165467333090,1.2261194,-2.1646173,0.2892193
46165475237143,1.200553,-2.1321268,0.3270362
46165483171713,1.1595404,-2.1017668,0.3616573
46165491045248,1.1222562,-2.0655477,0.38136467
46165498918783,1.0887003,-2.0122845,0.38722363
46165506792318,1.0466223,-1.9563582,0.37923414
46165514665854,1.000816,-1.8807244,0.3637878
46165522539389,0.9491506,-1.8061559,0.34780884
46165530382406,0.8878979,-1.7166736,0.32810146
46165538286459,0.8117315,-1.6437031,0.30999196
46165546221029,0.7259777,-1.5765914,0.29561087
46165554125082,0.63915867,-1.5233282,0.2727077
46165562029135,0.5475459,-1.4828482,0.24660872
46165569933188,0.45859635,-1.4588797,0.21731395
46165577806723,0.3797668,-1.4455639,0.1917476
46165585710775,0.29507825,-1.4466292,0.17097494
46165593645346,0.2130529,-1.448227,0.15606125
46165601549399,0.13156016,-1.4546186,0.13635385
46165609422934,0.044208474,-1.4583471,0.1107875
46165617326986,-0.051665325,-1.4578145,0.082558
46165625200522,-0.15126756,-1.4471618,0.05219796
46165633104574,-0.25193503,-1.433846,0.01917476
46165640947592,-0.35100463,-1.4306501,-0.013315806
46165648821127,-0.44900897,-1.4413028,-0.03781689
46165656694662,-0.5496765,-1.4604776,-0.06231797
46165664629233,-0.6530071,-1.500425,-0.08149273
46165672563803,-0.76272935,-1.5526229,-0.10226539
46165680498373,-0.8772453,-1.6181368,-0.12250541
46165688341391,-0.9731191,-1.68152,-0.14594123
46165696245443,-1.1004182,-1.7630126,-0.18588865
46165704180014,-1.1568772,-1.7156084,-0.21997711
46165712114584,-1.1286477,-1.593103,-0.21944448
46165719957602,-1.009338,-1.4775218,-0.165116
46165727831137,-0.84688526,-1.320928,-0.09427591
46165735735190,-0.6918893,-1.0844392,-0.027164243
46165743608725,-0.57098174,-0.7595336,0.053795855
46165751512777,-0.52144694,-0.37230992,0.12197278
46165759355795,-0.5299691,-0.0053263223,0.1304949
46165767229330,-0.5656554,0.33182988,0.06764429
46165775102865,-0.58696073,0.5992113,-0.010652645
46165783037436,-0.5656554,0.7414241,-0.07456851
46165790972006,-0.5107943,0.7387609,-0.11611383
46165798876059,-0.44581318,0.6535397,-0.11717909
46165806749594,-0.3898868,0.5044027,-0.05006743
46165814623129,-0.36005938,0.30626354,0.05219796
46165822557699,-0.35260254,0.108124346,0.13156016
46165830461752,-0.35899413,-0.053263225,0.16831179
46165838335287,-0.37550572,-0.14114754,0.16990969
46165846208822,-0.37390783,-0.18109496,0.15819177
46165854143393,-0.35739622,-0.18748654,0.14114754
46165862016928,-0.3355583,-0.17310548,0.1272991
46165869920981,-0.3270362,-0.12357068,0.11717909
46165877855551,-0.3334278,-0.025566347,0.10865697
46165885759604,-0.3371562,0.10705908,0.0958738
46165893633139,-0.33129725,0.22264028,0.090014845
46165901567709,-0.3206446,0.29933932,0.099069595
46165909471762,-0.29880667,0.31691617,0.11025487
46165917406332,-0.27377295,0.29987195,0.11824436
46165925279867,-0.26045716,0.27803403,0.11824436
46165933183920,-0.25300032,0.25300032,0.11611383
46165941149008,-0.24714136,0.24501082,0.108124346
46165949053061,-0.22903186,0.24820662,0.10333065
46165956896078,-0.20879184,0.2593919,0.101200126
46165964769613,-0.19707392,0.283893,0.10439592
46165972673666,-0.19068234,0.33289513,0.101200126
46165980608236,-0.18855181,0.3797668,0.096939065
46165988512289,-0.18748654,0.40746364,0.08841695
46165996446859,-0.18056233,0.41864893,0.07989483
46166004350912,-0.16458336,0.4101268,0.072970614
46166012224447,-0.14966966,0.38456047,0.07084008
46166020159018,-0.14327806,0.35313517,0.0644485
46166028063070,-0.14114754,0.32117724,0.06178534
46166035936606,-0.13741912,0.27537087,0.06657903
46166043840658,-0.13369069,0.21411815,0.07882957
46166051714193,-0.13369069,0.15499598,0.087884314
46166059618246,-0.13262543,0.11345066,0.09267801
46166067522299,-0.11824436,0.098004326,0.087884314
46166075426352,-0.10333065,0.0793622,0.0793622
46166083330404,-0.09321064,0.076166406,0.07243799
46166091203940,-0.08948222,0.09374327,0.06498113
46166099138510,-0.087884314,0.118776985,0.0644485
46166107073080,-0.08149273,0.12463594,0.06657903
46166115007650,-0.06870956,0.105993815,0.07190535
46166122850668,-0.05273059,0.06764429,0.07669904
46166130754721,-0.03834952,0.039947417,0.07669904
46166138689291,-0.034088463,0.022903185,0.07084008
46166146593344,-0.025033714,0.02130529,0.070307456
46166154436361,-0.015978966,0.040480047,0.06977482
46166162309897,-0.016511599,0.0628506,0.06924219
46166170213949,-0.020772656,0.087884314,0.06870956
46166178148520,-0.018109497,0.108124346,0.06551377
46166186052572,-0.015446335,0.11504856,0.05965481
46166193956625,-0.009054748,0.12037488,0.05006743
46166201860678,-0.00479369,0.12410331,0.04261058
46166209795248,-0.0058589545,0.1304949,0.0314253
46166217729818,-0.009054748,0.13635385,0.027696876
46166225633871,-0.011717909,0.13369069,0.022903185
46166233537924,-0.010120012,0.12623383,0.019707393
46166241411459,-0.014913702,0.11504856,0.018109497
46166249284994,-0.01917476,0.113983296,0.01438107
46166257158529,-0.017576864,0.11504856,0.007989483
46166265062582,-0.013315806,0.10546118,5.326322E-4
46166272875082,-0.007989483,0.09853696,0.0015978967
46166280779135,-0.007989483,0.092145376,0.002130529
46166288622152,-0.008522116,0.08948222,0.0053263223
46166296617758,-0.011185277,0.083090626,0.0037284256
46166304521811,-0.010120012,0.06924219,0.0031957934
46166312425863,-0.0063915867,0.06178534,0.0010652645
46166320329916,-0.0015978967,0.055926383,0.0010652645
46166328203451,0.0053263223,0.053263225,0.0026631611
46166336168539,0.006924219,0.05539375,-0.0037284256
46166344072592,0.00479369,0.060720075,-0.0058589545
46166352007162,-0.0010652645,0.06231797,-0.007456851
46166359880697,-0.0031957934,0.06657903,-0.013315806
46166367754233,-0.0010652645,0.055926383,-0.013315806
46166375719320,0.0063915867,0.040480047,-0.011185277
46166383623373,0.006924219,0.019707393,-0.007989483
46166391527426,0.0058589545,-0.0010652645,-0.0058589545
46166399431479,0.00479369,-0.015446335,-0.009054748
46166407305014,-0.0015978967,-0.013315806,-0.0127831735
46166415209067,-0.004261058,-0.012250541,-0.018109497
46166423143637,-0.0053263223,-0.002130529,-0.02396845
46166431078207,-0.0053263223,0.011717909,-0.03089267
46166438982260,-0.0053263223,0.040480047,-0.033023197
46166446855795,-0.007456851,0.05486112,-0.03781689
46166454759848,-0.010120012,0.058589544,-0.036218993
46166462663900,-0.015446335,0.051665325,-0.03834952
46166470476400,-0.01438107,0.04314321,-0.034088463
46166478380453,-0.010120012,0.024501082,-0.027696876
46166486284506,-0.00479369,-0.00479369,-0.021837922
46166494219076,-0.002130529,-0.03195793,-0.01917476
46166502153647,-0.0037284256,-0.05219796,-0.017044231
46166510057699,-0.020240024,-0.058589544,-0.007989483
46166517961752,0.0063915867,-0.070307456,-0.027164243
46166525835287,0.0010652645,-0.06178534,-0.01438107
46166533830893,0.008522116,-0.03834952,-0.029294772
46166541734945,0.0127831735,5.326322E-4,-0.02130529
46166549700033,0.006924219,0.03834952,-0.017576864
46166557573568,0.0015978967,0.05539375,-0.02396845
46166565447104,0.0,0.060720075,-0.036751624
46166573442709,0.0037284256,0.06178534,-0.03568636
46166581346762,0.010652645,0.049534798,-0.032490566
46166589281332,0.015978966,0.041545313,-0.028229509
46166597185385,0.018109497,0.03781689,-0.02396845
46166605058920,0.019707393,0.032490566,-0.019707393
46166612962973,0.01917476,0.025566347,-0.017044231
46166620897543,0.007456851,0.015446335,-0.022370555
46166628710043,0.014913702,0.01438107,-0.020772656
46166636614096,0.015446335,0.022903185,-0.0037284256
46166644487631,0.014913702,0.013848438,0.007456851
46166652361166,0.013315806,-0.0031957934,0.0015978967
46166660234701,0.01438107,-0.03089267,0.0058589545
46166668169272,0.013315806,-0.0479369,0.006924219
46166676073324,0.011717909,-0.053263225,-0.0015978967
46166683916342,0.00958738,-0.04527374,-0.009054748
46166691911947,0.0058589545,-0.02609898,-0.0127831735
46166699816000,0.0031957934,-0.0031957934,-0.012250541
46166707750570,-0.0010652645,0.014913702,-0.011717909
46166715624106,-0.00479369,0.02609898,-0.012250541
46166723497641,-0.0037284256,0.03089267,-0.016511599
46166731493246,-0.0053263223,0.028229509,-0.016511599
46166739397299,-0.0063915867,0.023435818,-0.017044231
46166747270834,-0.007456851,0.014913702,-0.017044231
46166755174887,-0.006924219,0.0015978967,-0.016511599
46166763048422,-0.002130529,-0.0063915867,-0.013848438
46166771044027,-0.0026631611,-0.008522116,-0.010120012
46166778948080,-0.0031957934,-0.0031957934,-0.008522116
46166786882650,-0.0031957934,0.0031957934,-0.007989483
46166794756186,-0.0015978967,0.007989483,-0.009054748
46166802629721,0.0,0.0058589545,-0.007989483
46166810533774,-0.002130529,0.007456851,-0.006924219
46166818468344,-0.006924219,0.015446335,-0.009054748
46166826341879,-0.006924219,0.020240024,-0.010120012
46166834215414,-0.007456851,0.02130529,-0.012250541
46166842119467,-0.009054748,0.024501082,-0.014913702
46166850084555,-0.0127831735,0.03089267,-0.01917476
46166857988608,-0.01438107,0.034088463,-0.020240024
46166865892660,-0.017044231,0.041012682,-0.018109497
46166873796713,-0.017576864,0.041012682,-0.015978966
46166881670248,-0.02130529,0.042077947,-0.015978966
46166889574301,-0.023435818,0.04314321,-0.01438107
46166897508871,-0.021837922,0.041545313,-0.0127831735
46166905412924,-0.021837922,0.039947417,-0.0127831735
46166913286459,-0.020240024,0.037284255,-0.012250541
46166921159994,-0.021837922,0.034088463,-0.011717909
46166929003012,-0.021837922,0.028229509,-0.011717909
46166936937582,-0.019707393,0.022903185,-0.010652645
46166944780600,-0.021837922,0.010120012,-0.009054748
46166952654135,-0.039947417,-0.007989483,-0.010652645
46166960527670,-0.033023197,0.0058589545,-0.04314321
46166968462240,-0.03888215,-0.00479369,-0.036218993
46166976366293,-0.041545313,0.027164243,-0.01917476
46166984300863,-0.034088463,0.027696876,-0.010652645
46166992174399,-0.033023197,0.02609898,-0.00479369
46167000078451,-0.028229509,0.0026631611,-0.004261058
46167008013022,-0.024501082,-0.03089267,-5.326322E-4
46167015886557,-0.018109497,-0.043675844,0.004261058
46167023821127,-0.0127831735,-0.046871636,0.0053263223
46167031725180,-0.004261058,-0.046339005,0.010652645
46167039598715,0.0031957934,-0.042077947,0.017044231
46167047472250,0.007456851,-0.032490566,0.016511599
46167055376303,0.0037284256,-0.020772656,0.0053263223
46167063249838,-0.008522116,0.011717909,-0.021837922
46167071123373,-0.0053263223,0.054328486,-0.004261058
46167079057943,-0.00479369,0.096939065,-0.00479369
46167086992514,-0.0063915867,0.096939065,-0.013315806
46167094896567,-0.006924219,0.087884314,-0.014913702
