63870689269325,-0.005065441,0.033581734,3.4709275E-4
63870697203896,-0.032209873,0.22418594,-5.613244E-5
63870705077431,-0.021690488,0.15402126,-9.893216E-4
63870713042519,-0.0018489361,0.013222694,1.04554E-4
63870721007606,0.0122715235,-0.09763336,-0.005004376
63870728881142,0.008157253,-0.071873665,-0.0021121502
63870736815712,0.001093626,-0.01079464,-2.912581E-4
63870744719765,-0.001447916,0.013585091,4.095137E-4
63870752715370,0.0038843155,-0.03304386,-0.0011023879
63870760588905,0.008585572,-0.069376945,-0.0026881099
63870768492958,0.007430196,-0.060263634,-0.0025308728
63870776488563,7.414818E-4,-0.029068947,-0.0040673614
63870784362099,0.0051652193,-0.042363167,-0.0017836988
63870792327187,0.010109186,-0.080563545,-0.0033035278
63870800322792,0.009137869,-0.07134628,-0.003053099
63870808196327,0.0066155195,-0.051838875,-0.0024307668
63870816161415,0.01189363,-0.09111881,-0.0048370957
63870824034950,0.010822058,-0.08162308,-0.0038280785
63870831969521,0.0042949915,-0.03259945,-0.0014128089
63870839843056,0.00767684,-0.057380676,-0.0024770498
63870847747108,0.014493108,-0.10462284,-0.004379034
63870855742714,0.011546254,-0.08288479,-0.0026820302
63870863616249,0.004319668,-0.03246212,-9.0160966E-4
63870871520302,0.0028238297,-0.02143097,-3.3709407E-4
63870879485390,0.004644513,-0.032917976,-9.05931E-4
63870887358925,0.007224679,-0.047224045,-4.957542E-4
63870895324013,0.003954649,-0.024582863,3.8541853E-5
63870903197548,0.0056266785,-0.03441429,-1.7022341E-4
63870911132118,0.0048462152,-0.029774666,-4.0189922E-4
63870919005653,0.0019352436,-0.012319565,-2.8824806E-4
63870926879188,0.005423069,-0.03751564,-7.789135E-4
63870934813759,0.009310842,-0.06889725,-0.0023658574
63870942687294,0.010047078,-0.07174206,-0.00377357
63870950621864,0.0075587034,-0.049715996,-0.0031216145
63870958617470,0.0047540665,-0.030578613,-0.0016182363
63870966491005,0.015282512,-0.09527016,-0.0049826503
63870974395058,0.017976046,-0.10942078,-0.007812798
63870982329628,0.013456345,-0.07977486,-0.007141769
63870990264198,0.015201569,-0.08690548,-0.008691132
63870998137733,0.009090304,-0.05015278,-0.0056489706
63871006011269,0.0018920898,-0.010018349,-0.0011212826
63871013945839,0.0025632381,-0.0125255585,-0.0016305447
63871021819374,0.010719061,-0.053243637,-0.007119417
63871029814980,0.0022451878,-0.011433601,-0.0020617247
63871037749550,0.0055878162,-0.030202866,-0.005806327
63871045623085,-0.008436441,0.05620289,0.012404442
63871053557655,-0.028582573,0.2295065,0.057843924
63871061431190,-0.012448251,0.1616869,0.039041758
63871069304726,-0.001874268,0.062963486,0.013467789
63871077300331,-9.9018216E-5,0.0063152313,0.0013223886
63871085173866,-0.008532107,0.23483372,0.07065463
63871093077919,-0.007953644,0.1766386,0.04016304
63871100981972,-0.01545468,0.78717136,0.11500049
63871108916542,0.005748369,1.4853153,0.26431537
63871116851112,-0.03908004,2.0306015,0.34965837
63871124755165,-0.109083116,3.2947931,0.4205476
63871132781288,-0.090165064,3.6370678,0.21081841
63871140654823,0.10364133,3.4408207,0.5609127
63871148528358,-0.04227701,2.4649458,1.0796089
63871156432411,0.036719084,-0.540905,0.0668031
63871164305946,0.78424144,3.284687,-1.7900596
63871172301552,-0.1905886,4.869652,-2.0737996
63871180175087,0.30798727,3.276538,-0.9134474
63871188109657,0.12438613,1.5860939,-0.5430472
63871196105263,0.3165934,2.330474,-1.0337763
63871203978798,0.37419814,3.6526432,-2.27814
63871211882851,0.1188567,4.475142,-3.5339766
63871219756386,-0.24853918,4.1512465,-3.2805252
63871227660438,-0.61374545,3.8296447,-3.2207708
63871235625526,-1.1381855,3.880248,-3.435566
63871243529579,-1.6708896,4.102143,-3.5542488
63871251464149,-1.7616501,4.2536116,-3.5420117
63871259368202,-1.4343183,3.4985948,-2.418347
63871267302772,-0.7936673,2.3584166,-1.1849833
63871275237343,-0.36037743,1.6651354,-0.8099761
63871283171913,-0.14651406,1.420682,-0.63642573
63871291106483,-0.11415082,1.4834166,-0.6725216
63871298980019,-0.10033679,0.80659676,-0.3168466
63871306823036,0.19949782,-0.9571543,0.1559385
63871314818642,0.5631542,-2.0915236,0.20478618
63871322692177,0.13075268,-0.6938515,0.32071424
63871330596230,-0.018333435,0.09210491,-0.039736748
63871338500282,-0.049925327,0.21679974,-0.071424484
63871346434853,-0.14043379,0.4122181,-0.12405658
63871354399940,-0.20117521,0.4386387,-0.105757
63871362303993,-0.14809608,0.30405807,-0.058793664
63871370269081,-0.1308856,0.23877048,-0.034484506
63871378173134,0.1732645,-0.27344847,0.016863763
63871386046669,0.20569897,-0.29074764,0.086444855
63871393981239,0.18144512,-0.21702099,0.06831813
63871401854774,0.7610421,-0.8511567,0.1467961
63871409850380,1.4302235,-1.6209211,0.453076
63871417723915,1.2610416,-1.7640672,1.0114558
63871425689003,0.54346156,-1.1480355,1.142479
63871433654091,-0.03927666,0.24707747,-0.453557
63871441558144,0.13109103,1.7835679,-3.8963175
63871449492714,0.4772268,3.6300292,-6.7115173
63871457396767,1.2656119,6.5719237,-9.146778
63871465300819,2.4513204,9.67478,-7.658026
63871473235390,7.621489,10.37397,-17.846407
63871481108925,11.409054,16.378513,-19.28518
63871489012978,7.890786,11.71322,-2.4350424
63871496917030,9.112648,11.924629,-3.3045251
63871504851601,0.7410808,8.70589,-4.526823
63871512786171,-14.896058,7.583838,-5.2021856
63871520720741,-23.272327,2.3207378,-13.3960285
63871528655312,-29.510658,-1.136519,-14.599424
63871536528847,-38.499847,-8.38937,-0.6460703
63871544463417,-13.670899,-5.000951,-2.66103
63871552367470,1.14924,-0.06955528,-1.9471092
63871560241005,10.470774,2.5872808,0.21571077
63871568236610,18.10304,8.428028,2.2574515
63871576110146,19.771812,10.730785,-3.3895483
63871584075233,12.035657,4.506242,-0.2865636
63871592070839,-0.9542384,-0.2725402,-0.74445677
63871599944374,-2.6175456,-4.1841545,2.7644148
63871607878944,-0.12359309,-0.4074831,0.41677523
63871615782997,0.067468464,0.6144023,-0.4666729
63871623687050,-0.029395893,0.95790577,-0.6751628
63871631621620,-0.03960979,0.35498905,-0.23706102
63871639495155,0.052247047,-0.21218872,0.1889348
63871647429726,0.10703492,-0.26775408,0.31890917
63871655333778,0.10269785,-0.18712425,0.24823284
63871663268349,-0.0613904,0.09178114,-0.11710739
63871671233437,-0.29179382,0.41538143,-0.48873186
63871679137489,-0.3154497,0.439157,-0.4823041
63871687102577,-0.23535919,0.3169651,-0.3432808
63871694976112,-0.22167587,0.69704914,-0.08442545
63871702849647,-0.12924862,1.2361937,0.15240669
63871710784218,0.1960845,1.5096769,0.5043602
63871718657753,0.7706206,1.608211,1.1133146
63871726592323,1.4786067,1.8502417,2.0090027
63871734465858,1.8719485,2.0530515,2.7040567
63871742430946,1.954545,2.3948045,2.7320833
63871750426552,2.3727834,2.874619,2.666802
63871758330605,2.9832306,3.212946,3.1581495
63871766295692,3.5554395,3.4036093,3.6831257
63871774199745,4.3422365,3.5655727,4.106492
63871782073280,5.213285,3.6531434,4.6292553
63871790007851,5.8031735,4.0078883,3.4942384
63871797881386,6.2561493,4.547207,2.772071
63871805815956,6.5669565,4.835663,3.189319
63871813750526,6.230244,4.652093,3.6721609
63871821685097,5.823427,4.454944,3.1107507
63871829619667,5.412867,4.600799,2.3351793
63871837523720,4.935082,4.7698,2.7429662
63871845519325,4.247513,4.67214,2.9563398
63871853392860,3.5884979,4.717627,2.435083
63871861266396,2.9431555,4.8724265,2.4458055
63871869200966,2.2921982,4.924084,2.5624619
63871877074501,1.7728946,4.927622,3.0909472
63871885070106,1.0928133,4.662351,3.7344182
63871892943642,0.7580173,4.50211,3.504829
63871900908730,0.8477211,4.680595,2.9834938
63871908904335,0.92643857,4.780777,2.8358016
63871916777870,1.278861,4.885582,2.6759582
63871924742958,1.3568213,4.9254856,2.68229
63871932647011,1.2748578,4.835671,2.950654
63871940642616,1.1153173,4.590448,3.5067854
63871948516151,0.71395063,4.4145293,4.360539
63871956389687,0.5686796,4.244527,4.4167805
63871964324257,0.63212657,3.9918785,3.7797384
63871972197792,1.0866227,3.4867907,4.4786386
63871980162880,1.4748218,2.7643323,4.0867615
63871988097450,2.152697,3.0955338,2.0728736
63871996001503,2.6388674,3.5285082,1.4280057
63872003997108,2.6129074,3.8248339,2.5661798
63872011870644,3.5746038,5.6418166,2.2794757
63872019805214,3.120811,7.489477,4.0235796
63872027678749,2.3239067,9.207588,7.0681148
63872035582802,3.0821176,10.145852,11.201411
63872043547890,3.3681905,6.611442,18.0839
63872051421425,6.604015,2.9504528,14.205923
63872059386513,9.749809,7.481322,7.206421
63872067321083,10.589827,11.238746,4.0345545
63872075194618,11.01433,7.5421963,0.67852736
63872088012001,3.417057,5.9953322,3.8119807
63872096007606,-0.75222373,4.3878593,6.404644
63872103972694,-2.3469946,1.9721947,6.745502
63872111876747,-0.031239033,1.8969698,4.649075
63872119780800,1.9861538,2.9066372,1.9265954
63872127654335,2.2558727,3.379105,0.35783005
63872135619423,1.9859996,2.8600168,1.7811458
63872143492958,1.5181869,1.7339745,4.90096
63872151366493,1.9780928,0.9158058,5.9284115
63872159331581,2.699613,0.77364445,4.592284
63872167205116,2.9462557,1.0582905,3.3105297
63872175139687,2.770597,1.19205,3.1843479
63872183135292,3.1074705,1.1944008,3.5165539
63872191008827,3.796164,1.1446676,3.175615
63872198882362,4.651141,1.162921,2.515777
63872206755897,4.659211,1.1243677,2.0498714
63872214659950,4.030137,1.0525074,2.0009828
63872222594521,3.211064,0.93295574,1.7453116
63872230468056,2.7234209,0.9545231,1.5871618
63872238402626,2.4618049,0.95216846,1.4007927
63872246276161,2.200523,0.895277,1.2272346
63872254210731,1.9596745,1.0801373,0.95869946
63872262145302,1.4310459,1.2910852,0.8984983
63872270049355,0.9886193,1.2647867,0.9317322
63872278044960,0.67512965,1.2548475,1.0632342
63872285918495,0.5233823,1.2778034,1.029781
63872293822548,0.6568973,1.3214941,1.0592735
63872301757118,1.0552068,1.1843052,1.0866928
63872309661171,1.4015063,0.7893839,1.0760983
63872317626259,1.9263558,0.15793991,1.2001777
63872325499794,2.3252964,-0.2314806,1.4558624
63872333434364,2.5809877,-0.05538273,1.358537
63872341368935,2.6357112,0.36272812,1.1013323
63872349272987,2.6245825,0.67109203,0.885079
63872357268593,2.3307621,0.7285452,0.9151509
63872365142128,2.051799,0.58076954,0.7799164
63872373046181,1.750248,0.43871117,0.8316817
63872380950233,1.6137397,0.35490227,1.150608
63872388823769,1.6538928,0.27420807,1.4782002
63872396819374,1.8052629,0.074435234,1.8076234
63872404692909,2.0017877,0.023327827,2.1885717
63872412657997,1.9374547,-0.02713871,2.4620757
63872420623085,1.9109564,-0.09386444,2.5083575
63872428496620,2.065602,0.01962471,2.5008664
63872436431190,1.9353355,0.12203407,2.320507
63872444365761,1.6283357,0.39537716,1.9625908
63872452239296,1.3296762,0.6674595,1.5283067
63872460112831,1.1361179,0.7251425,1.2058599
63872468016884,0.91670835,0.5350256,0.89987034
63872475981972,0.9560904,0.37214184,0.9586475
63872483855507,1.1720848,0.135643,1.220933
63872491790077,1.4197309,-0.030893326,1.359644
63872499724647,1.5850985,-0.15407848,1.4032115
63872507628700,1.6276537,-0.04942417,1.3811153
63872515624306,1.5238335,0.14672565,1.0522271
63872523497841,1.3415519,0.28360844,0.8448551
63872531371376,1.240044,0.2752657,0.6328788
63872539336464,1.2645062,0.21236515,0.6491168
63872547240517,1.3237964,0.058885574,0.80443716
63872555205605,1.4384503,0.046862602,1.1390601
63872563079140,1.46182,0.08285332,1.2531939
63872571013710,1.4872755,0.037615776,1.3555325
63872578948280,1.4503441,0.03813076,1.2048726
63872586852333,1.3299564,0.29039574,1.0698329
63872594847938,1.2130699,0.31089687,0.8406945
63872602721474,1.054617,0.07803345,0.7895932
63872610625526,0.88614583,-0.015501022,0.8592156
63872618590614,0.8625263,0.032532692,1.0466466
63872626494667,0.97599006,0.030539513,1.0982745
63872634429237,1.1087253,-0.0263443,1.1648235
63872642302772,1.2436247,-0.0399971,1.246255
63872650237343,1.2490826,-0.015209198,1.2946522
63872658171913,1.2232864,0.014510155,1.1808751
63872666106483,1.2189966,-0.008257866,1.0778257
63872674071571,1.064838,-0.01636219,0.9163638
63872681945106,0.8257049,-0.0026168823,0.7898054
63872689910194,0.66206825,0.0066366196,0.6743004
63872697783730,0.65770626,0.025741577,0.57209146
63872705687782,0.7019922,0.047439575,0.6745254
63872713622353,0.68707216,0.030971527,0.8014
63872721495888,0.6199162,0.019423485,0.8116601
63872729491493,0.6678278,0.007990837,0.6889087
63872737456581,0.7659552,0.010983467,0.64084524
63872745360634,0.8446043,-0.004388809,0.46715868
63872753264687,0.8215459,0.0026874542,0.31804013
63872761199257,0.66179574,0.02259636,0.14300796
63872769133827,0.52576023,0.07677078,0.042131186
63872777007362,0.5269876,0.033263206,0.1400567
63872784880897,0.52319926,-0.08177757,0.44426352
63872792815468,0.6415612,-0.12013817,0.76608956
63872800689003,0.78454,-0.034083366,1.0632412
63872808623573,0.85836667,-0.07021141,1.2157319
63872816558144,0.7823829,-0.19011402,1.2763586
63872824462196,0.658815,-0.22122383,1.1204765
63872832427284,0.4829561,-0.08432579,0.7069652
63872840331337,0.3942752,-0.006863594,0.3228969
63872848296425,0.40899703,0.058950424,0.11889117
63872856169960,0.5499264,0.062722206,-0.13739246
63872864043495,0.506167,0.09061909,-0.19388765
63872872008583,0.48527968,0.106656075,-0.14088088
63872879882118,0.41523424,0.058138847,-0.07731588
63872887847206,0.38208112,0.0049066544,-0.008361004
63872895781776,0.3213251,0.0163908,0.05837094
63872903655312,0.3067053,0.015953064,0.14451252
63872911620399,0.259451,0.025146484,0.24478316
63872919493935,0.30342525,0.017609596,0.36608255
63872927397987,0.473472,0.022033691,0.4627438
63872935302040,0.5350925,-0.021432877,0.4415981
63872943206093,0.45773074,-0.009809494,0.45579556
63872951171181,0.29283926,-0.03882599,0.33638477
63872959044716,0.16037312,-0.0558033,0.36814475
63872966979286,0.12945673,-0.024846077,0.42421326
63872974913856,0.2373229,-0.0034570694,0.35650516
63872982848427,0.39504263,0.0011663437,0.25837916
63872990813515,0.47335678,-0.006184578,0.17281973
63872998687050,0.48450983,-0.00874424,0.13102001
63873006560585,0.4097147,-0.008891106,0.16127193
63873014525673,0.26143903,-0.023374557,0.17762335
63873022429726,0.21665238,-0.0641737,0.19184186
63873030425331,0.23452707,-0.04509735,0.19684008
63873038298866,0.26225603,-0.0020713806,0.08500117
63873046233437,0.30436125,0.007437706,0.06938392
63873054229042,0.40676588,0.3087921,-3.6758575
63873062102577,1.0016897,0.18686008,2.7860553
63873069976112,-0.51830536,-0.3419695,2.7021613
63873077849647,-0.35281017,0.0028419495,-0.5038655
63873085692665,0.46756843,-0.21260548,0.34496903
63873093688271,-0.1245476,-0.28436852,0.3719237
63873101561806,-0.12015216,-0.12386227,0.67585
63873109496376,0.27852786,0.29508495,-0.57361877
63873117400429,0.7520504,0.16818714,0.23757425
63873125365517,0.47875816,-0.114295006,0.40589607
63873133330605,0.38486785,-0.12861443,0.40389705
