29878161969604,0.029285192,-0.13910484,-0.68179893,0.029285192,-0.13910484,-0.68179893
29878169904175,-0.065877676,0.09854257,0.5738487,-0.065877676,0.09854257,0.5738487
29878177777710,-0.22118938,0.21068549,1.4227867,-0.22118938,0.21068549,1.4227867
29878185651245,-0.2703457,0.22508204,1.632597,-0.2703457,0.22508204,1.632597
29878193646850,-0.22083104,0.19338477,1.3676052,-0.22083104,0.19338477,1.3676052
29878201550903,-0.12648237,0.13196015,0.85403633,-0.12648237,0.13196015,0.85403633
29878209424438,-0.030641913,0.038358927,0.21953392,-0.030641913,0.038358927,0.21953392
29878217297973,0.044177413,-0.06631589,-0.33103943,0.044177413,-0.06631589,-0.33103943
29878225202026,0.08867049,-0.13630009,-0.61035633,0.08867049,-0.13630009,-0.61035633
29878233075561,0.074374676,-0.12270856,-0.5386696,0.074374676,-0.12270856,-0.5386696
29878240949096,0.042360425,-0.07097101,-0.31966877,0.042360425,-0.07097101,-0.31966877
29878248914184,0.026812911,-0.038881302,-0.1746521,0.026812911,-0.038881302,-0.1746521
29878256848755,0.025602221,-0.033427954,-0.14743042,0.025602221,-0.033427954,-0.14743042
29878264722290,0.0369395,-0.04930091,-0.21131706,0.0369395,-0.04930091,-0.21131706
29878272656860,0.062356353,-0.09196067,-0.3834324,0.062356353,-0.09196067,-0.3834324
29878280530395,0.080013394,-0.12692451,-0.5127897,0.080013394,-0.12692451,-0.5127897
29878288526001,0.051624298,-0.08070564,-0.33046532,0.051624298,-0.08070564,-0.33046532
29878296491089,0.004044652,-0.005621195,-0.023792267,0.004044652,-0.005621195,-0.023792267
29878304364624,-0.007993221,0.01065135,0.04563713,-0.007993221,0.01065135,0.04563713
29878312238159,0.0069401264,-0.008525133,-0.037026405,0.0069401264,-0.008525133,-0.037026405
29878320142212,0.038102984,-0.05222702,-0.22882652,0.038102984,-0.05222702,-0.22882652
29878328046264,0.054172873,-0.08198953,-0.3659773,0.054172873,-0.08198953,-0.3659773
29878335950317,0.044700384,-0.077470064,-0.34249496,0.044700384,-0.077470064,-0.34249496
29878343823852,0.010938048,-0.020795107,-0.09339714,0.010938048,-0.020795107,-0.09339714
29878351758423,-0.00962913,0.019591093,0.09399414,-0.00962913,0.019591093,0.09399414
29878359662475,-7.0142746E-4,0.0013723373,0.0069704056,-7.0142746E-4,0.0013723373,0.0069704056
29878367597046,0.01501286,-0.02782631,-0.14219284,0.01501286,-0.02782631,-0.14219284
29878375501098,0.017057776,-0.034936905,-0.17915344,0.017057776,-0.034936905,-0.17915344
29878383374634,0.01788044,-0.044864416,-0.22553635,0.01788044,-0.044864416,-0.22553635
29878391400757,0.024069965,-0.07804263,-0.38384438,0.024069965,-0.07804263,-0.38384438
29878399274292,0.016676664,-0.07010853,-0.35938263,0.016676664,-0.07010853,-0.35938263
29878407239380,0.0041602254,-0.018846512,-0.10097599,0.0041602254,-0.018846512,-0.10097599
29878415082397,-0.006477058,0.028538585,0.16081715,-0.006477058,0.028538585,0.16081715
29878423016968,-0.007979542,0.040337443,0.23631954,-0.007979542,0.040337443,0.23631954
29878430951538,-0.002235286,0.030066252,0.18008709,-0.002235286,0.030066252,0.18008709
29878438825073,0.002408564,0.023629904,0.14268684,0.002408564,0.023629904,0.14268684
29878446759643,0.0069110096,0.031235576,0.1945734,0.0069110096,0.031235576,0.1945734
29878454633178,0.015781075,0.04862213,0.3101282,0.015781075,0.04862213,0.3101282
29878462537231,0.025794506,0.06808317,0.4210949,0.025794506,0.06808317,0.4210949
29878470471802,0.02486533,0.081237674,0.50318146,0.02486533,0.081237674,0.50318146
29878478345337,0.012881815,0.07096112,0.4510374,0.012881815,0.07096112,0.4510374
29878486218872,0.0024571642,0.06164384,0.38764095,0.0024571642,0.06164384,0.38764095
29878494153442,-0.0014984086,0.03763652,0.21874046,-0.0014984086,0.03763652,0.21874046
29878502088012,6.50011E-4,-0.015579224,-0.08357239,6.50011E-4,-0.015579224,-0.08357239
29878510022583,4.3700356E-4,-0.058117628,-0.30017567,4.3700356E-4,-0.058117628,-0.30017567
29878517896118,-0.0031649172,-0.08516896,-0.43352032,-0.0031649172,-0.08516896,-0.43352032
29878525861206,-0.008062452,-0.06970072,-0.35635376,-0.008062452,-0.06970072,-0.35635376
29878533765259,-0.0048170984,-0.028621435,-0.15457153,-0.0048170984,-0.028621435,-0.15457153
29878541638794,-1.6769767E-4,-6.7830086E-4,-0.0041589737,-1.6769767E-4,-6.7830086E-4,-0.0041589737
29878549542846,-1.167655E-4,-3.336668E-4,-0.0020475388,-1.167655E-4,-3.336668E-4,-0.0020475388
29878557477417,-0.003638208,-0.006159425,-0.040654182,-0.003638208,-0.006159425,-0.040654182
29878565350952,-0.014740229,-0.015772462,-0.112978935,-0.014740229,-0.015772462,-0.112978935
29878573224487,-0.033316612,-0.026610374,-0.20357037,-0.033316612,-0.026610374,-0.20357037
29878581098022,-0.036878586,-0.021122098,-0.17253494,-0.036878586,-0.021122098,-0.17253494
29878589063110,-0.006509304,-0.0029300451,-0.025076866,-0.006509304,-0.0029300451,-0.025076866
29878596936645,0.05750847,0.022007227,0.1935358,0.05750847,0.022007227,0.1935358
29878604871216,0.13902855,0.04457897,0.4367075,0.13902855,0.04457897,0.4367075
29878612744751,0.19715524,0.055585146,0.6256485,0.19715524,0.055585146,0.6256485
29878620618286,0.2077725,0.058624327,0.67787933,0.2077725,0.058624327,0.67787933
29878628583374,0.17311287,0.053824127,0.5715513,0.17311287,0.053824127,0.5715513
29878636456909,0.12833905,0.041821897,0.42702866,0.12833905,0.041821897,0.42702866
29878644421997,0.09564757,0.032291234,0.3315935,0.09564757,0.032291234,0.3315935
29878652295532,0.07562876,0.027835667,0.27087688,0.07562876,0.027835667,0.27087688
29878660169067,0.06068158,0.02183187,0.20946312,0.06068158,0.02183187,0.20946312
29878668073120,0.10567427,0.03525549,0.33844566,0.10567427,0.03525549,0.33844566
29878675946655,0.20031476,0.056553066,0.5987816,0.20031476,0.056553066,0.5987816
29878683850708,0.31889963,0.07181847,0.93495464,0.31889963,0.07181847,0.93495464
29878691815796,0.4174049,0.092090726,1.2302647,0.4174049,0.092090726,1.2302647
29878699689331,0.52137065,0.1350609,1.5035095,0.52137065,0.1350609,1.5035095
29878707654419,0.5672908,0.16783184,1.7512245,0.5672908,0.16783184,1.7512245
29878715558471,0.5118511,0.18441194,1.9011745,0.5118511,0.18441194,1.9011745
29878723493042,0.4342568,0.2177521,2.006402,0.4342568,0.2177521,2.006402
29878731366577,0.37102485,0.26699913,2.119091,0.37102485,0.26699913,2.119091
29878739240112,0.2937014,0.2796924,2.000721,0.2937014,0.2796924,2.000721
29878747205200,0.20632935,0.24848974,1.6561537,0.20632935,0.24848974,1.6561537
29878755109253,0.14322281,0.20529449,1.2998209,0.14322281,0.20529449,1.2998209
29878762982788,0.10771412,0.179775,1.15763,0.10771412,0.179775,1.15763
29878770825805,0.101435184,0.1738925,1.1712513,0.101435184,0.1738925,1.1712513
29878778760376,0.105337024,0.17083871,1.2057648,0.105337024,0.17083871,1.2057648
29878786694946,0.14986753,0.18628895,1.4764404,0.14986753,0.18628895,1.4764404
29878794568481,0.2617762,0.18681103,1.8247786,0.2617762,0.18681103,1.8247786
29878802533569,0.36042392,0.14872944,2.1181087,0.36042392,0.14872944,2.1181087
29878810376587,0.36433876,0.1046648,2.2332296,0.36433876,0.1046648,2.2332296
29878818280639,0.30834997,0.08197796,2.347106,0.30834997,0.08197796,2.347106
29878826245727,0.15171814,0.07286173,2.3334208,0.15171814,0.07286173,2.3334208
29878834119262,-0.031816795,0.06575012,2.1103725,-0.031816795,0.06575012,2.1103725
29878842084350,-0.17099917,0.061915338,1.7749052,-0.17099917,0.061915338,1.7749052
29878849957885,-0.23210597,0.04555756,1.3217363,-0.23210597,0.04555756,1.3217363
29878857831421,-0.19615412,0.021815836,0.78884315,-0.19615412,0.021815836,0.78884315
29878865704956,-0.08743429,0.007973045,0.29035568,-0.08743429,0.007973045,0.29035568
29878873609009,-0.010815859,9.4270706E-4,0.033491135,-0.010815859,9.4270706E-4,0.033491135
29878881543579,-0.016235352,9.11057E-4,0.046811104,-0.016235352,9.11057E-4,0.046811104
29878889447632,-0.117856026,0.0012277141,0.30208683,-0.117856026,0.0012277141,0.30208683
29878897321167,-0.27338672,-0.0021755174,0.6230211,-0.27338672,-0.0021755174,0.6230211
29878905255737,-0.44393587,-0.0036786161,0.9423666,-0.44393587,-0.0036786161,0.9423666
29878913129272,-0.49742556,-0.009962954,1.0250721,-0.49742556,-0.009962954,1.0250721
29878921124878,-0.40196562,-0.012916759,0.77476215,-0.40196562,-0.012916759,0.77476215
29878929028930,-0.2987771,-0.009771019,0.5180025,-0.2987771,-0.009771019,0.5180025
29878936902466,-0.39572906,-0.009195559,0.60394,-0.39572906,-0.009195559,0.60394
29878944776001,-0.66918516,-0.0049431548,0.9088931,-0.66918516,-0.0049431548,0.9088931
29878952619018,-0.82795763,0.0034141932,1.0326838,-0.82795763,0.0034141932,1.0326838
29878960492553,-0.8574381,0.01782222,0.9954891,-0.8574381,0.01782222,0.9954891
29878968396606,-0.7780795,0.033501714,0.8633437,-0.7780795,0.033501714,0.8633437
29878976270141,-0.57433605,0.037788033,0.61818933,-0.57433605,0.037788033,0.61818933
29878984204712,-0.38253784,0.028262377,0.40601587,-0.38253784,0.028262377,0.40601587
29878992078247,-0.28534937,0.020994246,0.30071735,-0.28534937,0.020994246,0.30071735
29879000043335,-0.2780342,0.020626277,0.29585695,-0.2780342,0.020626277,0.29585695
29879007916870,-0.20622969,0.016060054,0.22692776,-0.20622969,0.016060054,0.22692776
29879015790405,-0.05372572,0.00476104,0.060543537,-0.05372572,0.00476104,0.060543537
29879023724975,0.10246563,-0.011978745,-0.11814213,0.10246563,-0.011978745,-0.11814213
29879031659546,0.028199673,-0.004211068,-0.03380871,0.028199673,-0.004211068,-0.03380871
29879039594116,-0.23795033,0.04047048,0.30050898,-0.23795033,0.04047048,0.30050898
29879047498169,-0.43402147,0.07946551,0.57353926,-0.43402147,0.07946551,0.57353926
29879055371704,-0.46541262,0.0897156,0.6272502,-0.46541262,0.0897156,0.6272502
29879063245239,-0.39363766,0.086772084,0.5362034,-0.39363766,0.086772084,0.5362034
29879071118774,-0.3383789,0.08221042,0.45869732,-0.3383789,0.08221042,0.45869732
29879079053344,-0.31251383,0.08249354,0.42107105,-0.31251383,0.08249354,0.42107105
29879086926880,-0.33280706,0.0909425,0.4492178,-0.33280706,0.0909425,0.4492178
29879094800415,-0.38119793,0.10536051,0.5172286,-0.38119793,0.10536051,0.5172286
29879102796020,-0.30883217,0.08837223,0.4175954,-0.30883217,0.08837223,0.4175954
29879110669555,-0.15159464,0.047216535,0.2048583,-0.15159464,0.047216535,0.2048583
29879118604126,0.01930952,-0.0067743063,-0.027999878,0.01930952,-0.0067743063,-0.027999878
29879126477661,0.1731391,-0.06958151,-0.2804513,0.1731391,-0.06958151,-0.2804513
29879134381714,0.2801919,-0.12658858,-0.51954746,0.2801919,-0.12658858,-0.51954746
29879142316284,0.31079412,-0.15800154,-0.671854,0.31079412,-0.15800154,-0.671854
29879150189819,0.286685,-0.16181314,-0.7052479,0.286685,-0.16181314,-0.7052479
29879158063354,0.18376088,-0.114486575,-0.519783,0.18376088,-0.114486575,-0.519783
29879165936889,0.39508986,-0.12540185,-0.013151169,0.39508986,-0.12540185,-0.013151169
29879173810425,0.39347982,-0.11934972,0.365592,0.39347982,-0.11934972,0.365592
29879181744995,0.22560763,-0.07739055,0.38998508,0.22560763,-0.07739055,0.38998508
29879189649048,0.09960365,0.026068807,0.18702888,0.09960365,0.026068807,0.18702888
29879197614135,0.051980734,0.123060346,-0.090125084,0.051980734,0.123060346,-0.090125084
29879205518188,0.06010294,0.19654906,-0.24118805,0.06010294,0.19654906,-0.24118805
29879213391723,0.17284536,0.23079205,-0.36742306,0.17284536,0.23079205,-0.36742306
29879221326294,0.39320993,0.21715629,-0.56455994,0.39320993,0.21715629,-0.56455994
29879229169311,0.57228374,0.24886644,-0.7422714,0.57228374,0.24886644,-0.7422714
29879237164917,0.5872376,0.33690667,-0.7095928,0.5872376,0.33690667,-0.7095928
29879244977417,0.5107405,0.4191116,-0.48148727,0.5107405,0.4191116,-0.48148727
29879252881469,0.36646438,0.4486586,-0.20381641,0.36646438,0.4486586,-0.20381641
29879260755005,0.13570642,0.4583944,-0.027094841,0.13570642,0.4583944,-0.027094841
29879268628540,-0.06586671,0.42667592,0.2165823,-0.06586671,0.42667592,0.2165823
29879276502075,-0.23868513,0.47816324,0.66204166,-0.23868513,0.47816324,0.66204166
29879284375610,-0.4356587,0.66138864,0.94424725,-0.4356587,0.66138864,0.94424725
29879292310180,-0.85075927,0.9439496,1.1674414,-0.85075927,0.9439496,1.1674414
29879300244751,-1.470412,1.162774,1.5168066,-1.470412,1.162774,1.5168066
29879308118286,-2.5143888,1.2995819,2.1538477,-2.5143888,1.2995819,2.1538477
29879316052856,-3.5896993,1.3911629,3.0475044,-3.5896993,1.3911629,3.0475044
29879323895874,-4.3225784,1.5215185,3.6387262,-4.3225784,1.5215185,3.6387262
29879331799927,-5.125128,1.85071,3.9068527,-5.125128,1.85071,3.9068527
29879339734497,-5.6250167,2.3612967,3.6643248,-5.6250167,2.3612967,3.6643248
29879347608032,-5.968854,2.954954,2.8095427,-5.968854,2.954954,2.8095427
29879355512085,-6.033188,3.4220254,1.7510958,-6.033188,3.4220254,1.7510958
29879363385620,-5.767129,3.8658333,1.1407938,-5.767129,3.8658333,1.1407938
29879371259155,-5.41709,4.330359,1.7671547,-5.41709,4.330359,1.7671547
29879379102173,-5.2501454,4.5249047,3.3364143,-5.2501454,4.5249047,3.3364143
29879387006225,-5.501801,4.456132,5.0527,-5.501801,4.456132,5.0527
29879394940796,-6.064085,4.3893905,6.49127,-6.064085,4.3893905,6.49127
29879402844848,-6.665576,4.3185716,7.392914,-6.665576,4.3185716,7.392914
29879410718384,-7.218444,4.175105,7.89287,-7.218444,4.175105,7.89287
29879418713989,-7.887732,4.0941916,8.24169,-7.887732,4.0941916,8.24169
29879426587524,-8.297478,3.999623,8.517259,-8.297478,3.999623,8.517259
29879434522094,-8.234224,3.6088147,8.615571,-8.234224,3.6088147,8.615571
29879442395630,-8.0865,3.046524,8.015529,-8.0865,3.046524,8.015529
29879450299682,-7.7544904,2.6355329,7.0532312,-7.7544904,2.6355329,7.0532312
29879458295288,-6.9745874,2.3445318,5.917938,-6.9745874,2.3445318,5.917938
29879466168823,-6.067396,2.2264316,4.9868183,-6.067396,2.2264316,4.9868183
29879474042358,-5.013977,2.2075458,4.601491,-5.013977,2.2075458,4.601491
29879481915893,-4.2727556,1.9503291,4.9343514,-4.2727556,1.9503291,4.9343514
29879489850464,-3.7911682,1.3999381,5.5772586,-3.7911682,1.3999381,5.5772586
29879497785034,-3.250214,0.8543408,5.9847293,-3.250214,0.8543408,5.9847293
29879505658569,-2.8156438,0.6260021,6.0941024,-2.8156438,0.6260021,6.0941024
29879513654175,-2.3934274,0.36538172,6.116782,-2.3934274,0.36538172,6.116782
29879521558227,-2.0601134,-0.09252691,5.740761,-2.0601134,-0.09252691,5.740761
29879529431762,-1.7430539,-0.6371236,5.196018,-1.7430539,-0.6371236,5.196018
29879537366333,-1.2590022,-1.0415301,4.6444683,-1.2590022,-1.0415301,4.6444683
29879545209350,-0.5702996,-1.3478487,4.0093684,-0.5702996,-1.3478487,4.0093684
29879553113403,-0.030002117,-1.6504948,3.4360037,-0.030002117,-1.6504948,3.4360037
29879560986938,0.40038633,-2.0743732,3.1171813,0.40038633,-2.0743732,3.1171813
29879568860473,0.98095894,-2.5278308,2.805335,0.98095894,-2.5278308,2.805335
29879576795044,1.7241316,-2.8132062,2.377109,1.7241316,-2.8132062,2.377109
29879584699096,2.3067353,-2.9690528,2.2032948,2.3067353,-2.9690528,2.2032948
29879592664184,2.7265503,-3.1968827,2.261835,2.7265503,-3.1968827,2.261835
29879600537719,3.2056692,-3.6293314,2.433496,3.2056692,-3.6293314,2.433496
29879608411255,3.915956,-4.1232405,2.5075436,3.915956,-4.1232405,2.5075436
29879616345825,4.681035,-4.457581,2.5602045,4.681035,-4.457581,2.5602045
29879624249878,5.4115367,-4.6864347,2.6083093,5.4115367,-4.6864347,2.6083093
29879632214966,5.9153013,-4.84821,2.4160614,5.9153013,-4.84821,2.4160614
29879640088501,6.491739,-4.9665914,1.8583155,6.491739,-4.9665914,1.8583155
29879647931518,6.7718496,-5.1022763,1.0850935,6.7718496,-5.1022763,1.0850935
29879655835571,6.7362967,-5.2551994,0.18887997,6.7362967,-5.2551994,0.18887997
29879663770141,6.6532393,-5.2942433,-0.72792864,6.6532393,-5.2942433,-0.72792864
29879671704712,6.71368,-5.1911683,-1.531148,6.71368,-5.1911683,-1.531148
29879679608764,6.5305247,-5.171926,-2.1575878,6.5305247,-5.171926,-2.1575878
29879687482300,6.2951956,-5.2279253,-2.652494,6.2951956,-5.2279253,-2.652494
29879695416870,6.2754583,-5.3135986,-2.9388006,6.2754583,-5.3135986,-2.9388006
29879703290405,6.2538633,-5.468363,-2.9269035,6.2538633,-5.468363,-2.9269035
29879711286010,6.167635,-5.5905533,-2.7063107,6.167635,-5.5905533,-2.7063107
29879719190063,5.90904,-5.706611,-2.3743389,5.90904,-5.706611,-2.3743389
29879727063598,5.751068,-5.8409204,-1.761298,5.751068,-5.8409204,-1.761298
29879734937134,5.8712244,-5.982188,-1.3044796,5.8712244,-5.982188,-1.3044796
29879742810669,6.306896,-6.0219016,-1.2546601,6.306896,-6.0219016,-1.2546601
29879750714721,6.84302,-5.9287496,-1.3677492,6.84302,-5.9287496,-1.3677492
29879758588257,7.3699017,-5.7769604,-1.3548393,7.3699017,-5.7769604,-1.3548393
29879766461792,7.6713886,-5.5947227,-1.378634,7.6713886,-5.5947227,-1.378634
29879774426880,7.3595605,-5.374174,-1.6527092,7.3595605,-5.374174,-1.6527092
29879782330932,6.6113453,-5.1030526,-1.9532118,6.6113453,-5.1030526,-1.9532118
29879790265503,5.806858,-4.775787,-2.0544202,5.806858,-4.775787,-2.0544202
29879798169555,5.12956,-4.460438,-2.0729373,5.12956,-4.460438,-2.0729373
29879806043091,4.587754,-4.176095,-2.0303738,4.587754,-4.176095,-2.0303738
29879814008178,4.106459,-3.8906035,-1.9937055,4.106459,-3.8906035,-1.9937055
29879821881714,3.6702716,-3.630319,-2.0943127,3.6702716,-3.630319,-2.0943127
29879829755249,3.6253672,-3.3425512,-2.365494,3.6253672,-3.3425512,-2.365494
29879837628784,3.7638307,-3.1788802,-2.6028676,3.7638307,-3.1788802,-2.6028676
29879845532837,3.8349097,-3.0163164,-2.7389152,3.8349097,-3.0163164,-2.7389152
29879853375854,3.6250176,-2.6915889,-2.734897,3.6250176,-2.6915889,-2.734897
29879861279907,3.105351,-2.295711,-2.6182783,3.105351,-2.295711,-2.6182783
29879869214477,2.3199353,-2.0231128,-2.4228902,2.3199353,-2.0231128,-2.4228902
29879877118530,1.4598266,-1.7635398,-2.259668,1.4598266,-1.7635398,-2.259668
29879885053100,0.8533611,-1.5309129,-2.2130997,0.8533611,-1.5309129,-2.2130997
29879893018188,0.5826857,-1.2857728,-2.3907228,0.5826857,-1.2857728,-2.3907228
29879900891723,0.41533422,-0.99480295,-2.8432422,0.41533422,-0.99480295,-2.8432422
29879908826294,0.32088256,-0.7897754,-3.2520967,0.32088256,-0.7897754,-3.2520967
29879916699829,0.49955082,-0.7522216,-3.2727814,0.49955082,-0.7522216,-3.2727814
29879924542846,0.73416543,-0.76857996,-3.057389,0.73416543,-0.76857996,-3.057389
29879932446899,0.960691,-0.8125453,-2.6653614,0.960691,-0.8125453,-2.6653614
29879940320434,1.0343313,-0.79313564,-2.268293,1.0343313,-0.79313564,-2.268293
29879948193969,0.5584676,-0.77540827,-2.003846,0.5584676,-0.77540827,-2.003846
29879956098022,0.22729826,-0.7821803,-2.0128043,0.22729826,-0.7821803,-2.0128043
29879963971557,0.35556054,-0.85459614,-2.3287485,0.35556054,-0.85459614,-2.3287485
29879971936645,0.5143206,-0.86533785,-2.674912,0.5143206,-0.86533785,-2.674912
29879979810180,0.5796094,-0.94950056,-2.9000952,0.5796094,-0.94950056,-2.9000952
29879987744751,0.584841,-1.1304002,-3.0964947,0.584841,-1.1304002,-3.0964947
29879995618286,0.623425,-1.3117967,-3.0303607,0.623425,-1.3117967,-3.0303607
29880003491821,0.81339264,-1.4721599,-2.8161714,0.81339264,-1.4721599,-2.8161714
29880011456909,1.0027559,-1.7817073,-2.6825876,1.0027559,-1.7817073,-2.6825876
29880019360962,1.0464182,-2.1517682,-2.8790016,1.0464182,-2.1517682,-2.8790016
29880027295532,0.96151495,-2.471426,-2.9972367,0.96151495,-2.471426,-2.9972367
29880035199585,0.78358793,-2.890615,-2.8093987,0.78358793,-2.890615,-2.8093987
29880043073120,0.53833175,-3.4571357,-2.4741435,0.53833175,-3.4571357,-2.4741435
29880050977173,0.42308092,-3.95582,-2.269562,0.42308092,-3.95582,-2.269562
29880058881225,0.53015924,-4.288728,-2.313278,0.53015924,-4.288728,-2.313278
29880066846313,0.78765583,-4.4411125,-2.5557523,0.78765583,-4.4411125,-2.5557523
29880074719848,0.946327,-4.561241,-2.7484462,0.946327,-4.561241,-2.7484462
29880082623901,0.978446,-4.734288,-2.6905818,0.978446,-4.734288,-2.6905818
29880090558471,1.0538585,-4.867525,-2.6084075,1.0538585,-4.867525,-2.6084075
29880098432007,1.0827765,-4.9554396,-2.7110329,1.0827765,-4.9554396,-2.7110329
29880106366577,1.0201674,-5.072181,-2.9814405,1.0201674,-5.072181,-2.9814405
29880114209594,0.8665023,-5.222272,-3.21377,0.8665023,-5.222272,-3.21377
29880122113647,0.6258595,-5.342204,-3.636238,0.6258595,-5.342204,-3.636238
29880129987182,0.53586006,-5.318692,-4.1187863,0.53586006,-5.318692,-4.1187863
29880137860718,0.27023768,-5.234316,-4.63348,0.27023768,-5.234316,-4.63348
29880145734253,-0.31541085,-5.162714,-5.040331,-0.31541085,-5.162714,-5.040331
29880153607788,-0.6800916,-5.109134,-5.304092,-0.6800916,-5.109134,-5.304092
29880161511841,-0.6815288,-5.0463986,-5.498679,-0.6815288,-5.0463986,-5.498679
29880169446411,-0.38308382,-4.751706,-5.555357,-0.38308382,-4.751706,-5.555357
29880177319946,-0.17911601,-4.3254604,-5.4592066,-0.17911601,-4.3254604,-5.4592066
29880185285034,-0.3154068,-4.179186,-5.1953783,-0.3154068,-4.179186,-5.1953783
29880193158569,-0.61251044,-4.2976193,-4.90897,-0.61251044,-4.2976193,-4.90897
29880201062622,-0.79212046,-4.46262,-4.6664863,-0.79212046,-4.46262,-4.6664863
29880209027710,-0.60652494,-4.5867023,-4.6142936,-0.60652494,-4.5867023,-4.6142936
29880216901245,-0.3459761,-4.6939545,-4.853493,-0.3459761,-4.6939545,-4.853493
29880224866333,0.023008347,-4.843547,-5.223144,0.023008347,-4.843547,-5.223144
29880232739868,0.47820282,-4.855045,-5.4890857,0.47820282,-4.855045,-5.4890857
29880240643921,0.70955396,-4.7785354,-5.377045,0.70955396,-4.7785354,-5.377045
29880248609009,0.6517751,-4.6552253,-4.7797384,0.6517751,-4.6552253,-4.7797384
29880256482544,0.5080824,-4.5257516,-4.1439404,0.5080824,-4.5257516,-4.1439404
29880264417114,0.45292544,-4.4236193,-3.8894677,0.45292544,-4.4236193,-3.8894677
29880272260132,0.4116881,-4.297433,-4.0592823,0.4116881,-4.297433,-4.0592823
29880280164184,0.089643,-3.9911778,-4.6139665,0.089643,-3.9911778,-4.6139665
29880288129272,-0.21087146,-3.5619104,-5.1212993,-0.21087146,-3.5619104,-5.1212993
29880296002807,-0.23115802,-3.2240674,-5.4901814,-0.23115802,-3.2240674,-5.4901814
29880303937378,-0.28958178,-2.989318,-5.5927453,-0.28958178,-2.989318,-5.5927453
29880311810913,-0.60359526,-2.884963,-5.108664,-0.60359526,-2.884963,-5.108664
29880319684448,-1.0297875,-2.6990986,-3.6218903,-1.0297875,-2.6990986,-3.6218903
29880327588501,-1.5916679,-2.3991914,-1.1217284,-1.5916679,-2.3991914,-1.1217284
29880335462036,-1.805716,-1.9671843,1.4297409,-1.805716,-1.9671843,1.4297409
29880343366089,-1.3793783,-1.424943,3.2583098,-1.3793783,-1.424943,3.2583098
29880351209106,-1.0214629,-1.0346055,3.6637945,-1.0214629,-1.0346055,3.6637945
29880359113159,-0.33735418,-0.52593946,3.8276658,-0.33735418,-0.52593946,3.8276658
29880367017212,-0.3639164,-0.14129019,3.8225803,-0.3639164,-0.14129019,3.8225803
29880374921264,-0.35354567,0.378057,4.1522884,-0.35354567,0.378057,4.1522884
29880382855835,-0.45360804,0.96594906,4.971236,-0.45360804,0.96594906,4.971236
29880390729370,-0.58116484,1.5899897,6.381503,-0.58116484,1.5899897,6.381503
29880398602905,-0.9715128,2.2771666,8.018257,-0.9715128,2.2771666,8.018257
29880406598510,-1.1248746,2.7874923,9.382992,-1.1248746,2.7874923,9.382992
29880414472046,-1.3855066,3.0734382,10.53529,-1.3855066,3.0734382,10.53529
29880422345581,-1.8442116,3.234986,11.404781,-1.8442116,3.234986,11.404781
29880430219116,-2.2448835,3.2650626,11.788952,-2.2448835,3.2650626,11.788952
29880438092651,-2.0580459,3.429086,11.827645,-2.0580459,3.429086,11.827645
29880445966186,-1.4566727,3.8079183,11.428743,-1.4566727,3.8079183,11.428743
29880453839721,-0.8486757,4.245143,11.453102,-0.8486757,4.245143,11.453102
29880461743774,-0.5587311,4.4509377,11.331646,-0.5587311,4.4509377,11.331646
29880469617309,-0.22843742,4.5242186,11.19669,-0.22843742,4.5242186,11.19669
29880477490844,0.053811073,4.551495,10.936022,0.053811073,4.551495,10.936022
29880485425415,-0.095948696,4.3440056,10.167789,-0.095948696,4.3440056,10.167789
29880493298950,-0.27298737,4.1238003,9.056948,-0.27298737,4.1238003,9.056948
29880501264038,-0.22710657,3.993701,7.581032,-0.22710657,3.993701,7.581032
29880509168091,-0.17112207,3.9368598,6.0021563,-0.17112207,3.9368598,6.0021563
29880517041626,-0.110192776,3.911488,4.678253,-0.110192776,3.911488,4.678253
29880524976196,-0.14161015,3.8413634,3.7653294,-0.14161015,3.8413634,3.7653294
29880532880249,-0.21372747,3.701894,3.243949,-0.21372747,3.701894,3.243949
29880540753784,-0.17372847,3.4644148,3.1475115,-0.17372847,3.4644148,3.1475115
29880548627319,0.0017905235,3.18471,3.2379522,0.0017905235,3.18471,3.2379522
29880556531372,0.18277597,2.9182017,3.4350786,0.18277597,2.9182017,3.4350786
29880564465942,0.4182551,2.7294698,3.562687,0.4182551,2.7294698,3.562687
29880572339477,0.54930115,2.5898144,3.5930614,0.54930115,2.5898144,3.5930614
29880580274048,0.5351279,2.3787782,3.5692263,0.5351279,2.3787782,3.5692263
29880588147583,0.3704915,2.2173712,3.4923515,0.3704915,2.2173712,3.4923515
29880596051635,0.260036,2.0744133,3.3513098,0.260036,2.0744133,3.3513098
29880604016723,0.34533525,1.963166,3.2965612,0.34533525,1.963166,3.2965612
29880611890259,0.5548818,1.8937532,3.1543694,0.5548818,1.8937532,3.1543694
29880619855346,0.84811974,1.7947744,2.8288708,0.84811974,1.7947744,2.8288708
29880627728882,0.9790695,1.6830635,2.4534903,0.9790695,1.6830635,2.4534903
29880635602417,1.0268824,1.550806,1.951581,1.0268824,1.550806,1.951581
29880643506469,0.8917382,1.4566865,1.4928036,0.8917382,1.4566865,1.4928036
29880651410522,0.6007631,1.3929068,0.9741907,0.6007631,1.3929068,0.9741907
29880659375610,0.4244058,1.3344325,0.5309591,0.4244058,1.3344325,0.5309591
29880667310180,0.42032242,1.2252256,0.38079262,0.42032242,1.2252256,0.38079262
29880675183716,0.27467918,1.2067001,0.4024086,0.27467918,1.2067001,0.4024086
29880683118286,0.12929296,1.2168467,0.37856102,0.12929296,1.2168467,0.37856102
29880691022339,0.17085648,1.1394154,0.48513794,0.17085648,1.1394154,0.48513794
29880698956909,0.26036477,1.0544074,0.58911324,0.26036477,1.0544074,0.58911324
29880706830444,0.41989136,0.9584756,0.59981346,0.41989136,0.9584756,0.59981346
29880714703979,0.6573503,0.8756542,0.49106407,0.6573503,0.8756542,0.49106407
29880722577514,0.80374765,0.80873835,0.22630787,0.80374765,0.80873835,0.22630787
29880730451050,0.7195487,0.78127646,0.080168724,0.7195487,0.78127646,0.080168724
29880738324585,0.5357206,0.74116063,0.13602924,0.5357206,0.74116063,0.13602924
29880746228637,0.36286092,0.7093468,0.0948658,0.36286092,0.7093468,0.0948658
29880754102173,0.110952854,0.73576665,-0.03178978,0.110952854,0.73576665,-0.03178978
29880762067260,-0.16986561,0.75310063,0.006649971,-0.16986561,0.75310063,0.006649971
29880769971313,-0.3266313,0.7204263,0.09521866,-0.3266313,0.7204263,0.09521866
29880777905884,-0.3090484,0.6542125,0.123859406,-0.3090484,0.6542125,0.123859406
29880785809936,-0.16798735,0.61429095,0.089990616,-0.16798735,0.61429095,0.089990616
29880793683471,0.0060253143,0.63686633,0.06552601,0.0060253143,0.63686633,0.06552601
29880801587524,0.14627767,0.62670135,0.0672102,0.14627767,0.62670135,0.0672102
29880809522094,0.22114253,0.6106217,0.05722809,0.22114253,0.6106217,0.05722809
29880817456665,0.1391213,0.57097864,-3.0517578E-4,0.1391213,0.57097864,-3.0517578E-4
29880825360718,-0.019639015,0.50550747,-0.038790703,-0.019639015,0.50550747,-0.038790703
29880833234253,-0.056278944,0.4767387,-0.05346489,-0.056278944,0.4767387,-0.05346489
29880841138305,-0.074083805,0.50110674,-0.09463692,-0.074083805,0.50110674,-0.09463692
29880849042358,-0.05206108,0.49511218,-0.11945534,-0.05206108,0.49511218,-0.11945534
29880857007446,0.087836266,0.4897704,-0.22874546,0.087836266,0.4897704,-0.22874546
29880864880981,0.23367763,0.45212007,-0.2596407,0.23367763,0.45212007,-0.2596407
29880872785034,0.4266343,0.336946,-0.08922577,0.4266343,0.336946,-0.08922577
29880880719604,0.55457854,0.2222321,0.104016304,0.55457854,0.2222321,0.104016304
29880888593139,0.593549,0.15661693,0.23905277,0.593549,0.15661693,0.23905277
29880896558227,0.5202718,0.1654017,0.48558998,0.5202718,0.1654017,0.48558998
29880904431762,0.3203919,0.16555285,0.49448395,0.3203919,0.16555285,0.49448395
29880912305298,0.062932014,0.1710763,0.10936928,0.062932014,0.1710763,0.10936928
29880920178833,-0.07591677,0.15082455,-0.28586292,-0.07591677,0.15082455,-0.28586292
29880928052368,-0.04252267,0.08255267,-0.38390923,-0.04252267,0.08255267,-0.38390923
29880935925903,0.085338116,-0.064312935,-0.3121004,0.085338116,-0.064312935,-0.3121004
29880943829956,-0.18535471,-0.21132517,0.16376495,-0.18535471,-0.21132517,0.16376495
29880951703491,-0.08072376,-0.20599318,0.87001705,-0.08072376,-0.20599318,0.87001705
29880959638061,0.07801652,-0.27721047,0.9915905,0.07801652,-0.27721047,0.9915905
29880967511596,-0.12623978,-0.20755482,0.3420372,-0.12623978,-0.20755482,0.3420372
29880975476684,-0.1605022,0.028620243,-0.8266735,-0.1605022,0.028620243,-0.8266735
29880983319702,-0.017662764,0.3511026,-2.194766,-0.017662764,0.3511026,-2.194766
29880991223755,-0.15419531,0.56445265,-3.337729,-0.15419531,0.56445265,-3.337729
29880999158325,0.5173602,0.92332006,-3.3375187,0.5173602,0.92332006,-3.3375187
29881007031860,1.3223599,0.84723186,-1.5106721,1.3223599,0.84723186,-1.5106721
29881014996948,1.1346816,0.39048743,-0.7822075,1.1346816,0.39048743,-0.7822075
29881022870483,0.043437243,0.0467093,-0.02667427,0.043437243,0.0467093,-0.02667427
29881030774536,0.01570201,0.051432133,0.09291458,0.01570201,0.051432133,0.09291458
29881038709106,0.44506502,0.049627066,0.08779335,0.44506502,0.049627066,0.08779335
29881046582641,0.7847265,0.03412795,-0.32353592,0.7847265,0.03412795,-0.32353592
29881054517212,1.050104,0.08970404,-0.78195286,1.050104,0.08970404,-0.78195286
29881062390747,1.1809099,0.16802597,-1.1151047,1.1809099,0.16802597,-1.1151047
29881070264282,1.0827898,0.22511363,-1.198524,1.0827898,0.22511363,-1.198524
29881078229370,0.8061706,0.23217225,-0.88669014,0.8061706,0.23217225,-0.88669014
29881086133423,0.6389922,0.16483498,-0.25585747,0.6389922,0.16483498,-0.25585747
29881094067993,0.47989464,0.058182,0.3875637,0.47989464,0.058182,0.3875637
29881101941528,0.38444138,0.0076186657,0.9911194,0.38444138,0.0076186657,0.9911194
29881109815063,0.40143704,-0.044615507,1.4210138,0.40143704,-0.044615507,1.4210138
29881117719116,0.30675912,-0.095006704,1.509552,0.30675912,-0.095006704,1.509552
29881125592651,0.22325063,-0.069578886,1.1916695,0.22325063,-0.069578886,1.1916695
29881133466186,0.22061348,-0.0035429,0.538434,0.22061348,-0.0035429,0.538434
29881141370239,0.19836569,0.044335365,-0.024230003,0.19836569,0.044335365,-0.024230003
29881149213257,0.21361804,0.11030388,-0.5641823,0.21361804,0.11030388,-0.5641823
29881157208862,0.14415169,0.1771636,-0.7078285,0.14415169,0.1771636,-0.7078285
29881165082397,0.08302426,0.27313757,-0.6555767,0.08302426,0.27313757,-0.6555767
29881173016968,0.07043433,0.33708644,-0.51909065,0.07043433,0.33708644,-0.51909065
29881180890503,-0.03034544,0.36811328,-0.35087204,-0.03034544,0.36811328,-0.35087204
29881188764038,-0.24197245,0.31526947,-0.24920654,-0.24197245,0.31526947,-0.24920654
29881196668091,-0.34395957,0.24517775,-0.13317871,-0.34395957,0.24517775,-0.13317871
29881204602661,-0.3255539,0.2606573,-0.060552597,-0.3255539,0.2606573,-0.060552597
29881212537231,-0.27171612,0.30418682,-0.08191013,-0.27171612,0.30418682,-0.08191013
29881220441284,-0.24178839,0.3377185,-0.09901714,-0.24178839,0.3377185,-0.09901714
29881228314819,-0.18464327,0.28276873,0.13003445,-0.18464327,0.28276873,0.13003445
29881236279907,-0.048175573,0.21252465,0.26778984,-0.048175573,0.21252465,0.26778984
29881244153442,-0.0752337,0.16453147,0.23103428,-0.0752337,0.16453147,0.23103428
29881252088012,-0.26464343,0.18520045,0.18135452,-0.26464343,0.18520045,0.18135452
29881259961548,-0.29463553,0.24083638,0.19329834,-0.29463553,0.24083638,0.19329834
29881267835083,-0.19812083,0.29762006,0.15524769,-0.19812083,0.29762006,0.15524769
29881275739135,-0.088499546,0.32163763,0.08926964,-0.088499546,0.32163763,0.08926964
29881283673706,0.035904884,0.30881166,-0.04508972,0.035904884,0.30881166,-0.04508972
29881291608276,0.068406105,0.22185373,-0.14552784,0.068406105,0.22185373,-0.14552784
29881299481811,-0.010228634,0.22844505,-0.2941246,-0.010228634,0.22844505,-0.2941246
29881307355346,0.027027845,0.22423744,-0.4122591,0.027027845,0.22423744,-0.4122591
29881315228882,0.11625099,0.22344184,-0.37998772,0.11625099,0.22344184,-0.37998772
29881323163452,0.16769576,0.20689416,-0.3095188,0.16769576,0.20689416,-0.3095188
29881331036987,0.18125033,0.19811368,-0.2989292,0.18125033,0.19811368,-0.2989292
29881338910522,0.2186265,0.17822528,-0.30773544,0.2186265,0.17822528,-0.30773544
29881346784057,0.15399313,0.16892743,-0.26517677,0.15399313,0.16892743,-0.26517677
29881354749145,0.1076808,0.15735602,-0.25873852,0.1076808,0.15735602,-0.25873852
29881362622680,0.15004992,0.15336776,-0.31220722,0.15004992,0.15336776,-0.31220722
29881370618286,0.2091856,0.11641741,-0.39213657,0.2091856,0.11641741,-0.39213657
29881378491821,0.32023048,0.07347798,-0.47494984,0.32023048,0.07347798,-0.47494984
29881386365356,0.45509553,0.029766321,-0.4241457,0.45509553,0.029766321,-0.4241457
29881394360962,0.44361305,0.051860332,-0.37370682,0.44361305,0.051860332,-0.37370682
29881402234497,0.28901255,0.02431345,-0.28737068,0.28901255,0.02431345,-0.28737068
29881410108032,0.26054943,0.0059435368,-0.18134403,0.26054943,0.0059435368,-0.18134403
29881417951050,0.2962662,0.008280039,-0.12726974,0.2962662,0.008280039,-0.12726974
29881425855102,0.35429263,-0.01666379,-0.14160156,0.35429263,-0.01666379,-0.14160156
29881433789673,0.40710235,0.014881611,-0.20546627,0.40710235,0.014881611,-0.20546627
29881441663208,0.3765111,0.02904582,-0.26665878,0.3765111,0.02904582,-0.26665878
29881449628296,0.34202075,0.0072598457,-0.27495384,0.34202075,0.0072598457,-0.27495384
29881457501831,0.3700385,0.054817915,-0.2538824,0.3700385,0.054817915,-0.2538824
29881465375366,0.3127135,0.14794087,-0.27997398,0.3127135,0.14794087,-0.27997398
29881473309936,0.20500576,0.17618418,-0.33899403,0.20500576,0.17618418,-0.33899403
29881481183471,0.09851289,0.12828279,-0.3211136,0.09851289,0.12828279,-0.3211136
29881489118042,-0.046007395,0.10704303,-0.26734638,-0.046007395,0.10704303,-0.26734638
29881496991577,-0.11242485,0.11943555,-0.26648808,-0.11242485,0.11943555,-0.26648808
29881504865112,-0.067379236,0.14360571,-0.28975677,-0.067379236,0.14360571,-0.28975677
29881512769165,0.005820036,0.12971854,-0.36829185,0.005820036,0.12971854,-0.36829185
29881520642700,0.09115839,0.16188693,-0.37272835,0.09115839,0.16188693,-0.37272835
29881528546753,0.06657481,0.1849699,-0.33655643,0.06657481,0.1849699,-0.33655643
29881536420288,-0.07496047,0.16525054,-0.2740488,-0.07496047,0.16525054,-0.2740488
29881544293823,-0.102951765,0.16221714,-0.16819477,-0.102951765,0.16221714,-0.16819477
29881552258911,-0.05076337,0.21361685,-0.10737991,-0.05076337,0.21361685,-0.10737991
29881560193481,-0.014742851,0.21920061,-0.14449596,-0.014742851,0.21920061,-0.14449596
29881568128052,-0.072429895,0.20108438,-0.1554203,-0.072429895,0.20108438,-0.1554203
29881576001587,-0.110028505,0.20490384,-0.018345833,-0.110028505,0.20490384,-0.018345833
29881583905639,-0.081754684,0.18218088,0.08979893,-0.081754684,0.18218088,0.08979893
29881591870727,-0.0053818226,0.16638255,0.06106186,-0.0053818226,0.16638255,0.06106186
29881599744262,0.08126402,0.12634778,0.020064354,0.08126402,0.12634778,0.020064354
29881607617798,0.13608575,0.11290288,-0.054675102,0.13608575,0.11290288,-0.054675102
29881615491333,0.1217947,0.1428678,-0.17013073,0.1217947,0.1428678,-0.17013073
29881623364868,0.08666587,0.18522334,-0.19935513,0.08666587,0.18522334,-0.19935513
29881631238403,0.12015152,0.17988205,-0.18518543,0.12015152,0.17988205,-0.18518543
29881639111938,0.102360725,0.14359927,-0.08935547,0.102360725,0.14359927,-0.08935547
29881647046509,0.068295,0.11705136,-0.0030403137,0.068295,0.11705136,-0.0030403137
29881654920044,0.093262434,0.049351454,0.028162003,0.093262434,0.049351454,0.028162003
29881662793579,0.092704535,-0.004761219,-0.010180473,0.092704535,-0.004761219,-0.010180473
29881670758667,-0.099257946,0.055211782,-0.09904194,-0.099257946,0.055211782,-0.09904194
29881678632202,-0.3357948,0.10470557,-0.011297226,-0.3357948,0.10470557,-0.011297226
29881686627807,-0.58843505,0.15414762,0.16728497,-0.58843505,0.15414762,0.16728497
29881694531860,-0.6452334,0.042386293,0.5042591,-0.6452334,0.042386293,0.5042591
29881702405395,-0.6435256,-0.054606676,0.72551346,-0.6435256,-0.054606676,0.72551346
29881710278930,-0.61759615,0.13716006,0.43866253,-0.61759615,0.13716006,0.43866253
29881718152466,-0.32960224,0.28066158,-0.07786465,-0.32960224,0.28066158,-0.07786465
29881726056518,0.07100415,0.14954138,-0.6601076,0.07100415,0.14954138,-0.6601076
29881733930053,0.39850688,-0.018090487,-1.0527344,0.39850688,-0.018090487,-1.0527344
29881741803589,0.769459,-0.09059429,-1.0315676,0.769459,-0.09059429,-1.0315676
29881749738159,0.9118445,-0.17557311,-0.44871998,0.9118445,-0.17557311,-0.44871998
29881757611694,0.5536597,-0.2434454,0.5152426,0.5536597,-0.2434454,0.5152426
29881765576782,0.99896824,-0.39444423,-4.796857,0.99896824,-0.39444423,-4.796857
29881773480835,1.822488,0.6752467,-3.6650171,1.822488,0.6752467,-3.6650171
29881781354370,0.6497551,0.49563098,-3.206779,0.6497551,0.49563098,-3.206779
29881789258423,-0.3970071,0.5618541,-0.6028719,-0.3970071,0.5618541,-0.6028719
29881797131958,-0.89640915,0.3596058,2.0953264,-0.89640915,0.3596058,2.0953264
29881805097046,-1.0466366,0.29232788,2.663188,-1.0466366,0.29232788,2.663188
29881813001098,-0.68352365,0.18098569,2.4820986,-0.68352365,0.18098569,2.4820986
29881820874634,-0.54829645,-0.0018787384,2.037486,-0.54829645,-0.0018787384,2.037486
29881828717651,-0.28123987,-0.08125734,1.8525972,-0.28123987,-0.08125734,1.8525972
29881836621704,-0.1050992,-0.21127248,1.7286873,-0.1050992,-0.21127248,1.7286873
29881844556274,0.021519661,-0.36404872,0.85144615,0.021519661,-0.36404872,0.85144615
29881852460327,0.76084226,-0.6338749,-1.1519032,0.76084226,-0.6338749,-1.1519032
29881860333862,2.035454,0.23028064,-3.0997286,2.035454,0.23028064,-3.0997286
29881868329468,1.9576533,0.7409253,-3.9986486,1.9576533,0.7409253,-3.9986486
29881876203003,1.2973789,0.58188343,-3.7585583,1.2973789,0.58188343,-3.7585583
29881884137573,0.55124533,0.385911,-2.5698323,0.55124533,0.385911,-2.5698323
29881892011108,-0.04277587,0.24020386,-0.79458237,-0.04277587,0.24020386,-0.79458237
