48040132680891,0.010181069,-0.059147835,-0.034298897
48040140645979,0.016788602,-0.1322918,-0.08416033
48040148550031,0.0019088387,-0.020993233,-0.013662338
48040156423567,-0.012588203,0.1582241,0.10352707
48040164358137,-0.015457749,0.1744051,0.117436886
48040172231672,-0.012312889,0.1358099,0.09361553
48040180196760,-0.0058778524,0.070054054,0.048106194
48040188039778,-0.0017464757,0.018193245,0.012328148
48040195913313,-1.2516975E-4,9.422302E-4,6.1655045E-4
48040203817365,0.0067261457,-0.046679497,-0.0300169
48040211721418,0.011557698,-0.07765484,-0.049165726
48040219594953,0.014765024,-0.10286713,-0.063630104
48040227468488,0.011378288,-0.08989525,-0.054762363
48040235372541,0.010532618,-0.08978844,-0.0538435
48040243337629,0.010565281,-0.097662926,-0.05745125
48040251241682,0.004825175,-0.049012184,-0.028063297
48040259206770,2.9867887E-4,-0.003124237,-0.0017671585
48040267110822,-0.008986235,0.10951519,0.059143066
48040275014875,-0.019692361,0.27794075,0.14244556
48040282979963,-0.03211087,0.44223404,0.21643066
48040290884016,-0.055222034,0.6436329,0.3027954
48040298788069,-0.08255571,0.7795973,0.34660172
48040306692121,-0.10430479,0.7853899,0.32716894
48040314596174,-0.123348236,0.8974724,0.34359336
48040322591779,-0.15969348,1.0319719,0.34182024
48040330465315,-0.18023849,1.1415005,0.3267641
48040338430403,-0.18023801,1.248766,0.31478715
48040346303938,-0.12454331,0.94433117,0.24323845
48040354177473,-0.03671646,0.30106926,0.07529521
48040362142561,-0.031819403,0.3459139,0.08776426
48040370016096,-0.028681457,0.27745438,0.07978678
48040377889631,-0.057054758,0.39694118,0.12552452
48040385763166,-0.21267629,1.3000813,0.39741755
48040393636701,-0.45028698,2.3124866,0.79357433
48040401601789,-0.6335374,3.0363617,1.2336357
48040409475324,-0.63351905,3.4384146,1.4234061
48040417409895,-0.45770288,3.9817133,1.6946745
48040425313947,-0.17359641,4.5355425,1.71926
48040433218000,0.1996417,5.162402,1.783922
48040441152570,3.8336854,5.11133,4.5773435
48040449056623,2.3708284,5.1807623,3.3610892
48040456991194,-0.7416339,5.611718,1.804858
48040464864729,-1.574816,6.1025295,-0.80482185
48040472738264,-1.6053724,6.674865,-1.6113799
48040480672834,-2.019716,7.640712,-2.8066294
48040488546369,-2.0593114,6.798112,-3.0905414
48040496389387,-0.85871506,4.7563915,-2.3523407
48040504293440,0.3607325,3.6546125,-2.1956773
48040512166975,0.8573352,3.4384465,-2.8527265
48040520101545,0.46365714,1.4555054,-0.70670843
48040528005598,0.73306656,2.0495324,-2.3247976
48040535940168,0.17392778,0.31833553,-0.27773094
48040543844221,-0.63100266,-0.9077511,0.913085
48040551748274,-2.2553115,-4.007245,-0.94301176
48040559713362,2.22146,-2.3937633,-3.132198
48040567617414,3.2191095,-1.8448253,-0.655771
48040575490949,0.86656475,-0.49829197,-0.7590332
48040583364485,0.781549,-0.35400653,-0.6001153
48040591268537,0.39010668,-0.14812326,-0.3447895
48040599233625,0.6910002,-0.35253227,-1.3561344
48040607107160,0.08168259,-0.37059665,-2.3234124
48040615072248,-0.38609505,-0.073359,-2.359048
48040622976301,-3.0871887,0.26946628,-3.4096985
48040630880354,-3.066348,0.50729185,-2.7102034
48040638845442,-3.2344527,4.5782337,-4.992305
48040646718977,0.11880787,7.614476,2.5381598
48040654623029,1.1284385,2.1845012,5.1158123
48040662527082,0.6494081,0.18053064,3.3022046
48040670400617,0.11293125,-0.119454265,0.5744448
48040678365705,-0.2860074,0.6546109,-1.4655342
48040686239240,-0.20157573,2.0385556,-3.6126995
48040694173811,0.7214762,3.1211772,-5.202881
48040702077863,1.9110451,3.2765903,-4.48961
48040709981916,4.075395,3.5599837,-8.777864
48040717977522,5.961466,6.3168545,-16.637371
48040725851057,4.3023195,11.367457,-12.613792
48040733724592,0.7890338,11.352886,-5.8648868
48040741598127,0.052764498,10.563749,-5.7693596
48040749502180,2.8795693,10.836122,-9.030338
48040757467268,1.510529,8.127662,-7.9919844
48040765310285,0.77569634,6.121019,-6.8006115
48040773244856,0.4893024,5.438626,-3.862958
48040781148908,0.35147035,3.952591,-1.5750804
48040789052961,0.07316196,2.7703,-0.84408736
48040797018049,-0.024836034,0.7265339,-0.16119099
48040804922102,-0.018698275,0.57790375,-0.036729634
48040812856672,0.010638587,1.6645308,0.36915016
48040820730207,-0.10367522,2.2151299,0.7780266
48040828603742,-0.092962354,1.8940058,0.6421428
48040836568830,-0.07535452,1.2587004,0.35670495
48040844442365,-0.28100097,1.6062412,0.7340741
48040852376936,-0.26931226,1.645237,0.6812711
48040860250471,-0.13221157,1.5270395,0.34308958
48040868124006,-0.20551789,1.4015646,0.3678105
48040876089094,-0.50096965,1.3447065,0.12263709
48040883993147,-0.68392754,1.2470255,0.13118654
48040891927717,-0.2648039,0.46545887,-0.041401684
48040899801252,0.12205315,-0.253932,0.005459428
48040907735822,0.61345315,-1.9574466,0.18008947
48040915639875,0.1501298,-2.3110027,1.7305007
48040923604963,-0.28195673,-0.97960997,2.3629885
48040931539533,1.5709417,1.8926725,-3.628543
48040939413069,1.0205998,3.4861555,-1.1891336
48040947286604,0.54288054,2.3360233,-0.86446357
48040955221174,-0.27092683,3.546813,-2.3931856
48040963094709,-1.1906532,5.8340006,-4.5520735
48040971059797,-0.8104609,4.9403057,-6.007819
48040978933332,-1.3976884,6.2026925,-6.982583
48040986837385,-2.5161288,7.4253774,-6.451074
48040994802473,-2.6040199,8.466637,-7.065146
48041002706526,-1.4861709,7.7368593,-5.5342927
48041010580061,-0.4442381,7.522064,-5.061511
48041018484113,0.3211679,7.792342,-4.2822595
48041026357649,0.69748044,7.597699,-3.238451
48041034322737,0.7210846,7.3740625,-2.6827385
48041042196272,0.122949496,6.9044933,-2.4753318
48041050130842,-0.46859455,6.648735,-2.3741167
48041058034895,-0.7032252,6.8336086,-2.1420832
48041065938947,-0.80608964,6.786848,-1.9633934
48041073873518,-0.46104455,6.603653,-1.8787186
48041081777570,0.14653848,6.545418,-1.6822703
48041089651106,0.49155927,6.4570074,-1.4225538
48041097524641,0.79618657,6.3295383,-1.1966852
48041105367658,1.165248,5.7547607,-1.0014964
48041113363264,1.5300901,6.0632544,-0.75943255
48041121297834,1.47387,5.302994,-0.43637896
48041129232404,1.447711,4.6530704,-0.4214841
48041137075422,1.2870495,4.6280794,-1.1835914
48041144979475,2.237946,4.6722517,-1.024948
48041152944563,2.2795358,4.961195,-2.6099138
48041160848615,0.39019823,4.5557747,-3.656682
48041168722151,-0.94670343,4.089608,-5.2300987
48041176595686,-1.6481432,3.3131065,-6.902599
48041184469221,-2.6213024,2.8863602,-8.15486
48041192434309,-3.8389282,2.4199886,-8.94676
48041200368879,-4.4825068,1.1347733,-9.994005
48041208303449,-4.6659675,-0.74446154,-12.117765
48041216176985,-4.6909466,-1.9689927,-12.740958
48041224050520,-5.3129444,-2.5077343,-13.891018
48041231985090,-5.051052,-2.637219,-16.074835
48041239858625,-4.557764,-2.8118658,-17.912445
48041247823713,-5.3668585,-3.1209164,-19.48819
48041255727766,-3.592663,-2.2503905,-18.89637
48041263631819,-1.6418853,-0.702528,-18.929863
48041271596906,0.24056244,1.7780099,-19.931501
48041279500959,2.5509439,3.6552463,-18.2995
48041287435529,4.6491365,4.870036,-13.200701
48041295309065,5.488476,4.385288,-11.57642
48041303213117,4.8127747,2.5660348,-12.297426
48041311178205,2.4839292,0.76327467,-13.444677
48041319143293,-1.446103,-0.40644693,-12.946436
48041327077863,-4.6259794,-0.12969398,-14.021271
48041334951399,-7.1246924,0.90894985,-15.934405
48041342824934,-12.011927,1.8907065,-18.129803
48041350820539,-17.353912,2.117041,-19.444864
48041358724592,-15.583796,0.2926278,-15.92991
48041366689680,-8.325047,-0.8227134,-12.066105
48041374593733,-2.874,-1.1099925,-9.514901
48041382467268,2.1288476,-0.34208536,-7.691508
48041390401838,6.5958123,0.53453207,-7.812301
48041398275373,9.047692,0.7151141,-8.069499
48041406240461,5.737217,0.05250168,-8.488449
48041414113996,2.2698107,-0.9291315,-8.668549
48041421987531,-1.1812797,-1.9599347,-9.071477
48041429952619,-3.6932652,-2.5509725,-8.667063
48041437826154,-5.3781886,-2.5478368,-7.747346
48041445791242,-5.601808,-2.1002727,-6.8381767
48041453664778,-4.636648,-1.6371646,-5.7394347
48041461568830,-3.3508902,-0.9401598,-5.0419307
48041469503401,-5.129057,-0.73005867,0.99067235
48041477376936,-2.4935794,-1.8820429,-0.626024
48041485342024,1.433991,0.42990685,1.0176847
48041493215559,-3.1874504,1.3020058,0.10515571
48041501089094,-1.7001153,2.5425968,-0.21688724
48041509023664,-0.73826665,4.076354,-0.31794262
48041516897199,-0.44073507,4.6614914,-1.4839165
48041524801252,-1.0351958,3.4920359,-1.5493197
48041532705305,-1.2171739,1.9652672,-0.763216
48041540578840,-0.31818977,1.3197803,-0.83771825
48041548543928,0.6345541,1.4290257,-0.76796174
48041556417463,0.45388037,2.0496616,-0.46315455
48041564352033,-0.32597178,2.8569107,-0.49272394
48041572256086,-0.7029636,3.1351051,-0.5672188
48041580160139,-1.0139607,2.6293602,-0.6805465
48041588125227,-1.1779954,1.7349215,-0.8669846
48041596029279,-1.3093117,0.9254904,-0.9772849
48041603902815,-1.2856945,0.4160204,-1.1584439
48041611776350,-1.0143867,0.222826,-1.2319523
48041619649885,-0.89303404,0.13249874,-1.1944085
48041627614973,-0.8582442,-0.003148079,-1.003541
48041635457990,-0.69583267,-0.24580288,-0.6851311
48041643392561,-0.1756503,-0.48751163,-0.71879125
48041651266096,0.047479242,-0.6038761,-0.8481834
48041659170149,-0.21827684,-0.62833977,-0.9397142
48041667135237,-0.36769906,-0.5033169,-0.66105676
48041675008772,-0.59501696,-0.19329166,-0.57599545
48041682973860,-0.41906887,-0.026283264,-0.49059868
48041690847395,-0.442398,-0.18631172,-0.25767612
48041698751447,-0.37928575,-0.24743462,-0.2452929
48041706716535,-0.20355567,-0.17395306,-0.28275418
48041714681623,-0.14983809,-0.0042123795,-0.31008244
48041722616194,-0.060538054,0.16594791,-0.32940674
48041730520246,-0.15217385,0.43690872,-0.48128128
48041738424299,-0.16892828,0.650733,-0.7444196
48041746389387,-0.24562429,0.7069359,-0.8221296
48041754262922,-0.43581045,0.74666214,-0.86001813
48041762136457,-0.47709787,0.8344927,-1.0756928
48041770040510,-0.40608025,0.7644892,-1.1936615
48041777914045,-0.4115157,0.54133034,-1.1728874
48041785848615,-0.44065994,0.3105774,-1.3205291
48041793722151,-0.42626083,0.100878716,-1.2221253
48041801687238,-0.5260706,-0.018445015,-1.0017672
48041809591291,-0.5499591,0.024432182,-0.83668005
48041817464826,-0.40542996,0.071712494,-0.6798258
48041825399397,-0.20875002,0.078022,-0.65376973
48041833272932,-0.14113252,0.043506622,-0.58190966
48041841238020,-0.15743338,0.044813156,-0.5757377
48041849142072,-0.31881285,0.0016145706,-0.5725713
48041857046125,-0.57423663,-0.10771656,-0.52199554
48041865011213,-0.71994656,-0.091937065,-0.63669646
48041872884748,-0.84620476,-0.09054661,-0.8326421
48041880819319,-0.9791359,-0.07962799,-1.0522757
48041888723371,-1.0518887,-0.06162262,-1.2259803
48041896596906,-1.0721728,-0.031805992,-1.3534688
48041904561994,-1.109559,-0.026154518,-1.3315333
48041912496565,-1.063746,-0.13342857,-1.298339
48041920431135,-0.85664546,-0.23610973,-0.9840789
48041928335188,-0.7206781,-0.19990253,-0.6960616
48041936178205,-0.48764148,-0.10844326,-0.4133849
48041944143293,-0.24260874,-0.050063133,-0.03417349
48041952077863,0.0800757,0.23133087,-0.025002241
48041960012434,0.2582219,0.53693867,-0.03601837
48041967885969,0.15085313,0.78297234,0.0045535564
48041975790022,-0.065652624,0.88081074,0.022650242
48041983755110,-0.27433425,0.837574,0.011348009
48041991659162,-0.30342326,0.7370119,-0.02437067
48041999593733,-0.39937168,0.5313597,-0.12570071
48042007467268,-0.44728553,0.3569851,-0.30900407
48042015340803,-0.54090166,0.20670319,-0.5024322
48042023275373,-0.641976,-0.039248466,-0.62438846
48042031148908,-0.7557021,-0.2803669,-0.7823889
48042039022444,-0.8970637,-0.47364807,-0.95212877
48042046895979,-0.97059715,-0.6382141,-0.9948971
48042054769514,-0.97886986,-0.64231205,-0.922984
48042062734602,-0.9591545,-0.43279457,-0.84667647
48042070638654,-0.8041706,-0.2829218,-0.80666125
48042078603742,-0.5927172,-0.24342155,-0.70095587
48042086507795,-0.34645635,-0.22293091,-0.7634959
48042094381330,-0.26216945,-0.083005905,-0.95656776
48042102315901,-0.008246437,-0.11309624,-0.93164134
48042110189436,-1.2920021,-0.23190022,-0.738461
48042118093488,-0.8610016,-0.4707241,-1.2070775
48042125967024,0.14385405,-0.2926855,-0.123189926
48042133871076,1.1655878,-0.059696198,-0.39625907
48042141836164,1.0716691,0.022616386,-0.42085338
48042149740217,0.6775784,0.076208115,-0.33284843
48042157705305,0.266715,0.012341499,-0.27523506
48042165548322,-0.06150105,-0.046819687,-0.29857504
48042173452375,-0.1718734,-0.16099644,-0.2646488
48042181417463,-0.28289956,-0.18160152,-0.19569731
48042189290998,-0.16306788,0.039653778,-0.2514683
48042197195051,-0.22650604,0.31608868,-0.26947463
48042205068586,-0.42028117,0.4346943,-0.18781257
48042212942121,-0.6009519,0.38103867,-0.22643793
48042220907209,-0.62994945,0.25327682,-0.16747999
48042228780744,-0.6036571,0.14243317,-0.20747912
48042236715315,-0.5401012,-0.032936096,-0.25760472
48042244619367,-0.37202743,-0.10275841,-0.23684776
48042252492903,-0.20431349,-0.08874035,-0.16838789
48042260427473,-0.0363482,-0.055540085,0.012495518
48042268331526,0.0703779,-0.03675556,0.071550846
48042276296613,0.37037355,0.012570381,-0.21376717
48042284200666,0.06641689,0.10534477,0.016463995
48042292074201,-0.41600922,0.2008419,0.060879707
48042300069807,-0.3970438,0.36341572,-0.06724334
48042307943342,-0.40340167,0.40619564,-0.1111362
48042315908430,-0.21132836,0.48966503,-0.14060855
48042323781965,-0.11056845,0.60909843,-0.11284375
48042331686018,0.06881226,0.65175056,-0.15852416
48042339651106,0.33152562,0.58172417,-0.11491299
48042347524641,0.3915119,0.3988886,-0.19444478
48042355489729,0.29473466,0.20624256,-0.15789926
48042363363264,0.24684213,0.07455444,-0.09827685
48042371236799,-0.0069432408,-0.0068483353,-0.26587105
48042379171369,-0.26551703,-0.088251114,-0.586694
48042387044904,-0.7355732,-0.24827671,-0.78734803
48042394918440,-1.2772242,-0.51596546,-0.60998714
48042402761457,-0.59422964,-0.37446022,-0.70706403
48042410634992,-0.5014403,-0.24737835,-0.5931647
