56301645183162,0.0041892976,-0.24439621,-0.027846336
56301653056697,0.002982378,-0.05043125,-0.008807421
56301660991267,-0.0035075843,0.11440086,0.014588952
56301668895320,-0.0014900714,0.091563225,0.008295357
56301676799373,-9.4647706E-4,0.0525856,0.0043578744
56301684764461,5.2785873E-4,-0.012997627,-0.001141429
56301692637996,-8.3214045E-4,0.017162323,0.0014387965
56301700572566,-3.3929944E-4,0.0071468353,4.976392E-4
56301708476619,-0.0017890334,0.032564163,0.0024300218
56301716350154,-6.6673756E-4,0.012220383,0.0011150241
56301724284724,-6.958842E-5,0.0022497177,2.5761127E-4
56301732219295,-5.992055E-4,0.014824867,0.0017249584
56301740092830,0.0024493039,-0.059296608,-0.006541252
56301747996883,0.0036202073,-0.07610607,-0.008044124
56301755931453,0.010993838,-0.1554327,-0.015028954
56301763804988,0.023280263,-0.21512985,-0.019470215
56301771739558,0.019582272,-0.14284039,-0.01487267
56301779674129,0.020487905,-0.1686678,-0.015906036
56301787578181,0.0070973635,-0.110985756,-0.0089815855
56301795482234,-5.6385994E-5,0.0023994446,1.7362833E-4
56301803355769,-6.330162E-4,0.11197853,0.0064245462
56301811259822,-8.997973E-5,0.18834591,0.015986681
56301819163875,0.0013510585,0.0823164,0.0054214
56301827067927,0.0036349297,0.07754135,0.005125344
56301834971980,0.006449282,0.11159611,0.010461092
56301842906550,0.005619645,0.15243149,0.020046711
56301850841121,2.3947097E-5,0.08633137,0.0108658075
56301858745174,-1.7042458E-4,0.044638634,0.005226612
56301866679744,-0.0027795434,0.105327606,0.015851378
56301874583797,-0.004658699,0.074380875,0.012922168
56301882487849,-0.0028845072,0.041918755,0.008222103
56301890422420,-0.0028244853,0.04642582,0.010363817
56301898356990,-0.0016807616,0.041018486,0.009477854
56301906261043,-0.0034103692,0.12377739,0.029842854
56301914165095,-0.0026637018,0.18363571,0.04097724
56301922038631,-0.0015542805,0.2369175,0.05549431
56301929942683,-3.9495341E-4,0.32345104,0.08352375
56301937907771,0.0022949427,0.3121271,0.0832293
56301945811824,0.0035820901,0.21029663,0.055423975
56301953715877,0.001471825,0.2024765,0.06381822
56301961589412,0.0011171512,0.19880486,0.07505083
56301969523982,5.981475E-4,0.052329063,0.020792007
56301977428035,0.007140547,0.16041946,0.07221508
56301985332088,0.015388131,0.14521122,0.065928936
56301993236140,-3.1721592E-4,-0.0022554398,-0.0010018349
56302001140193,-0.018548846,-0.16155815,-0.06412792
56302009105281,-0.011806905,-0.20809269,-0.06995106
56302017009334,-6.6909194E-4,-0.07000923,-0.022323132
56302024913386,0.0010294318,-0.030798912,-0.010119438
56302032817439,-0.0076057315,0.12066078,0.046008825
56302040690974,-0.06687069,0.57349014,0.30961466
56302048595027,-0.19526172,1.160481,0.8432603
56302056499080,-0.3978759,1.9290805,1.8321886
56302064433650,-0.5219264,2.680222,3.13727
56302072307185,-0.19689229,4.090068,5.636405
56302080211238,0.3493436,3.6850882,4.214764
56302088145808,0.669232,3.0041618,3.090393
56302096019343,0.9835944,3.398725,3.1943321
56302103953914,1.1390135,3.5731068,1.1622872
56302111857966,3.6526985,6.884094,0.46905708
56302119731502,8.426956,12.705898,-5.1641865
56302127635554,11.994619,16.231756,-5.9107666
56302135509090,7.416097,13.675524,-4.629649
56302143413142,1.1636657,7.1407385,-2.5638514
56302151378230,-0.4342295,3.5468788,-1.0197847
56302159251765,-1.2842016,3.003067,-0.25480145
56302167186336,-1.8141007,2.7768993,-0.19571012
56302175090388,-0.19893837,0.41102028,-0.03922963
56302182994441,-0.18208075,-0.9365177,0.062332034
56302190867976,0.7724409,1.0697522,-0.08933419
56302198741511,3.1707783,3.11455,-0.48810124
56302206645564,5.037688,4.286992,-1.1927315
56302214519099,5.0032616,3.8983445,-1.6137743
56302222453670,3.017942,2.2803588,-0.98527837
56302230388240,0.34853792,0.3219967,-0.11251068
56302238261775,-1.4468315,-2.2846632,-0.030084468
56302246165828,-1.5605866,-4.278084,-0.2351282
56302254069881,-0.01940918,-0.14312363,0.17947054
56302262004451,-2.4030337,2.1881444,-6.6966724
56302269908504,-6.0473,1.398926,-6.227258
56302277782039,-3.0316792,-0.02886691,-0.16528362
56302285686091,1.9722528,-0.77852035,1.5094643
56302293590144,-1.06884,-1.5032859,0.3432523
56302301494197,4.5385914,3.2969089,0.29559857
56302309428767,7.7499285,4.630857,-2.1896405
56302317302302,7.6523476,3.2688107,-3.2836547
56302325236873,4.1586723,1.4260595,-2.142272
56302333140925,1.2138028,0.523654,-1.324285
56302341044978,-0.017597675,-0.019081593,0.058743477
56302348949031,-0.11455369,0.22739601,-0.70988464
56302356853084,-1.7127354,1.1529179,-4.0321865
56302364726619,-3.9153576,1.386303,-5.292893
56302372630672,-4.6953354,0.5991174,-4.651852
56302380565242,-2.5851836,-0.20106193,-3.8944035
56302388469295,-0.7578397,0.031175189,-2.9457693
56302396403865,-0.37935376,0.20834005,-1.526082
56302404277400,-0.16343379,0.2798164,-1.4426794
56302412181453,0.29651248,0.2817223,-1.7435722
56302420085506,1.24683,0.025322001,-5.4893684
56302427989558,0.26383638,0.040641516,-0.95407104
56302435863093,-0.77145946,-2.3912277,4.800191
56302443797664,0.56913877,-0.5210607,-4.0362854
56302451701716,-1.120208,-0.85868716,-5.0371866
56302459605769,-7.173745,2.0424526,4.97805
56302467509822,-8.629679,5.553926,-3.3996458
56302475383357,-3.5566473,5.2662606,-3.6899724
56302483287410,1.137785,7.8096,-2.2559366
56302491160945,4.7852874,11.770279,-4.9789267
56302499095515,2.924626,10.30954,-5.580976
56302506999568,-1.3858796,8.201448,-4.4369264
56302514903621,-5.3591585,8.1948185,-9.106425
56302522807674,-5.483841,6.0242023,-11.363106
56302530742244,-2.225725,3.227631,-6.9993095
56302538676814,-0.3865878,2.8431582,-6.7264223
56302546580867,-0.85203934,3.2499437,-7.1627083
56302554515437,-1.9974713,3.7407565,-6.521962
56302562388972,-0.025059111,5.620826,-10.632355
56302570323543,1.3700165,5.5325155,-9.700128
56302578197078,2.4222832,5.7243967,-8.226445
56302586101131,4.5441885,7.5418625,-7.8148503
56302594035701,6.010528,10.15955,-7.4375877
56302601939754,5.0372553,12.497129,-6.352517
56302609843806,2.1549475,14.186606,-4.834461
56302617778377,-2.2050486,16.88292,-3.432281
56302625682429,-6.2746544,19.505674,-0.23965165
56302633586482,-7.1180425,18.788017,2.1437979
56302641490535,-7.6354866,19.060585,7.757947
56302649425105,-9.114084,19.280598,12.650348
56302657359675,-11.088285,18.33145,20.109968
56302665263728,-6.715886,14.439295,16.868881
56302673167781,-1.426235,9.466246,16.806755
56302681071834,5.1191835,4.3886137,19.40311
56302689006404,13.031907,-0.6953397,11.297376
56302696910457,18.366016,-1.7086315,0.8635936
56302704783992,19.345901,2.0814924,5.6055355
56302712657527,19.196526,6.034132,3.635252
56302720561580,14.370745,4.9123344,1.5827439
56302728435115,7.44808,2.038292,-3.4229078
56302736339168,-0.39081192,1.7914057,5.703545
56302744243220,-2.8930693,3.9862347,3.389213
56302752147273,0.009511948,4.450495,11.192486
56302760020808,-1.4141366,1.5098238,8.317963
56302767955379,-5.8375025,-1.4658904,1.5818009
56302775859431,-4.5923405,-1.5200081,2.411411
56302783732966,-1.550159,0.32355022,-0.29854345
56302791606502,0.7555373,2.1710844,-3.0651083
56302799510554,4.1132054,2.6777954,-5.707022
56302807384090,8.57103,3.6251354,-8.587021
56302815288142,10.376471,5.1934032,-8.809474
56302823192195,12.125485,7.2733727,-8.409946
56302831096248,13.263368,6.0816,-7.0497108
56302839061336,10.553331,1.8925428,-9.476845
56302846995906,7.0901437,-0.3202362,-11.868805
56302854869441,3.8105097,-0.9996257,-13.249735
56302862773494,1.051158,-0.8046284,-13.999498
56302870647029,-0.7501191,-0.37191296,-18.13896
56302878551082,-2.8032837,0.20005703,-19.871418
56302886455134,-5.6392584,0.20413208,-19.549847
56302894389705,-7.5403404,-0.5437498,-20.467176
56302902293758,-7.2567816,-1.7359052,-19.642147
56302910228328,-5.8968086,-2.9201384,-18.265505
56302918132381,-4.355849,-3.1055417,-18.695404
56302926036433,-3.5552552,-2.7705364,-17.887508
56302933940486,-3.2430432,-2.4704862,-17.09133
56302941875056,-2.7304723,-2.3076916,-15.903972
56302949779109,-2.6957953,-2.49503,-14.09982
56302957652644,-3.0436642,-2.9795837,-13.362525
56302965556697,-4.952052,-4.8198977,-15.810379
56302973491267,-7.3707223,-4.9741144,-27.851904
56302981395320,-12.771924,-0.37033892,-12.811323
56302989329890,-15.250668,-1.1244893,-4.7599907
56302997233943,-12.498375,-8.47807,-16.706684
56303005168513,-7.897447,-8.545827,-9.499226
56303013072566,-1.0019383,-7.6968546,-5.522012
56303020946101,3.4390047,-5.433159,-9.905924
56303028850154,6.026519,-2.4189582,-8.515638
56303036754207,4.7620244,-4.718626,-6.9836826
56303044688777,0.98898935,-10.445676,-12.907543
56303052592830,-1.3883815,-12.455574,-17.498415
56303060496883,-5.47286,-10.185461,-13.0973215
56303068400935,-7.413517,-8.457626,-12.916733
56303076304988,-10.925522,-8.573,-18.104202
56303084239558,-18.310705,-9.011836,-19.657532
56303092143611,-25.008253,-11.224996,-16.928143
56303100047664,-22.223948,-14.281748,-16.750143
56303107951716,-7.984549,-15.486879,-16.29286
56303115886287,2.3409543,-18.634766,-0.7313813
56303123820857,-0.9963623,-22.190472,-27.103937
56303131724910,-16.092583,-14.671761,-42.27524
56303139628963,-22.340506,15.183176,4.867233
56303147502498,-4.2972116,13.617288,-10.212989
56303155437068,-0.9750921,-0.8672619,-25.835804
56303163341121,6.985251,-5.162548,-34.132996
56303171275691,4.5771956,0.28582,-17.571394
56303179179744,4.594549,8.069201,23.934923
56303187114314,2.8001735,11.144761,-15.204152
56303195018367,-8.309059,12.630219,-24.187029
56303202922420,-21.518837,6.2213354,-15.358157
56303210826472,-19.01421,-2.7429876,-18.61899
56303218730525,-3.9030404,-1.747787,-24.236723
56303226604060,7.541661,2.6891842,-14.543463
56303234508113,14.425832,8.632502,-10.736383
56303242381648,12.528406,13.871633,-13.338144
56303250316218,8.588172,17.350807,-10.738551
56303258189754,5.2166367,20.727135,-2.0973568
56303266093806,3.8102663,23.583,4.3795023
56303274028377,0.63811725,25.31255,6.500839
56303281962947,-5.4594417,28.082085,11.839234
56303289836482,-6.9051375,27.79417,21.523497
56303297740535,-4.1873183,23.664997,27.955345
56303305675105,-2.207686,18.550953,30.059769
56303313579158,-3.4227867,12.13674,27.70171
56303321483211,-1.1981888,6.2806015,23.82813
56303329356746,5.555528,0.54632187,21.691217
56303337260799,13.82798,-1.7977824,15.642875
56303345164851,13.732658,1.829526,14.302833
56303353038386,12.644283,6.5533,15.961773
56303360972957,12.3538265,8.254491,20.670023
56303368877009,11.977535,4.2325363,6.953806
56303376781062,4.7268987,4.4981194,7.664849
56303384654597,-2.2591429,9.825535,7.723697
56303392558650,-4.201519,17.512945,21.426943
56303400462703,-4.9052563,15.432521,16.815643
56303408366756,-10.729645,8.369057,3.9443645
56303416270808,-15.894781,1.6421814,4.921658
56303424205379,-15.853602,-0.8678112,5.072994
56303432139949,-13.597302,0.12062836,4.993325
56303440044002,-6.6516814,2.4181805,2.8297827
56303447978572,0.8331327,4.585125,1.7353194
56303455882625,6.464919,8.343372,0.74133205
56303463756160,11.436033,11.506108,-0.12770557
56303471660213,14.306973,10.774272,-3.600627
56303479533748,15.053486,7.630562,-4.5958185
56303487437800,14.89379,4.0740385,-0.9155574
56303495341853,15.491998,2.3820477,-5.007713
56303503276424,14.586563,3.478324,-16.643215
56303511180476,10.851671,4.2221413,-18.352968
56303519084529,5.9247494,2.988741,-19.289324
56303527019099,0.70039964,1.136076,-21.835594
56303534923152,-5.365537,-1.3036337,-21.162592
56303542827205,-9.550738,-5.327579,-20.868038
56303550731258,-10.12636,-9.816647,-22.556509
56303558604793,-9.053579,-13.145138,-22.676682
56303566508845,-5.9907494,-14.482378,-18.754225
56303574412898,-1.3897202,-13.325625,-16.331156
56303582316951,1.6584859,-11.750649,-15.12943
56303590221004,3.092041,-10.863465,-14.930269
56303598155574,4.15088,-10.161966,-16.75328
56303606059627,5.417136,-8.794531,-17.289421
56303613933162,4.6365886,-7.3421464,-15.264497
56303621867732,1.446823,-6.387003,-13.3490925
56303629771785,-2.5724783,-6.125712,-14.210767
56303637675838,-6.9717283,-6.3384485,-10.747782
56303645610408,-10.519012,-7.3903522,-7.1219053
56303653483943,-12.245279,-8.942674,-16.17782
56303661387996,-14.19211,-5.1511145,-12.954871
56303669292049,-16.420473,-0.32107544,5.706287
56303677226619,-9.321721,-7.721716,-10.875456
56303685100154,-4.153994,-10.994764,-10.724749
56303693004207,-1.6842437,-11.475067,-0.34850305
56303700908259,0.17611885,-11.640732,-3.0977037
56303708812312,3.5459995,-10.805786,-9.999527
56303716716365,6.5804896,-12.503194,-10.459394
56303724589900,5.667098,-15.4933815,-17.788422
56303732493953,-1.7357405,-15.911171,-16.159311
56303740428523,-6.939006,-14.720087,-11.828029
56303748302058,-9.624191,-13.31278,-10.50461
56303756267146,-12.750084,-14.445259,-15.554052
56303764140681,-15.591203,-17.54355,-19.809143
56303772044734,-4.51607,-18.147137,-22.316286
56303779979304,12.108416,-25.275536,-6.494975
56303787883357,-5.100089,-27.30466,-59.696373
56303795787410,2.9898758,19.338818,18.729858
56303803721980,15.174828,61.59114,19.503248
56303811626033,11.574122,22.29396,-26.839079
56303819530086,-6.2330093,-8.738264,-40.720947
56303827464656,-17.173008,-13.0541,-16.705376
56303835399226,-17.159105,-10.566124,10.607025
56303843272761,-8.290337,-4.603534,-29.78811
56303851237849,-3.7887814,6.9428873,-17.534988
56303859141902,-3.712615,6.919133,-9.823416
56303867076472,0.6316247,5.4584713,-14.45466
56303875041560,3.6246676,7.104188,-13.735022
56303882945613,5.080936,15.381162,-5.910212
56303890819148,6.6981664,23.43169,-5.9668107
56303898723201,2.9356172,27.991014,-4.6524343
56303906627254,-1.7860067,30.493,6.024154
56303914561824,-4.8543253,27.803368,6.457194
56303922465877,-8.728114,26.060596,10.366668
56303930339412,-7.7968354,24.404776,14.891171
56303938273982,-3.9077673,20.051369,12.770575
56303946178035,-1.4799095,16.948421,19.479555
56303954112605,-1.0676637,13.446444,24.35095
56303962016658,-0.07551384,8.519686,17.50644
56303969920711,3.3914165,3.7658257,17.462492
56303977824763,7.750941,0.59706926,15.93753
56303985759334,7.511964,5.1416397,19.72723
56303993693904,7.0545235,11.645712,29.040083
56304001597957,8.227598,14.947281,24.152882
56304009471492,7.2428236,11.4967785,19.728638
56304017406062,1.7956384,9.344528,-8.834858
56304025279597,-4.7716093,13.881027,17.590403
56304033183650,-6.8796873,16.745071,40.645683
56304041118220,-7.8600855,13.561996,4.2022963
56304049022273,-6.102992,8.329741,14.049396
56304056956843,-3.669666,5.630759,15.7864895
56304064891414,-7.1612983,6.171818,11.388066
56304072795466,-3.3352818,7.8500023,9.117559
56304080730037,6.8309903,10.483643,6.8747063
56304088664607,13.608822,14.295969,4.707259
56304096568660,16.452919,17.693815,2.6929498
56304104472713,15.708712,16.376696,-0.1647563
56304112407283,11.870147,12.132563,1.5778685
56304120311336,8.571684,8.827341,2.608508
56304128215388,6.7492304,7.3159585,-3.933372
56304136119441,1.9378031,7.5089965,-7.0601277
56304144054011,-5.151308,6.7439256,-6.4660387
56304151927547,-8.658743,3.2629442,-10.375323
56304159892634,-8.1677885,-0.47562265,-15.022894
56304167796687,-7.8070517,-2.8507066,-14.108841
56304175700740,-7.4953623,-5.2080836,-9.09148
56304183604793,-4.6608562,-6.613369,-8.1280155
56304191539363,-2.2740793,-6.8495684,-8.924173
56304199443416,-2.4028783,-6.616209,-9.455021
56304207316951,-2.3405867,-5.109304,-12.673866
56304215190486,-2.8195224,-2.2973213,-12.748803
56304223094539,-3.1695404,-0.7254267,-10.972421
56304230968074,0.68105423,-1.460578,-14.678159
56304238902644,3.405233,-3.7522154,-16.843369
56304246806697,3.5054412,-4.5354447,-14.252391
56304254680232,3.687376,-3.7629476,-10.184567
56304262584285,4.243511,-3.6510057,-17.013817
56304270457820,3.3120744,-3.0105453,-26.814447
56304278361873,-3.3378322,3.070672,-30.626385
56304286265925,-14.44025,7.5000772,-20.201628
56304294200496,-23.67386,-0.9794092,-27.072613
56304302104549,-25.287937,-5.1965055,-16.461842
56304310008601,-9.384123,-3.782176,1.0510561
56304317943172,2.9779255,-5.058744,2.3262794
56304325847224,10.870759,-7.0634127,-13.913568
56304333751277,13.793956,-7.424609,-14.634006
56304341685847,14.37086,-7.038929,-5.8818483
56304349559383,13.315915,-6.395403,-9.921352
56304357493953,8.7975645,-5.9555225,-12.760494
56304365398006,1.3421445,-7.328105,-9.676849
56304373302058,-5.4799967,-9.01004,-13.853992
56304381206111,-10.516003,-8.610707,-17.896532
56304389110164,-11.193432,-8.570971,-14.738124
56304397014216,-6.6722703,-9.2070055,-13.908114
56304404887752,-1.5967577,-9.7313,-8.225534
56304412791804,1.8079382,-9.619971,-4.768645
56304420695857,3.045778,-8.625952,-2.2911367
56304428599910,3.6094067,-7.93136,-1.8854597
56304436534480,3.3753037,-6.9538026,-2.414046
56304444438533,3.2080286,-9.630844,5.8467455
56304452312068,4.3458037,-12.111534,-7.474407
56304460216121,-0.09953794,-6.081524,4.763892
56304468120174,0.6208132,19.651878,31.3667
56304476054744,8.631036,47.980618,-63.62842
56304483989314,-16.45736,39.33384,-34.897865
56304491862849,-40.184227,-4.2271805,-1.1946735
56304499766902,-36.080482,-17.699884,-29.418009
56304507640437,-6.3897185,-18.116606,5.187223
56304515544490,16.038494,-21.235573,-7.480578
56304523509578,6.348308,-11.760542,-15.0093155
56304531383113,-3.9568095,-4.741503,-18.9172
56304539256648,-4.3959427,0.23086977,-16.116055
56304547191218,-0.6455226,8.822037,-3.370782
56304555064754,3.7309353,22.596815,-6.2132907
56304562968806,6.1316643,31.552227,-11.872437
56304570903377,7.844228,23.693584,-7.441658
56304578807429,8.263707,20.603561,10.713385
56304586711482,3.624071,23.885555,10.568275
56304594615535,-7.0878716,30.434917,13.657463
56304602519588,-15.673163,31.648449,8.84784
56304610423640,-24.464144,29.37681,7.8662844
56304618358211,-27.643673,25.204678,20.951546
56304626292781,-23.595263,19.373482,25.461342
56304634166316,-15.685783,13.085417,17.198479
56304642100886,-9.248054,5.230212,14.475371
56304650004939,-1.5776006,1.2312341,9.641946
56304657939509,2.771407,3.3862267,13.178409
56304665874080,8.921506,9.334076,17.819862
56304673778133,13.105179,14.122357,17.653214
56304681682185,11.698523,12.975024,23.011883
56304689555720,4.6272235,5.337721,22.53592
56304697459773,1.625276,2.3551087,-14.761061
56304705363826,-1.4986,3.6412666,4.3138022
56304713298396,-2.7326741,7.7376375,32.90048
56304721202449,-6.7977505,10.589934,21.902172
56304729137019,-9.57364,8.885986,11.304912
56304737041072,-6.322245,4.945985,13.304831
56304744975642,-3.8275056,3.929098,9.865116
56304752879695,-1.5213575,4.412047,10.233116
56304760753230,-0.28436095,5.090389,10.854976
56304768657283,0.6715379,5.7090535,10.337982
56304776561336,2.7773643,5.4094653,9.837013
56304784495906,6.4587426,4.6003823,8.37593
56304792369441,11.478711,4.066273,6.0883436
56304800273494,16.402855,4.5263634,1.199183
56304808208064,20.34946,6.265964,-3.3227205
56304816081599,20.976635,6.726978,-7.213965
56304824016170,17.706343,4.847036,-7.3399744
56304831950740,12.9771805,2.5704775,-5.843591
56304839854793,9.989872,1.1000237,-8.074945
56304847728328,7.580309,0.42314672,-8.521716
56304855632381,3.5577202,0.31936693,-11.148474
56304863536433,0.46396133,0.9758434,-14.919676
56304871440486,-3.1297855,1.6829109,-17.619144
56304879375056,-8.348221,0.8717127,-17.564875
56304887248591,-9.891993,-2.161097,-16.12304
56304895152644,-3.755722,-5.196656,-18.48075
56304903026179,2.4925025,-5.466806,-17.82028
56304910930232,5.890297,-4.0568438,-14.518486
56304918864802,4.889754,-2.9470243,-14.83511
56304926738338,3.4935746,-2.6558867,-18.052477
56304934642390,3.3549225,-2.693306,-19.399868
56304942576961,5.1399255,-2.0811224,-17.71751
56304950450496,7.9661136,-0.6472235,-18.738514
56304958354549,9.943655,1.5879459,-15.545376
56304966258601,9.457794,2.927947,-14.452655
56304974162654,7.907902,3.0748463,-15.720255
56304982097224,5.2021613,2.31359,-15.272864
56304990001277,1.3741438,0.25619698,-13.912637
56304997874812,-1.0887592,-1.6760077,-14.276449
56305005778865,-2.7453132,-2.3536148,-12.627386
56305013713435,-4.6105957,-2.520626,-11.278369
56305021648006,-6.1636696,-2.8771253,-11.915726
56305029521541,-5.930963,-3.2532115,-9.076765
56305037456111,-4.7533283,-4.5624304,-10.681996
56305045360164,-2.365208,-5.8754244,-11.438702
56305053264216,0.96155095,-7.030778,-6.53761
56305061198787,3.1661093,-8.174823,-5.39067
56305069102840,4.714667,-8.163513,-4.9013596
56305077006892,5.511752,-4.5365267,0.059162736
56305084910945,5.9229307,0.21318054,-3.080377
56305092845515,6.155734,11.719414,22.644878
56305100749568,5.254552,20.944515,26.971157
56305108653621,-7.733104,13.802039,-4.5476513
56305116557674,-18.45792,6.338475,-4.828035
56305124492244,-23.820642,1.7913103,-6.525059
56305132365779,-23.338833,-1.2776833,0.2553373
56305140300349,-11.774435,-0.3978157,-12.293908
56305148173884,1.5733082,2.9279232,-6.496563
56305156108455,9.527361,3.6908302,-0.16198272
56305163981990,12.067528,3.390914,-5.600155
56305171916560,10.24471,5.7958527,-15.291404
56305179820613,7.900738,9.908545,-13.240767
56305187724666,10.044736,7.0678997,-9.080803
56305195628718,13.836696,1.2422476,-7.833682
56305203532771,14.958609,-3.7538671,-4.102067
56305211436824,6.2497315,-4.884963,-1.6061258
56305219371394,-6.945958,-4.356061,-2.7070742
56305227244929,-11.691139,-3.4063473,-5.384879
56305235179500,-7.6118956,-0.99061394,-5.7345753
56305243083552,1.8204262,1.413703,-3.5685678
56305250987605,7.045061,2.9286938,-3.1592107
56305258922175,6.3130846,3.1612492,-3.4050677
56305266826228,5.457113,2.4727468,-1.7088205
56305274730281,6.561443,1.6353054,-0.397269
56305282603816,7.3451085,1.1567221,1.2947803
56305290507869,6.265441,0.68403053,1.5240409
56305298411922,3.8494422,0.15799427,0.8773855
56305306315974,1.7536347,0.039943695,0.91055894
56305314250545,-0.45442718,0.31797123,1.3845997
56305322124080,-3.459597,0.31286144,1.4745635
56305330028133,-6.2661986,-0.20513058,1.6545582
56305337962703,-7.296421,-0.94606686,2.277443
56305345866756,-5.9011946,-1.5411596,2.458225
56305353770808,-3.7602053,-1.2364073,2.75838
56305361644343,-1.5339632,-0.5756054,3.1360419
56305369517879,0.7186612,-0.035686493,3.8815093
56305377421931,2.5156126,0.3641901,4.734028
56305385325984,3.647683,0.7635412,4.844593
56305393230037,4.0593224,0.8034525,4.525022
56305401134090,3.143999,0.34277725,4.6125693
56305409068660,1.4040254,-0.23998451,4.6097817
56305417033748,-0.25847384,-0.56851864,4.0162435
56305424968318,-1.3402297,-0.6256752,3.093192
56305432872371,-1.8551846,-0.4642954,2.9795952
56305440745906,-1.983296,-0.2544489,3.1078205
56305448649959,-1.4439529,-0.07026672,2.861216
56305456554011,-0.4122285,0.052271843,2.6372745
56305464458064,0.46719813,0.14653683,2.7631297
56305472362117,1.0219454,0.27232933,2.9536195
56305480266170,1.3831896,0.24285316,2.6698422
56305488170222,1.8778743,0.19691277,2.3926048
56305496043758,2.0900707,0.15355968,2.2336187
56305503947810,1.9134812,0.012149811,2.1082997
56305511882381,1.3632315,-0.11233616,1.5502837
56305519816951,0.8658999,-0.18402767,1.1697546
56305527690486,0.30831543,-0.09763813,1.0166116
56305535625056,-0.34890464,0.1301918,0.8574509
56305543498591,-0.7083762,0.29595757,0.73316467
56305551433162,-0.38857377,0.22964764,1.0027322
56305559306697,-0.024436519,0.08917141,1.3587481
56305567210750,0.48110068,-0.046417236,1.3610739
56305575114802,0.9784213,-0.19395828,1.3511738
56305583018855,1.2278212,-0.24103165,1.4094168
56305590922908,1.1059104,-0.103764534,1.4503525
56305598796443,0.8436682,0.15791035,1.5763557
56305606700496,0.5210878,0.36203575,1.720573
56305614574031,0.2578139,0.35536003,1.8659955
56305622508601,0.17955315,0.1594038,2.0671554
56305630382136,0.2757511,-0.050935745,2.02568
56305638255672,0.23536007,-0.2732973,1.9974036
56305646159724,-0.120103166,-0.38554478,1.9852574
56305654063777,-0.5293731,-0.31097412,1.983035
56305661998347,-0.6659356,-0.21618462,1.7540293
56305669902400,-0.4597203,-0.08514023,1.5662048
56305677806453,-0.29176965,1.7356873E-4,1.3687148
56305685710506,-0.083221,0.019937515,1.3792174
56305693645076,0.12633447,0.059947968,1.3911381
56305701549129,0.1858502,0.060133934,1.3079588
56305709453181,0.3385817,0.06339455,1.3307436
56305717357234,0.3670812,0.10074043,1.2248785
56305725291804,0.10428688,-0.07217121,0.9330951
56305733226375,-0.2347852,-0.36931133,0.5580436
56305741130427,-0.15174013,-0.44120598,0.40981826
56305749003963,-0.092104286,-0.22807789,0.18958266
56305756877498,-0.0059387386,-0.022071838,-0.00101473
56305764781550,0.27305356,0.19117355,0.06430209
56305772685603,0.3906012,0.21053219,0.015997196
56305780620174,0.29084495,0.11975002,-0.034954995
56305788524226,0.24444705,0.038526535,0.025174772
56305796489314,0.06266278,0.0027627945,-0.033338793
56305804362849,-0.025025725,-0.02105236,0.016261399
56305812297420,0.04527062,-0.016134262,0.08018939
56305820170955,0.060636252,0.024694443,0.062776476
56305828105525,0.10948533,0.034399986,0.13811785
56305836040095,0.18470195,-0.01574707,0.20079729
56305843974666,0.3028759,-0.032367706,0.20545536
56305851939754,0.43978202,-0.010666847,0.26443538
56305859843806,0.42805535,-0.027256966,0.3129583
56305867717341,0.3563921,-0.08454323,0.3174889
56305875590877,0.22764939,-0.08916378,0.35955697
56305883494929,0.07093933,-0.029162407,0.41079086
56305891398982,0.05397564,0.01166153,0.3514742
56305899333552,0.15229979,0.009379387,0.39715457
56305907237605,0.1979638,0.014288902,0.40412617
56305915141658,0.4808479,0.09099102,-1.2260189
56305923076228,0.36357203,-0.052506447,1.119373
56305930980281,0.05844167,-0.05956745,0.73001933
56305938914851,-0.328646,0.09133816,0.94566345
56305946818904,-0.28476766,0.02437973,0.69950086
56305954783992,0.119433016,-0.025762558,0.54950786
56305962657527,0.40741733,0.015129089,0.5198866
56305970592097,0.31496465,-0.011033058,0.36479133
56305978465633,0.27782124,-0.049167633,0.3868863
56305986400203,0.3459499,-0.11602974,0.23938803
56305994273738,-0.25884762,-0.47267246,0.22152443
56306002177791,-0.11000848,-0.32173538,0.07305062
56306010112361,0.059800953,0.05665493,-0.08113222
56306018046931,0.20635498,0.29614925,0.035633624
56306025950984,0.007633537,0.20996666,0.25750703
56306033855037,-0.1423036,0.059109688,0.35021925
56306041759090,-0.18427199,-0.041481018,0.30909753
