64332149604835,-0.004261058,-0.08522116,-0.024501082
64332157508888,-0.004261058,-0.08522116,-0.024501082
64332165412941,-0.004261058,-0.08522116,-0.024501082
64332173316994,-0.004261058,-0.08522116,-0.024501082
64332181221046,-0.004261058,-0.08522116,-0.024501082
64332189155617,-0.004261058,-0.08522116,-0.024501082
64332197029152,-0.004261058,-0.08522116,-0.024501082
64332204933205,-0.004261058,-0.08522116,-0.024501082
64332212837257,0.051132694,0.006924219,-0.04261058
64332220741310,0.055926383,-0.012250541,-0.042077947
64332228675880,0.05912218,-0.013315806,-0.044208474
64332236610451,0.061252706,-0.012250541,-0.047404267
64332244514503,0.06231797,-0.008522116,-0.051665325
64332252418556,0.06231797,-0.00479369,-0.054328486
64332260383644,0.05912218,-0.009054748,-0.06018744
64332268287697,0.05486112,-0.02130529,-0.05912218
64332276191749,0.05006743,-0.04580637,-0.058056913
64332284095802,0.03834952,-0.066046394,-0.05965481
64332291999855,0.0314253,-0.070307456,-0.06018744
64332299934425,0.023435818,-0.06764429,-0.060720075
64332307807960,0.017044231,-0.06178534,-0.061252706
64332315712013,0.011717909,-0.06391586,-0.06498113
64332323616066,0.009054748,-0.06764429,-0.0628506
64332331520119,0.0037284256,-0.06498113,-0.06551377
64332339454689,0.0,-0.07137272,-0.06657903
64332347297707,-0.00479369,-0.08681905,-0.068176925
64332355201759,-0.004261058,-0.09534117,-0.07243799
64332363105812,-0.004261058,-0.08894958,-0.07456851
64332371009865,-0.011717909,-0.06178534,-0.075101145
64332378944435,-0.015978966,-0.033023197,-0.07456851
64332386787453,-0.015446335,-0.02130529,-0.07084008
64332394691505,-0.013848438,-0.035153728,-0.06764429
64332402595558,-0.011717909,-0.049002163,-0.066046394
64332410499611,-0.009054748,-0.041012682,-0.06391586
64332418434181,-0.006924219,-0.019707393,-0.060720075
64332426368751,-0.0053263223,0.013315806,-0.058589544
64332434272804,-0.00479369,0.07829694,-0.0628506
64332442207374,-0.0026631611,0.14168017,-0.06338324
64332450111427,-0.0010652645,0.17470337,-0.06338324
64332458045998,0.0053263223,0.15925704,-0.056991648
64332465889015,0.012250541,0.12037488,-0.04527374
64332473793068,0.014913702,0.082558,-0.034088463
64332481697121,0.017576864,0.055926383,-0.023435818
64332489601173,0.018109497,0.04527374,-0.017044231
64332497505226,0.019707393,0.03781689,-0.011717909
64332505409279,0.01917476,0.02876214,-0.0058589545
64332513343849,0.022903185,-0.0026631611,0.004261058
64332521247902,0.028229509,-0.03568636,0.021837922
64332529151955,0.036751624,-0.061252706,0.03195793
64332537086525,0.04474111,-0.07084008,0.039947417
64332544960060,0.053795855,-0.076166406,0.04580637
64332552864113,0.06657903,-0.07403588,0.05273059
64332560798683,0.08522116,-0.07190535,0.06391586
64332568702736,0.10759171,-0.07403588,0.07350325
64332576667824,0.13475595,-0.06764429,0.08468852
64332584541359,0.16458336,-0.06657903,0.09374327
64332592445412,0.19387813,-0.06764429,0.103863284
64332600349464,0.23435818,-0.05006743,0.11504856
64332608253517,0.28122982,-0.025033714,0.12623383
64332616188087,0.35633096,0.020240024,0.14008227
64332624031105,0.4644553,0.083090626,0.15925704
64332631904640,0.6130597,0.14274544,0.17417073
64332639808693,0.79202414,0.20932446,0.18269286
64332647712746,0.98856544,0.24607609,0.19441076
64332655677833,1.2218584,0.28708878,0.20719394
64332663551369,1.5249261,0.386691,0.22690132
64332671455421,1.8311896,0.48469532,0.25033715
64332679328957,2.1193435,0.6583334,0.25726137
64332687233009,2.4192157,0.8479505,0.25513083
64332695167580,2.7121632,1.0423613,0.25246766
64332703041115,3.0152311,1.2767195,0.25726137
64332710945167,3.2895367,1.6010925,0.27324033
64332718818703,3.5260253,1.9275961,0.3073288
64332726722755,3.7412088,2.1385183,0.35579833
64332734657326,3.9515984,2.308428,0.38136467
64332742500343,4.213121,2.624279,0.3797668
64332750404396,4.42138,2.819755,0.3749731
64332758338966,4.563593,3.0024478,0.3717773
64332766243019,4.7276435,3.0562437,0.4063984
64332774208107,4.941762,2.9774141,0.41918156
64332782051124,5.1004863,2.9364014,0.4165184
64332789985695,5.309278,2.8224182,0.4261058
64332797889748,5.4504256,2.6775422,0.40053943
64332805763283,5.579323,2.5411885,0.34461305
64332813697853,5.537245,2.4080303,0.2615224
64332821571388,5.4227285,2.4437168,0.14061491
64332829505958,5.4632087,2.6237464,0.06711166
64332837410011,5.6166067,2.641856,0.023435818
64332845314064,5.6416407,2.4240093,-0.04314321
64332853248634,5.468535,2.16515,-0.15606125
64332861152687,5.33591,1.8221349,-0.2711098
64332869056740,5.3593454,1.4386396,-0.40906155
64332876960792,5.290636,1.0104034,-0.59761333
64332884895363,5.1340423,0.7462177,-0.8021441
64332892860451,4.9726543,0.66525763,-0.99442434
64332900703468,4.7755804,0.7749799,-1.1744541
64332908607521,4.499677,1.0072075,-1.3518206
64332916542091,4.1816955,1.3401027,-1.5249261
64332924446144,3.8173752,1.7726,-1.6564863
64332932380714,3.4216294,2.1422467,-1.6889768
64332940254249,3.0706248,2.2461102,-1.6692694
64332948158302,2.7260118,2.1182783,-1.6437031
64332956031837,2.3643544,1.9094865,-1.6170714
64332963935890,2.0085561,1.6410398,-1.5973641
64332971870460,1.6618125,1.3773869,-1.6085494
64332979713478,1.2958943,1.1611383,-1.6335831
64332987617531,0.9369001,1.0098706,-1.6602147
64332995521583,0.58696073,0.9464875,-1.6996294
64333003456154,0.21678132,1.0072075,-1.7401094
64333011360207,-0.17097494,1.1456919,-1.7694043
64333019264259,-0.5571333,1.3273195,-1.7853832
64333027198830,-0.9416938,1.4919028,-1.7875137
64333035102882,-1.2634037,1.7172064,-1.7688717
64333043006935,-1.4807175,1.9259981,-1.7379789
64333050972023,-1.8189391,2.0245352,-1.6863136
64333058845558,-2.1587584,1.988316,-1.6266588
64333066749611,-2.21575,2.0820594,-1.5808525
64333074653664,-1.9771309,1.9265307,-1.5270566
64333082557716,-1.8114822,1.9979035,-1.4199976
64333090492287,-2.049569,2.3877902,-1.0301107
64333098396339,-2.299906,2.5262747,-0.6114618
64333106300392,-2.3446472,2.2849922,-0.37230992
64333114204445,-2.3174827,1.5068166,-0.40373522
64333122139015,-2.4495757,0.5390238,-0.47297743
64333130073585,-2.6035063,-0.19441076,-0.34248254
64333137947121,-2.4197483,-0.36112466,0.007456851
64333145851173,-2.2077606,-0.15339808,0.34887412
64333153755226,-2.5507758,0.5028048,0.50600064
64333161659279,-3.0738206,1.1632688,0.53742594
64333169593849,-3.148389,1.2911005,0.61199445
64333177467384,-3.1739554,1.2000204,0.76272935
64333185401955,-3.300722,1.0743192,0.9171927
64333193336525,-3.601659,0.98590225,0.94542223
64333201271095,-3.8392131,1.0524813,0.948618
64333209205665,-3.9009984,1.091896,0.89375687
64333217079201,-4.1241713,1.212271,0.81918836
64333225013771,-4.4006076,1.4876418,0.68176925
64333232917824,-4.549212,1.6948358,0.48629323
64333240821876,-4.6946206,1.7097495,0.25406557
64333248756447,-4.779309,1.5701998,0.02609898
64333256629982,-4.7974186,1.3965617,-0.19547603
64333264564552,-4.802212,1.3534185,-0.4032026
64333272468605,-4.7872987,1.3241237,-0.62317973
64333280372658,-4.7319045,1.2532836,-0.850081
64333288307228,-4.615258,1.1728562,-1.0599382
64333296180763,-4.485296,1.1563445,-1.2495552
64333304084816,-4.377704,1.2053467,-1.4098775
64333312019386,-4.252536,1.2282499,-1.5430355
64333319923439,-4.146542,1.1345067,-1.6319852
64333327858009,-4.0053945,1.0711234,-1.700162
64333335731544,-3.8221688,1.0338391,-1.7459685
64333343635597,-3.6282907,1.0487529,-1.7715348
64333351509132,-3.4530547,1.133974,-1.7763284
64333359413185,-3.278884,1.3038837,-1.7853832
64333367347755,-3.1451933,1.4807175,-1.7960359
64333375221290,-2.9885995,1.6698021,-1.8002969
64333383125343,-2.8730183,1.7230653,-1.7694043
64333391029396,-2.7148266,1.7805896,-1.7267936
64333398933449,-2.5427864,1.8152106,-1.6293219
64333406898537,-2.3579628,1.8311896,-1.4950987
64333414802589,-2.1789985,1.8311896,-1.3342438
64333422737160,-1.9409119,1.7246631,-1.154214
64333430641212,-1.7182716,1.6889768,-0.9667275
64333438514748,-1.4764565,1.6074841,-0.76272935
64333446449318,-1.2138689,1.4322481,-0.58749336
64333454322853,-0.91825795,1.2522184,-0.4383563
64333462257423,-0.6221144,1.0599382,-0.29348037
64333470191994,-0.29028457,0.7946873,-0.13954964
64333478126564,-0.65886605,0.015446335,-0.04314321
64333486061134,-0.47297743,0.15765914,0.029827405
64333493934669,-0.31957933,-0.05486112,0.2050634
64333501869240,-0.20879184,-0.42290998,0.29827404
64333509773292,-0.018109497,-0.90281165,0.30786142
64333517677345,0.03834952,-1.2772521,0.2711098
64333525611915,0.039947417,-1.3065468,0.20399815
64333533454933,0.092145376,-0.97258645,0.11717909
64333541358986,0.05539375,-0.3818973,0.05539375
64333549263039,-0.075101145,0.13582122,0.014913702
64333557136574,-0.14487597,0.61891866,-0.033023197
64333565101662,-0.1555286,0.92305166,-0.0777643
64333572914162,-0.1933455,1.0972224,-0.12836437
64333580848732,-0.23808661,1.196292,-0.15393071
64333588783302,-0.28442562,1.1275824,-0.13795175
64333596717873,-0.32330775,0.8724516,-0.080960095
64333604652443,-0.3323625,0.4708469,0.0
64333612495460,-0.32756883,0.013315806,0.09321064
64333620430031,-0.33182988,-0.39734364,0.18216023
64333628364601,-0.3392867,-0.71585774,0.24980451
64333636238136,-0.33768883,-0.91985583,0.28122982
64333644172707,-0.34248254,-1.019458,0.28495824
64333652046242,-0.3334278,-1.0024139,0.267914
64333659980812,-0.30945933,-0.88203895,0.24181503
64333667884865,-0.2908172,-0.7488809,0.21198763
64333675758400,-0.2647182,-0.52464277,0.15978967
64333683692970,-0.23808661,-0.2908172,0.105993815
64333691566505,-0.20453078,-0.09427591,0.05539375
64333699470558,-0.16564862,0.04314321,0.010652645
64333707405128,-0.13102753,0.13102753,-0.027164243
64333715309181,-0.10173275,0.18961707,-0.05752428
64333723243751,-0.07989483,0.22583607,-0.082025364
64333731117287,-0.06870956,0.23062976,-0.096939065
64333739021339,-0.050600063,0.23382555,-0.10759171
64333746925392,-0.036751624,0.21198763,-0.103863284
64333754859962,-0.029294772,0.16085494,-0.09640643
64333762794533,-0.022370555,0.10705908,-0.082558
64333770668068,-0.024501082,0.058589544,-0.06924219
64333778602638,-0.034088463,0.0063915867,-0.058589544
64333786506691,-0.05006743,-0.0314253,-0.047404267
64333794410744,-0.068176925,-0.066046394,-0.034621093
64333802345314,-0.09374327,-0.094808534,-0.025033714
64333810188332,-0.1257012,-0.118776985,-0.020772656
64333818061867,-0.15233281,-0.1486044,-0.015978966
64333825996437,-0.1784318,-0.16245283,-0.011185277
64333833900490,-0.20026971,-0.1603223,-0.007989483
64333841835060,-0.21518342,-0.16085494,5.326322E-4
64333849678078,-0.23062976,-0.17789917,0.010120012
64333857582130,-0.24181503,-0.1933455,0.024501082
64333865486183,-0.24714136,-0.21411815,0.040480047
64333873390236,-0.24074976,-0.2396845,0.056459017
64333881324806,-0.22796659,-0.2806972,0.07190535
64333889198341,-0.21358553,-0.31851408,0.08628642
64333897102394,-0.19760656,-0.34887412,0.09321064
64333905006447,-0.17736652,-0.36751625,0.09534117
64333912941017,-0.15286545,-0.37337518,0.09534117
64333920875587,-0.13156016,-0.3749731,0.08894958
64333928749123,-0.10918961,-0.3637878,0.084155895
64333936653175,-0.09321064,-0.32969934,0.07669904
64333944587746,-0.082025364,-0.2790993,0.0628506
64333952430763,-0.076166406,-0.19441076,0.046339005
64333960365333,-0.076166406,-0.11664646,0.023435818
64333968238869,-0.07403588,-0.0644485,0.0031957934
64333976173439,-0.07669904,-0.046871636,-0.006924219
64333984108009,-0.08948222,-0.060720075,-0.011185277
64333992042580,-0.103863284,-0.094808534,-0.011185277
64333999977150,-0.12516858,-0.13688648,-0.007989483
64334007881203,-0.15180019,-0.17736652,0.0015978967
64334015785255,-0.17417073,-0.22104238,0.00958738
64334023719826,-0.19387813,-0.24607609,0.015978966
64334031623878,-0.2050634,-0.24554345,0.017576864
64334039588966,-0.21944448,-0.22690132,0.013848438
64334047493019,-0.22849922,-0.18375812,0.010120012
64334055397072,-0.23755397,-0.14221281,0.0058589545
64334063301124,-0.23648871,-0.11025487,-0.002130529
64334071205177,-0.22690132,-0.08468852,-0.00958738
64334079139748,-0.21678132,-0.072970614,-0.020240024
64334087013283,-0.20559604,-0.051665325,-0.027696876
64334094947853,-0.18162759,-0.023435818,-0.02609898
64334102851906,-0.1571265,-0.00958738,-0.017576864
64334110725441,-0.13582122,-0.014913702,-0.0058589545
64334118660011,-0.11025487,-0.03089267,0.006924219
64334126503029,-0.083090626,-0.05965481,0.020240024
64334134407082,-0.0644485,-0.094808534,0.03089267
64334142341652,-0.049002163,-0.12250541,0.03781689
64334150245705,-0.040480047,-0.12942964,0.040480047
64334158180275,-0.032490566,-0.11717909,0.04261058
64334166053810,-0.027696876,-0.091080114,0.041012682
64334173957863,-0.02876214,-0.06018744,0.03568636
64334181861915,-0.032490566,-0.03834952,0.0314253
64334189765968,-0.039947417,-0.0314253,0.02609898
64334197731056,-0.04474111,-0.029294772,0.02609898
64334205574074,-0.0479369,-0.049002163,0.027696876
64334213478126,-0.050600063,-0.082025364,0.03355583
64334221382179,-0.05273059,-0.118776985,0.039414786
64334229286232,-0.05752428,-0.1438107,0.040480047
64334237220802,-0.36591834,-0.35100463,0.029827405
64334245063820,-0.07829694,-0.11025487,0.021837922
64334252998390,0.06764429,-0.03195793,0.029294772
64334260902443,-0.11132014,-0.0974717,0.050600063
64334268806496,-0.075101145,-0.18002969,0.012250541
64334276741066,-0.05486112,-0.11984225,0.027164243
64334284614601,-0.09161274,-0.14487597,0.036751624
64334292518654,-0.0958738,-0.1784318,0.006924219
64334300422707,-0.07563378,-0.15765914,0.0058589545
