64966461270205,0.025186658,-0.12660599,-0.042829514
64966469204775,0.030532718,-0.14500332,-0.04981804
64966477108828,0.02655375,-0.12559795,-0.043031216
64966484951845,0.016464472,-0.08150387,-0.028419971
64966492916933,0.014846921,-0.07415104,-0.024763107
64966500820986,-4.4369698E-4,0.0022287369,7.753372E-4
64966508755556,0.003052473,-0.015371323,-0.0052740574
64966516629091,0.013489485,-0.067118645,-0.02324605
64966524533144,0.0099720955,-0.050945282,-0.018070698
64966532467715,0.027116418,-0.13212013,-0.045240402
64966540371767,0.024957776,-0.11924553,-0.04164648
64966548306338,0.01903677,-0.08976269,-0.03096342
64966556149355,0.022598624,-0.10937595,-0.03786111
64966563992373,0.023865938,-0.12170696,-0.042096853
64966571896425,0.025865197,-0.13717842,-0.04747224
64966579769961,0.025989652,-0.14395905,-0.050627947
64966587735049,0.028636932,-0.17045689,-0.06401515
64966595608584,0.041686058,-0.23226261,-0.08269143
64966603512636,0.035641074,-0.19113445,-0.07138276
64966611508242,0.03509569,-0.18326473,-0.06647825
64966619381777,0.056162357,-0.2829466,-0.093673944
64966627377383,0.06520116,-0.30330467,-0.10183811
64966635220400,0.06352162,-0.2881813,-0.09705734
64966643063418,0.050026417,-0.22253895,-0.07533407
64966650967470,0.04352832,-0.20154,-0.0666852
64966658841006,0.045383453,-0.20597935,-0.06705952
64966666806093,0.05820799,-0.23799515,-0.076375246
64966674679629,0.032838345,-0.12217808,-0.03945732
64966682583681,0.034002542,-0.120640755,-0.037934065
64966690518252,0.03905797,-0.13932037,-0.04447055
64966698391787,0.055713177,-0.20242691,-0.06577182
64966706326357,0.04632187,-0.1784687,-0.06008315
64966714199892,0.02014184,-0.08270931,-0.028192759
64966722073427,0.008620262,-0.03792572,-0.012748718
64966730038515,0.038197756,-0.16664791,-0.054566383
64966737912050,0.07053399,-0.2847185,-0.09540129
64966745846621,0.085069895,-0.3197775,-0.108707905
64966753720156,0.085291624,-0.31519985,-0.10270977
64966761624209,0.07665181,-0.2759657,-0.09103513
64966769589297,0.07210779,-0.25494385,-0.08413601
64966777462832,0.04984498,-0.18584728,-0.060196877
64966785397402,0.010652065,-0.041844368,-0.014210939
64966793301455,0.006742239,-0.028774261,-0.0102033615
64966801205508,0.020658731,-0.09088993,-0.033025503
64966809140078,0.010295391,-0.046527863,-0.017608643
64966816983095,-0.020206213,0.08979607,0.033888817
64966824948183,-0.07173288,0.32800484,0.12274027
64966832821718,-0.093934655,0.438879,0.17137957
64966840725771,-0.07731032,0.37160015,0.16014433
64966848599306,-0.07580054,0.40782738,0.1934514
64966856503359,-0.072695255,0.46950436,0.23739815
64966864437929,-0.058650136,0.47051144,0.2569828
64966872311465,-0.04680103,0.47083187,0.27765846
64966880154482,-0.04674661,0.5592661,0.34132767
64966888150088,-0.055772483,0.68938255,0.42440796
64966896023623,-0.06441003,0.7729254,0.47538757
64966903897158,-0.08124441,0.8398504,0.5246377
64966911831728,-0.09527695,0.8274908,0.5164199
64966919674746,-0.11153543,0.8195381,0.5126457
64966927609316,-0.10394144,0.6883602,0.42016697
64966935513369,-0.09691012,0.65236664,0.37698603
64966943478457,-0.12686145,0.82143116,0.47478628
64966951351992,-0.09955275,0.6419802,0.3695202
64966959256045,-0.039426446,0.24908638,0.13974333
64966967190615,0.017299056,-0.11356068,-0.06319189
64966975094668,0.04226947,-0.30637646,-0.1697607
64966983059756,0.04235232,-0.42131424,-0.21118975
64966990933291,0.0038719475,-0.10566902,-0.050385475
64966998837343,0.0034787133,0.47881985,0.24282837
64967006802431,0.044659793,0.7245245,0.38709593
64967014706484,0.11586988,0.9827242,0.5532689
64967022641054,0.2024194,1.2314882,0.6895995
64967030545107,0.23310399,1.0366335,0.55139637
64967038388125,0.35752034,1.2279129,0.5339167
64967046353213,0.66482925,2.0582705,0.80250955
64967054287783,0.737926,1.9914446,0.6106937
64967062252871,0.7643647,1.9023495,0.293051
64967070187441,0.9639044,2.733613,0.18271583
64967078030459,1.2310951,3.8354845,0.011160696
64967085903994,1.103235,4.285392,-0.33865535
64967093808047,0.6895765,4.1054945,-0.964247
64967101742617,0.27493006,3.9635868,-1.841003
64967109616152,0.09256728,3.5712328,-2.0244532
64967117489687,-0.23593551,2.4227724,-1.2108665
64967125363222,-0.36987078,1.7876196,-1.182622
64967133267275,-0.32992876,1.6703806,-1.6967754
64967141232363,-0.11160314,0.8456178,-0.9437623
64967149105898,-0.084638596,1.0051007,-1.3506598
64967157009951,0.29848832,2.4528303,-3.5190544
64967164944521,0.12680268,1.413527,-1.4163694
64967172818056,-0.0696826,-1.0224566,0.6315007
64967180752627,-0.101392806,-1.2103605,0.82105494
64967188687197,-0.11005938,-0.77248335,0.56488895
64967196560732,-0.12955189,-0.78641415,0.5340705
64967204434267,-0.17707622,-1.2041183,0.6595111
64967212338320,-0.21337718,-2.6709294,0.5668423
64967220272890,-0.37996304,-3.6984096,0.24499872
64967233120791,-0.9835861,-2.800634,0.8754035
64967241024843,-1.0092177,-3.1370268,0.60901475
64967248898379,-0.5392796,-3.4377537,0.5031523
64967256832949,0.095115066,-2.2264204,0.7921102
64967264706484,0.23591304,-1.1187954,0.4188702
64967272549502,0.31248546,-0.8150015,0.1850003
64967280545107,0.06497502,-0.13945007,0.047085524
64967288449160,-0.21414137,0.48573112,-0.22183585
64967296414248,-0.12367964,0.28602695,-0.1024549
64967304318300,0.01341939,-0.034641266,0.010027647
64967312222353,-0.0059792995,0.020778656,-0.0080599785
64967320095888,-0.009965181,0.04791355,-0.017379284
64967327969424,0.01261735,-0.06401539,0.020328283
64967335934511,-0.03933382,0.19807816,-0.08325529
64967343808047,-0.13579237,0.5950289,-0.31968117
64967351651064,-0.05893588,0.20215607,-0.08875394
64967359555117,-0.00963974,0.03538418,-0.014934301
64967367428652,-0.024311543,0.115330696,-0.05526066
64967375393740,0.0092327595,-0.056176186,0.02884531
64967383267275,0.010370374,-0.08373833,0.04616785
64967391171328,0.011982739,-0.19811821,0.10410023
64967399136416,-0.009024948,-0.28467464,0.13866329
64967406979433,-0.015853405,-0.1337862,0.067753315
64967414944521,0.02830267,0.15498924,-0.08059311
64967422818056,0.056966424,0.2662897,-0.124485016
64967430691591,0.15852761,0.6306429,-0.2770176
64967438565127,0.057751417,0.2109251,-0.08523512
64967446469179,0.15522528,0.31057405,-0.40422678
64967454403750,2.2877927,3.725369,-5.6795483
64967462277285,-4.033217,6.0164275,-8.031965
64967470120302,-4.8479757,8.468349,-0.7155328
64967478115908,-7.072463,7.4173136,4.0350933
64967485989443,-6.6396103,5.1527133,4.7019997
64967493954531,-3.3347862,6.29017,-2.8313074
64967501828066,-1.2424808,7.059722,-4.65119
64967509701601,-1.5057192,6.0864544,-1.001997
64967517666689,-1.8788636,6.139231,0.8147063
64967525540224,-2.053737,6.3415756,-0.36447
64967533505312,-2.1398098,5.596763,0.031151295
64967541378847,-2.475597,4.710422,-0.26873302
64967549282900,-2.9226913,4.208585,0.029212952
64967557217470,-3.1450083,2.9316335,1.904161
64967565121523,-1.7887137,2.2362194,1.7667818
64967573086611,-0.5820122,2.5436234,-0.37310934
64967580960146,-1.5994613,0.7746434,0.11578512
64967588864199,-0.039970875,1.6261182,-2.1736407
64967596859804,-2.0874188,1.5270481,-1.2929583
64967604733340,-3.60949,0.78232527,-2.0357127
64967612698427,-4.9596853,0.8481951,-6.874331
64967620602480,-8.056609,1.8673644,-10.495039
64967628506533,-12.585827,2.2737126,-7.4055305
64967636471621,-15.528049,0.880497,-3.47304
64967644375674,-15.529199,-0.59250593,-3.5575876
64967652371279,-12.031196,-0.40789127,-4.3300138
64967660244814,-8.065733,-0.38321114,-2.1239028
64967668148867,-4.205077,-0.48738623,-0.822824
64967676083437,-0.8997197,-0.9146328,1.1094685
64967683956972,1.3604379,-2.7290926,3.3432522
64967691891543,1.443069,-3.9307895,2.232926
64967699765078,-0.85392475,-4.0767384,0.28587675
64967707608095,-3.5718257,-3.7319233,-0.39983797
64967715603701,-5.7089567,-3.274051,-0.039944172
64967723507754,-7.045268,-2.749757,-0.48769188
64967731411806,-7.9258432,-2.2320104,-0.28008318
64967739315859,-8.3975115,-1.8856382,0.32733774
64967747189394,-8.4839325,-1.3913093,0.6695185
64967755185000,-8.551273,-0.7717767,0.41393328
64967763058535,-8.502993,-0.07958889,0.15893841
64967771023623,-8.492946,0.35234165,0.3045931
64967778897158,-8.645277,0.7873211,0.13596964
64967786770693,-6.610489,1.9950838,-4.570283
64967794674746,-4.5937214,3.3150926,1.13592
64967802548281,-3.4955869,3.9560575,3.4695551
64967810513369,-1.3221095,4.707588,2.375116
64967818386904,-1.0996044,4.1263194,4.8821707
64967826260439,-0.51047397,3.2754488,4.2091923
64967834256045,-1.1764052,4.005551,1.2801952
64967842129580,-0.40963507,6.46483,-2.2748675
64967850094668,-2.1410723,7.9466105,-2.9111242
64967857968203,-4.27533,7.670993,-0.39229488
64967865902773,-6.3498573,7.4350348,0.96224475
64967873776308,-6.3146944,7.471994,0.9791107
64967881649843,-5.1921616,7.3275633,0.5942714
64967889584414,-4.5778794,7.021617,0.4206922
64967897457949,-4.1841893,6.744416,0.009124756
64967905362002,-3.594485,6.8292046,-0.3884952
64967913296572,-3.476768,6.376623,0.22110844
64967921139590,-3.8411403,5.5900774,1.2360499
64967929074160,-3.9299037,4.8425617,1.5623447
64967936978213,-3.4430795,4.1794024,1.0661162
64967944851748,-3.2684312,3.362935,0.7686026
64967952847353,-3.2189991,2.2370987,0.40525794
64967960751406,-2.8357816,1.4024773,-0.79745865
64967968716494,-2.3128095,1.001173,-2.6297483
64967976590029,-2.0770078,0.2578106,-2.6399918
64967984494082,-2.4772153,-1.2032709,-1.7696795
64967992428652,-2.2395792,-1.8724623,-2.6518834
64968000332705,-1.9640118,-2.028757,-3.619179
64968008267275,-1.5443034,-2.2326918,-3.8300054
64968016140810,-1.3447315,-2.2851386,-3.9154263
64968024014345,-1.0745087,-2.0740833,-3.7619467
64968032009951,-1.1855017,-1.6703849,-3.858859
64968039914004,-1.2468529,-1.575674,-3.9594953
64968047909609,-1.6787045,-1.8204818,-4.4231715
64968055783144,-2.0236762,-1.9797258,-5.10421
64968063687197,-2.1656501,-2.051395,-5.3887563
64968071621767,-2.3438406,-2.157868,-5.8559265
64968079495302,-2.550962,-2.4267035,-6.407497
64968087399355,-2.5658038,-2.9781747,-6.2987113
64968095303408,-2.4825733,-3.6116533,-5.882453
64968103176943,-2.2593436,-4.1920886,-5.6106834
64968111142031,-2.057738,-4.338972,-4.870286
64968118985049,-2.1129503,-4.2638345,-4.722535
64968126950136,-1.8868998,-4.141181,-4.9732203
64968134854189,-1.8898367,-4.123321,-4.875184
64968142727724,-2.4235857,-4.3493567,-4.4034433
64968150631777,-2.8091347,-4.591757,-3.992892
64968158535830,-2.7778504,-4.5970764,-3.8669634
64968166500918,-2.7377112,-4.835027,-3.983135
64968174404970,-2.12773,-4.6603465,-3.166368
64968182309023,-1.0844693,-4.0887513,-3.620863
64968190304629,-0.29240274,-3.509798,-3.623012
64968198208681,0.97974086,-3.249784,-3.2544377
64968206143252,1.6295304,-3.1219115,-2.7203736
64968214077822,1.1645614,-3.6969795,-2.4899502
64968221920840,3.3758557,-2.0186372,-3.8592825
64968229794375,1.186827,-1.5562439,2.5394258
64968237698427,-0.6130094,1.5725689,2.04499
64968245663515,-2.0729063,3.6329832,0.70554864
64968253537050,-3.7403927,4.7156506,-3.0307894
64968261441103,-7.4558663,4.0792274,-1.6982224
64968269375674,-6.9841003,2.4990082,3.96513
64968277249209,-5.2152615,2.3532314,7.4310513
64968285183779,-3.1558464,4.206339,6.3996925
64968293087832,-1.7463822,5.232691,4.828337
64968300991884,-0.77667415,5.380246,6.1331277
64968308865420,-1.3732526,4.888091,7.465024
64968316769472,-2.8777165,3.946248,5.5276117
64968324704043,-3.526427,3.242118,3.5791516
64968332577578,-3.6859531,2.651741,4.088019
64968340420595,-3.0493703,1.5725651,4.4685316
64968348416201,-2.100194,0.1654501,3.7171535
64968356289736,-1.8412633,-0.81182575,2.965533
64968364224306,-1.6165268,-0.9865322,2.7748463
64968372128359,-0.542621,-0.5984955,2.6070218
64968380032412,0.5171551,0.06786823,5.3275223
64968387966982,1.1791446,0.21791553,4.993988
64968395810000,1.5916586,-0.23949146,4.3674726
64968403775088,1.3955898,-0.82864,4.4462
64968411648623,0.70593965,-0.7606325,4.9838085
64968419522158,0.50062084,-0.24062061,4.637265
64968427395693,0.33507317,0.06372547,3.8289244
64968435299746,-0.08552462,0.112709045,3.8043005
64968443203799,-0.62130797,0.0119867325,3.637845
64968451077334,-1.0030463,-0.24067593,3.2458038
64968458981386,-0.9745345,-0.41040802,2.889331
64968466976992,-0.8195181,-0.59784603,2.5190268
64968474850527,-0.6521789,-0.94939137,1.9612231
64968482785097,-0.54343176,-1.2667532,1.5714719
64968490658633,-0.5269684,-1.3996544,1.2990096
64968498501650,-0.14627022,-1.4468808,1.1795592
64968506405703,0.21526808,-1.5357747,1.0325494
64968514279238,0.5058391,-1.6977558,0.78425074
64968522244326,0.72064304,-1.7793465,0.6205206
64968530117861,0.53133243,-1.6491137,0.5940485
64968538021914,0.17743659,-1.4028759,0.48940563
64968545956484,-0.09282935,-1.1888094,0.62681246
64968553860537,-0.35719198,-0.9998312,0.6620836
64968561825625,-0.57105124,-0.8691311,0.7477081
64968569729677,-0.75442666,-0.7123251,0.96358967
64968577633730,-0.8578064,-0.45730305,1.1271415
64968585507265,-1.0391201,-0.2788992,1.0589232
64968593411318,-1.1862293,-0.2989874,0.9834168
64968601406924,-1.2684877,-0.33036804,1.1723957
64968609280459,-1.1647353,-0.19852829,0.9736526
64968617184511,-0.93133044,-0.08114052,0.9333408
64968625119082,-0.710024,-0.07331467,0.9413357
64968633053652,-0.3703943,-0.004696846,0.9820552
64968641018740,-0.131886,0.0049972534,0.9831002
64968648892275,-0.22555122,-0.16388321,0.8379662
64968656796328,-0.2553209,-0.24564838,0.7475319
64968664730898,-0.3760478,-0.23589516,0.6071007
64968672604433,-0.4963634,-0.26400757,0.43823934
64968680539004,-0.6614084,-0.28926468,0.3053584
64968688443056,-0.70647305,-0.27558804,0.18650246
64968696286074,-0.753774,-0.20123959,0.10988617
64968704251162,-0.79597646,-0.08255482,0.06244874
64968712155215,-0.8304805,0.020872116,0.08420682
64968720059267,-0.7548349,0.028067589,0.09040451
64968727963320,-0.598511,-0.012480736,0.30714273
64968735836855,-0.50464725,-0.16042995,0.4346075
64968743832461,-0.5080714,-0.26278877,0.36067677
64968751736513,-0.5087915,-0.2812662,0.33448386
64968759732119,-0.47110417,-0.2346983,0.4941671
64968767605654,-0.50233954,-0.20711517,0.4571631
64968775479189,-0.44256404,-0.27019596,0.49374747
64968783413759,-0.46194708,-0.33312607,0.398422
64968791317812,-0.4080521,-0.3047495,0.45578098
64968799252383,-0.31486005,-0.26189518,0.43172574
64968807125918,-0.2467983,-0.2619896,0.41712546
64968814999453,-0.2445365,-0.23547459,0.46434474
64968822934023,-0.22858575,-0.22780228,0.48227167
64968830777041,-0.13253568,-0.26071262,0.40915084
64968838742129,-0.13306846,-0.29609776,0.3579111
64968846646181,-0.13205957,-0.2546358,0.38769174
64968854519716,-0.10336481,-0.29710674,0.32456398
64968862393252,-0.09714843,-0.34925842,0.3144791
64968870297304,-0.09900661,-0.3704729,0.25466585
64968878292910,-0.123314545,-0.37300968,0.14815521
64968886166445,-0.1154802,-0.33278465,0.16942453
64968894070498,-0.13992432,-0.2881775,0.17256737
64968902066103,0.018598616,-0.2990427,0.15279675
64968909909121,0.046748906,-0.2147646,0.057899
64968917874209,-0.0119172335,-0.18587112,0.124173164
64968925778261,0.0911679,-0.13567066,0.13122082
64968933682314,0.11446458,-0.17670155,0.09579277
64968941555849,0.12785277,-0.17003345,0.06559324
64968949429384,0.040851355,-0.17807293,-0.0715971
64968957394472,-0.031948805,-0.10718632,-0.072114944
64968965268008,-0.13632394,-0.048280716,-0.0055360794
64968973172060,-0.085467935,-0.106684685,0.027553082
64968981106631,-0.018700004,-0.040366173,0.2254324
64968989010683,-0.033048302,0.018710136,0.19597387
64968996945254,-0.23670447,-0.22743416,-5.7123322
64969004849306,0.28498954,0.10296059,5.6829286
64969012753359,-0.8087255,-0.053749084,-1.3869898
64969020626894,0.392678,-0.09071255,0.04206276
64969028530947,-0.35899612,-0.23627949,1.3791542
64969036526552,-0.14585663,-0.17439938,0.86238337
64969044400088,-0.034575343,-0.23082447,0.15373898
64969052304140,-0.35052812,-0.026392937,-0.15734625
64969060238711,0.12560469,0.2173481,0.14974642
64969068112246,-0.39860973,-0.26867294,0.41508865
64969076016299,-0.10665712,-0.3646345,0.23795319
