54582063559990,-0.010227919,0.09568596,-0.0051232576
54582071433525,-0.008675337,0.09435463,-0.004844129
54582079307060,-0.0043569803,0.06493187,-0.002877742
54582087272148,-0.0024451613,0.06909752,-0.002311319
54582095176201,-0.0023479462,0.05761528,-0.0024640858
54582103141288,7.981658E-4,-0.012439728,6.0266256E-4
54582111014824,-0.0016859174,0.023317337,-0.0013727546
54582118918876,-0.010585487,0.13615513,-0.009369075
54582126792411,-0.022333562,0.29155922,-0.024945796
54582134665947,-0.024287999,0.2851534,-0.023162484
54582142569999,-0.010388374,0.13621235,-0.008056939
54582150535087,-0.0029109716,0.044137955,-0.0021656454
54582158408622,1.2433529E-4,-0.0018882751,7.688999E-5
54582166373710,0.0028821826,-0.060679436,0.0013366789
54582174277763,0.004064232,-0.12397385,-2.0323973E-4
54582182151298,0.0038288832,-0.10056019,1.3149902E-4
54582190116386,0.007434249,-0.099217415,7.1142614E-4
54582198050956,0.01734221,-0.16279411,6.088987E-4
54582205955009,0.007542312,-0.07327461,4.657805E-4
54582213859062,0.0022630095,-0.023143768,-1.0212883E-4
54582221763115,0.0076250434,-0.08381367,-0.0027357638
54582229697685,0.009526074,-0.119018555,-0.0054503083
54582237601738,7.274151E-4,-0.013364792,-6.16014E-4
54582245566826,-0.001180619,0.033367157,0.0022625923
54582253470878,-1.0506809E-4,0.005698204,4.8410892E-4
54582261344413,0.0026649237,-0.076911926,-0.006006658
54582269309501,0.012909949,-0.23038483,-0.018697202
54582277213554,0.01952231,-0.34541798,-0.031825185
54582285117607,0.019137084,-0.3101654,-0.026377022
54582293021660,0.014997423,-0.22475815,-0.018042088
54582300895195,0.015485346,-0.17345333,-0.016570926
54582308799247,0.0067086816,-0.06707096,-0.007313609
54582316733818,0.006197214,-0.052563667,-0.0064003468
54582324607353,1.3697147E-4,-0.0011358261,-1.2862682E-4
54582332572441,0.0010353327,-0.011094093,-0.0014718771
54582340476494,-0.002199173,0.041318893,0.007015109
54582348350029,3.4856796E-4,-0.004599571,-8.341074E-4
54582356223564,0.0066301227,-0.066711426,-0.013215661
54582364158134,0.017314076,-0.15533161,-0.03399372
54582372092704,0.021883368,-0.16400433,-0.03808236
54582379996757,0.018322587,-0.12277603,-0.03101039
54582387900810,0.0039583445,-0.024831772,-0.0066227913
54582395835380,-0.012279153,0.069298744,0.019827604
54582403769951,-0.024063826,0.11303234,0.034716606
54582411643486,-0.031279802,0.13090038,0.042940617
54582419547538,-0.04455924,0.1884203,0.06368923
54582427512626,-0.043992043,0.2100439,0.06849599
54582435386161,-0.06532061,0.32459736,0.104469776
54582443259697,-0.08930695,0.4451084,0.12305045
54582451133232,-0.15569866,0.7658529,0.17196178
54582459098320,-0.24821806,1.17313,0.20854855
54582467002372,-0.38046932,1.7544165,0.2124188
54582474906425,-0.47980285,2.076416,0.15935558
54582482810478,-0.5374396,2.473445,0.17664367
54582490745048,-0.62781847,3.0511322,0.2545923
54582498618583,-0.8640094,3.9054375,0.3645268
54582506492119,-1.3117576,5.314211,0.6321944
54582514426689,-1.99294,6.402383,0.7622353
54582522391777,-2.353835,6.6725225,0.526643
54582530295829,-2.1866872,6.6367683,0.28805476
54582538169365,-1.9099147,6.466239,0.020472623
54582546134452,-1.6373315,6.2431793,-0.27670127
54582554038505,-1.2178545,5.7688417,-0.37714726
54582562003593,-0.66937685,4.667677,-0.48291606
54582569938163,-0.12950835,2.897997,-0.29742777
54582577811699,0.10575324,1.4068146,-0.23619533
54582585715751,6.49333E-4,0.0044822693,-9.3114376E-4
54582593619804,-0.16595125,-0.96050453,0.31625557
54582601554374,-0.29617012,-1.6103253,0.64948225
54582609488945,-0.40806878,-2.0171008,0.7129221
54582617362480,-0.7238617,-3.0512342,0.73792434
54582625236015,-0.4867593,-4.745896,0.53497523
54582633170585,-0.37574792,-4.5635552,-0.14693956
54582641044120,-0.6151382,-3.2986917,-0.2981726
54582648917656,-0.60061574,-2.6434555,-0.5582559
54582656852226,-0.48009372,-2.717297,-0.57765484
54582664756279,-0.35526532,-2.9633894,-0.438231
54582672629814,-0.15264505,-3.4005413,-0.34249198
54582680503349,0.087844804,-3.714293,-0.20935574
54582688376884,-0.026250422,-3.5884829,0.020719644
54582696250419,-0.29318333,-3.140921,0.10795759
54582704154472,-0.45160306,-2.414157,0.092081904
54582712089042,-0.38161898,-1.441802,0.052431047
54582719962577,-0.17874312,-0.6191673,0.031539172
54582727927665,-0.03318405,-0.10962963,0.007995546
54582735831718,0.039378643,0.122302055,-0.012380958
54582743705253,0.059613705,0.16588116,-0.023536444
54582751578788,0.0938859,0.22701359,-0.038182735
54582759543876,0.10431385,0.24630165,-0.043785214
54582767447929,0.06427908,0.1623621,-0.030610561
54582775351982,0.0077631474,0.022249222,-0.0041348934
54582783317070,-0.03139758,-0.107162476,0.019896388
54582791221122,-0.032991886,-0.13793564,0.025531173
54582799094658,-0.019264936,-0.08443737,0.015698195
54582806968193,-0.020628452,-0.096437454,0.01843226
54582814933281,-0.0108373165,-0.05506611,0.011214018
54582822837333,0.007234454,0.0375309,-0.0072671175
54582830710869,0.02240777,0.114816666,-0.02322781
54582838584404,0.0446347,0.22595882,-0.045982838
54582846518974,0.0640533,0.3205204,-0.069318295
54582854453544,0.0051294565,0.02587223,-0.0064394474
54582862327079,-0.06623149,-0.35440063,0.10452771
54582870231132,-0.114267945,-0.71767235,0.2311418
54582878135185,-0.15458238,-1.0700102,0.34703612
54582886008720,-0.15520209,-1.314251,0.459234
54582893912773,-0.13920772,-1.3540335,0.490165
54582901816826,-0.13236189,-1.3224578,0.42808366
54582909781913,-0.14484537,-0.94486094,0.47638226
54582917685966,0.14442414,0.9754963,-1.1237197
54582925559501,-0.30683684,1.9203339,-0.31725013
54582933494072,-4.2444825,3.062636,-1.2030265
54582941398124,-0.06781435,0.095908165,-0.032976866
54582949271660,0.11630416,0.2730217,-0.056005
54582957236747,0.5844412,0.9344177,-0.19473183
54582965140800,-0.045105696,-0.1269741,0.027269244
54582973044853,0.016498566,0.07653046,-0.016689777
54582981009941,0.15182185,0.5583086,-0.09163654
54582988944511,0.3047402,0.8385458,-0.18227124
54582996848564,0.6904566,1.6221771,-0.5366821
54583004752617,0.6656318,1.7605925,-0.49436426
54583012687187,0.5232048,1.8187056,-0.4885962
54583020591240,0.31923985,1.8074541,-0.4862299
54583028495292,0.30879134,4.996724,-0.5696393
54583036460380,-0.44933808,3.930624,-1.4068704
54583044333915,-3.0833144,4.370112,-1.3730414
54583052268486,-4.0736327,4.334854,-1.096042
54583060203056,-6.1194344,5.4653625,-2.0475717
54583068076591,-8.315529,4.003256,-3.8089335
54583075950126,-7.2343774,4.351639,-6.70483
54583083854179,-9.143005,4.3508406,-10.142321
54583091727714,-10.40127,4.5268893,-8.403472
54583099662285,-16.743296,4.8768625,-4.136216
54583107596855,-6.026584,3.9502754,-0.07546067
54583115531425,8.044497,4.3627367,2.9269085
54583123465995,17.460001,4.45427,3.6733027
54583131339531,19.175259,3.7337174,5.1609755
54583139213066,21.385588,2.7174492,5.149087
54583147147636,22.664658,2.1139522,3.9801369
54583155112724,15.631058,2.1385317,2.868062
54583163016777,9.263264,1.9123116,1.782763
54583170890312,5.2307987,2.5572042,1.2411878
54583178855400,2.8073757,3.4175076,0.729203
54583186759452,1.2638836,4.011599,0.12028742
54583194663505,1.2511816,4.307999,-0.06101775
54583202537040,1.9583318,4.1171694,0.35170507
54583210471611,2.89702,3.6747098,0.6308398
54583218375663,4.247228,3.1563063,1.630107
54583226249199,6.0647745,3.0095634,2.349269
54583234122734,7.2976556,2.9619002,2.6224155
54583241996269,7.2534924,2.6770864,2.620584
54583249961357,6.277655,2.443246,3.1661255
54583257834892,5.2654386,2.130237,3.2860367
54583265738945,4.673936,2.049096,3.535916
54583273673515,4.216937,2.079874,4.324428
54583281547050,3.5504665,2.035777,5.0338635
54583289451103,2.8107643,1.861556,5.6642895
54583297324638,2.3366337,1.4806132,5.8919196
54583305289726,2.5028822,1.307343,5.65419
54583313193779,2.883419,1.403975,4.8887386
54583321067314,3.1709113,1.5762696,4.0796967
54583328971367,3.6831684,1.6043797,3.1450615
54583336936454,4.2388644,1.7399969,2.443748
54583344809990,4.3106346,1.7793369,2.133136
54583352775077,4.2799606,1.6410284,2.0590835
54583360679130,4.5604024,1.4993029,2.1612697
54583368552665,4.9749284,1.4231596,2.1512039
54583376517753,5.0502005,1.2526503,2.3428044
54583384421806,5.0566416,1.1624775,2.3626332
54583392386894,5.087095,1.2293043,2.2665567
54583400290947,5.016944,1.288022,1.9950757
54583408194999,5.0618305,1.3267508,1.7493541
54583416160087,5.0301394,1.3799295,1.3497422
54583424064140,4.855213,1.5955048,1.1035013
54583432029228,4.5375376,1.8343782,0.92578816
54583439933281,4.0252724,1.9600677,0.97861147
54583447806816,3.504494,1.9652615,1.1571763
54583455771904,2.9122891,1.8005037,1.3375399
54583463675956,2.728284,1.630065,1.5935063
54583471580009,3.059321,1.5108547,1.6231437
54583479484062,3.4127119,1.4786644,1.784699
54583487357597,3.6316254,1.468566,1.9756331
54583495292167,3.708324,1.4138527,1.9936347
54583503226738,3.7044847,1.3860674,2.020386
54583511130790,3.7355473,1.3707695,2.122285
54583519095878,3.6357443,1.5582161,2.168662
54583526969413,3.4126978,1.6269436,2.3804166
54583534842949,3.1959949,1.7300301,2.4984965
54583542808036,2.8825035,1.7073193,2.650546
54583550742607,2.6737022,1.6165447,2.9853907
54583558616142,2.4946768,1.5534611,2.857099
54583566520195,2.2616682,1.6183853,2.8876185
54583574485283,1.9747728,1.6350164,2.8273652
54583582389335,1.7158413,1.6106634,2.7720551
54583590262870,1.5949337,1.6411514,2.7984662
54583598166923,1.4869506,1.6455469,2.8958757
54583606101494,1.419275,1.5779734,3.1719117
54583614005546,1.37237,1.5745325,3.4822304
54583621879081,1.2339283,1.6377888,4.0782795
54583629752617,0.89895356,1.6580429,4.78579
54583637717704,0.37021005,1.7770281,5.507142
54583645621757,-0.07568288,1.9269238,5.903604
54583653495292,-0.26972675,2.3282118,6.1074996
54583661429863,-0.73219085,2.801444,6.4495153
54583669333915,-1.2724164,3.4050617,6.466956
54583677207451,-1.6320765,4.3921366,6.253981
54583685080986,-2.0789473,5.8810463,6.9105883
54583692985038,-2.5579903,7.7394896,6.5194635
54583700919609,-2.9954515,10.017562,7.309209
54583708884697,-3.3528328,12.019977,8.179821
54583716758232,-3.797903,13.254962,7.7492633
54583724662285,-3.562662,13.260887,7.4306393
54583732627372,-2.7814708,12.486015,6.1776786
54583740500908,-1.5272312,12.829631,5.4846783
54583748435478,-0.11016762,13.016884,4.5260725
54583756400566,1.3629781,12.930302,4.028266
54583764274101,4.888124,12.279892,3.480452
54583772178154,7.605732,10.902435,2.6949937
54583780082206,6.77845,8.528276,2.600284
54583787955742,5.3163285,5.4733014,1.053112
54583795829277,4.717044,2.1007257,-3.7472067
54583803794365,8.229107,-4.5182,-8.302364
54583811667900,2.018903,-14.66156,0.51237726
54583819541435,-2.598362,-10.757417,2.9716885
54583827506523,-0.336645,-4.218395,3.8634093
54583835380058,2.9866805,-1.3272805,4.790888
54583843284111,3.8196778,-0.04261875,5.2447205
54583851249199,4.1033716,-0.0014519691,5.0514507
54583859122734,3.261278,-1.0105796,4.5681343
54583867026786,1.882068,-2.701806,4.2158804
54583874930839,0.7305769,-4.3851337,3.3997238
54583882804374,0.19183832,-5.4281406,2.7025378
54583890769462,-0.15557969,-6.0464735,2.145835
54583898673515,-0.5460224,-6.647547,1.6330025
54583906547050,0.39674622,-6.703138,0.6956072
54583914512138,1.9368927,-6.2770267,0.5951812
54583922416191,3.4894552,-5.874452,0.43073726
54583930289726,4.9219584,-5.036597,-0.19268107
54583938163261,5.1374474,-4.233083,-1.2012467
54583946067314,3.7574482,-3.8241453,-1.8343709
54583954032402,1.9973176,-2.9565115,-2.81825
54583961905937,0.84933895,-2.2959332,-3.4384162
54583969779472,0.9743839,-1.6164446,-3.6387022
54583977653007,2.0908852,-1.1830425,-4.127336
54583985618095,3.5503025,-1.4475756,-4.8312383
54583993522148,4.949003,-1.6708431,-5.350856
54584001395683,5.585679,-1.8053775,-5.3565836
54584009360771,5.3109436,-1.5931873,-5.038262
54584017295341,5.0696955,-1.200057,-5.313395
54584025168876,5.0585675,-0.5778265,-5.3925495
54584033042411,4.7413626,-0.08569145,-5.3370466
54584040976982,4.123801,0.2586012,-5.3250537
54584048881035,3.4223847,0.39752293,-5.744557
54584056754570,2.92485,0.18109417,-5.8809786
54584064719658,2.9780512,-0.19069767,-5.8109684
54584072593193,3.024298,-0.5516319,-5.81513
54584080527763,3.0994787,-0.48887825,-5.501248
54584088401298,2.8622527,0.04208851,-4.9421625
54584096274833,2.45081,0.6981573,-4.438817
54584104209404,1.9545482,1.177269,-3.7059746
54584112174492,1.2943054,1.0913897,-3.7959042
54584120048027,1.0874805,0.28849792,-5.0454803
54584127982597,0.7277645,-0.60049534,-7.5710135
54584135917167,-3.071019,0.6315422,-2.681632
54584143790702,-4.85213,-1.9109349,-5.1476893
54584151725273,0.54768133,-1.4986324,-4.730646
54584159659843,6.781444,-0.30355358,-3.1053839
54584167533378,6.828236,-0.65906334,-3.2380807
54584175437431,4.9683375,-1.1771307,-3.2077045
54584183310966,5.0885134,-1.5550947,-3.5008504
54584191184501,7.3237667,-1.862093,-3.8177245
54584199119072,6.691947,1.6873131,-1.124098
54584207053642,4.9323926,1.6699114,-3.0721378
54584214927177,3.049555,5.679631,6.438072
54584222892265,-2.7279887,8.839668,8.887151
54584230765800,-11.061575,8.0521755,5.852949
54584238639335,-19.667915,3.2668047,-0.8956137
54584246604423,-20.60519,-0.9564991,-4.8584323
54584254538994,-15.6452,-3.6260743,-7.837319
54584262443046,-13.647976,-0.48837852,-10.757055
54584270347099,-16.525623,4.712468,-0.5214009
54584278220634,-9.177426,4.413966,0.20755786
54584286094169,-1.9359099,1.2915859,-0.92621714
54584294059257,1.9912864,-0.13969994,-0.26549977
54584301932792,5.391656,-0.78666306,-0.3875047
54584309806327,9.384463,-1.0435505,-0.99797773
54584317771415,12.779275,-0.6857281,-1.3814003
54584325644951,13.920762,0.029279709,-1.7959847
54584333549003,11.308325,0.9343281,-0.95870805
54584341422538,7.6929626,2.0057783,-0.76260316
54584349296074,4.2966056,2.9756327,-1.3697028
54584357230644,-0.12477332,2.90796,-1.7706137
54584365165214,-3.7446556,2.1013832,-1.5263164
54584373069267,-4.844314,1.3520756,-1.1001115
54584380942802,-3.192453,0.92996407,-1.1349931
54584388846855,-0.5318159,0.47643852,-0.44753242
54584396781425,1.9866047,0.5253277,0.47357917
54584404685478,3.491427,0.9159336,1.081256
54584412559013,3.5770888,0.92975044,1.3028944
54584420432548,2.6646218,0.7368269,1.115128
54584428397636,1.3798593,0.22717476,1.1747186
54584436271171,0.1306681,-0.029333115,1.6947389
54584444144706,-0.7175157,-0.061271667,1.7948735
54584452048759,-0.44891647,-0.076934814,1.89456
54584459983329,0.38639075,0.09104824,2.4000418
54584467856865,0.58101946,0.10006714,2.9224305
54584475760917,0.5067093,-0.042927742,3.0465622
54584483634452,0.5587622,-0.2704296,3.2130048
54584491507988,0.5432893,-0.47911358,3.4091082
54584499473076,0.1783195,-0.64734364,3.6183937
54584507407646,-0.2794662,-0.67930794,3.7236605
54584515281181,-0.7523484,-0.75925255,3.828228
54584523154716,-0.867634,-0.8126831,4.0388412
54584531119804,-0.9057623,-0.68141174,4.0498533
54584538993339,-0.905274,-0.48527908,3.7959833
54584546866874,-1.0459569,-0.4608736,3.6480393
54584554831962,-1.584359,-0.31088543,3.1245973
54584562705497,-2.0714633,-0.016384125,2.8303616
54584570640068,-2.092852,0.0039806366,2.1565828
54584578544120,-1.6297776,0.26756573,1.5137317
54584586417656,-1.5103427,0.3407793,1.3170674
54584594352226,-0.96288335,0.15156841,1.0552776
54584602286796,-0.42601916,0.10970402,0.8903923
54584610160331,0.39623806,0.3365984,0.7971933
54584618125419,1.2509125,0.4993496,0.7485913
54584626029472,1.8283266,0.655179,0.8463576
54584633933525,1.7498099,0.6577492,0.6175666
54584641898613,1.3011348,0.48856926,0.4627471
54584649772148,0.72755075,0.4370365,0.40453148
54584657645683,-0.088121,0.24210644,0.5673586
54584665519218,-0.7702409,0.22713852,0.6765083
54584673392753,-0.75401926,0.4300394,0.98622215
54584681266288,-0.8052325,0.515604,1.2738546
54584689200859,-0.89575195,0.4813938,1.658925
54584697074394,-0.52450985,0.41115093,2.0093675
54584704947929,-0.12010419,0.42688656,2.229117
54584712913017,0.2676135,0.4402628,2.4506466
54584720817070,0.35700825,0.44669342,2.4712956
54584728690605,0.09309769,0.3266077,2.2700512
54584736564140,-0.24302682,0.2979536,2.2159474
54584744468193,-0.74977136,0.26302052,1.8894641
54584752402763,-0.9173063,0.34434795,1.5482141
54584760306816,-0.72890484,0.5997486,1.4302614
54584768180351,-0.7898719,0.88784695,1.3458108
54584776053886,-0.6230045,0.9164915,1.5216336
54584783988456,-0.45563957,0.8269825,1.6966449
54584791923027,-0.15694325,0.72930336,1.7143517
54584799796562,-0.151517,0.9228592,2.0467947
54584807670097,-0.46268365,0.9694805,2.2651386
54584815574150,-0.79001033,0.976902,2.5509417
54584823539238,-0.7734124,1.0771399,2.710837
54584831443290,-0.60908103,1.2980766,2.7685213
54584839316826,-0.54469055,1.4812479,2.4951143
54584847220878,-0.3442623,1.7611856,2.607599
54584855124931,-0.44983608,1.9779825,2.5925744
54584863028984,-0.83303213,2.1171064,2.6457427
54584870902519,-1.0650766,2.3102398,3.0878031
54584878776054,-1.1350231,2.4910145,3.1734262
54584886741142,-1.5332586,2.76231,3.5917947
54584894614677,-1.9843252,3.2587519,4.164398
54584902518730,-2.6838093,3.5232534,4.666432
54584910422783,-3.2076898,3.5652885,5.053989
54584918357353,-3.7014356,3.7296038,5.4009743
54584926261406,-4.240019,4.159992,5.7283144
54584934226494,-4.778936,4.9277067,6.168456
54584942130546,-5.4616747,6.1028557,6.2480183
54584950004081,-5.9491863,7.726823,6.20753
54584957938652,-6.3898773,9.923681,7.2050796
54584965873222,-7.22431,11.958685,8.179285
54584973838310,-7.8737493,13.296008,7.4211025
54584981772880,-6.9212327,12.670753,5.8287044
54584989646415,-4.0602617,11.338027,4.3339853
54584997519951,-1.0617294,11.129234,3.6252668
54585005485038,1.2083651,11.544519,2.9966183
54585013358574,3.2737122,10.627426,3.3611214
54585021232109,5.26377,10.033203,3.074103
54585029166679,4.6319027,8.908478,2.211173
54585037070732,3.6711397,7.480503,1.6361923
54585044974785,3.723346,4.6983433,-1.9946036
54585052848320,5.0439105,-1.639668,-4.109966
54585060721855,-0.43090856,-7.824605,1.8977332
54585068625908,-5.174144,-6.474961,3.434262
54585076499443,-5.151764,-3.610199,4.389036
54585084434013,-2.732729,-2.067037,5.646593
54585092338066,-1.2622101,-1.2830858,5.878428
54585100211601,-0.3362236,-0.9723649,6.0539665
54585108146171,0.056943774,-1.2159395,5.8547435
54585116050224,0.099696994,-1.963839,5.421215
54585123954277,-0.20356798,-2.8720536,4.7457976
54585131827812,-0.44068623,-3.5129375,3.9830742
54585139701347,-0.28892565,-4.1606584,3.290413
54585147605400,-0.37989593,-4.4241624,2.484163
54585155570488,-0.9360279,-4.5765204,1.6128519
54585163474540,-1.2844487,-4.291207,1.2622831
54585171348076,-1.654063,-3.9801545,0.7235999
54585179221611,-1.8812208,-4.0530143,0.110512495
54585187125663,-2.1558409,-4.0415688,-0.5253823
54585195090751,-2.8988652,-4.0293193,-1.1864922
54585202994804,-3.1300805,-4.087801,-1.7512357
54585210898857,-2.800082,-3.8282938,-2.07706
54585218772392,-2.1317132,-3.3508945,-2.7106445
54585226676445,-1.1881404,-2.9572382,-2.5458353
54585234641533,-0.5097328,-2.340942,-2.7328458
54585242515068,0.83910704,-1.6607466,-3.3482857
54585250388603,2.9809258,-1.1031313,-4.579939
54585258323173,3.5640562,-0.41713142,-5.793916
54585266227226,2.5618548,0.14551163,-5.704739
54585274192314,1.7952869,0.38539314,-5.4249587
54585282096367,1.5501422,0.6806545,-5.763627
54585290030937,2.1543493,1.1068382,-6.0092764
54585297904472,3.0162978,1.3854256,-6.1388383
54585305778007,3.456428,1.6085653,-6.149684
54585313682060,3.3467062,1.7852526,-6.1721983
54585321616630,3.4990883,1.8740463,-5.9293056
54585329520683,3.8139148,1.9255304,-5.5415907
54585337394218,3.8853197,1.8908014,-5.2581778
54585345298271,3.7546802,1.8182354,-5.427245
54585353263359,3.2263987,1.6576204,-5.633381
54585361167411,2.5428395,1.3033123,-5.6790104
54585369132499,1.7525387,0.8095646,-5.6913123
54585377067070,1.2172066,0.09606457,-5.4404006
54585384940605,0.83684397,-0.24514389,-5.02903
54585392814140,0.5788083,-0.3792162,-4.689471
54585400779228,0.7033113,-0.40237236,-4.4655232
54585408652763,1.3621268,-0.2909336,-3.6836672
54585416526298,2.0847468,-0.31611538,-2.956114
54585424430351,2.0641744,-0.6728697,-3.2613993
54585432395439,1.4819677,-1.7016878,-4.006651
54585440299492,1.500412,-2.0603209,-3.5973952
54585448203544,0.39334166,-3.280449,-5.8781977
54585456107597,-2.715295,-2.3612814,-4.5701227
54585464011650,-1.6616701,-0.49288177,-2.819185
54585471885185,2.559461,0.8379841,-3.021965
54585479789238,3.9465296,0.9386883,-3.5957675
54585487693290,3.1432548,0.16118908,-3.9710865
54585495597343,2.5106702,-0.5419874,-4.3568745
54585503470878,2.5255,-0.48787308,-4.334107
54585511405449,1.6738386,-0.18754959,-4.0534005
54585519370536,1.3781003,-0.31653214,-3.6834583
54585527244072,1.7883627,3.2917747,0.47680432
54585535148124,1.9648502,5.687031,-0.16795701
54585543021660,-0.4175123,6.529789,5.039643
54585550956230,-9.216925,6.4898863,3.2496758
54585558890800,-16.086561,3.9789476,2.3693774
54585566825370,-16.916496,1.5350122,1.1242313
54585574698906,-12.335935,-0.6035948,-2.6128128
54585582602958,-10.683102,-1.2191935,-5.1323733
54585590568046,-11.378314,-0.3468914,-2.5892835
54585598502617,-10.314903,1.6177254,-3.5948012
54585606406669,-10.1631365,2.545658,-2.92942
54585614280204,-10.319144,1.172411,-1.8391486
54585622153740,-7.404797,-0.48714352,-1.294769
54585630088310,-1.9949703,-0.47641182,0.8825745
54585638022880,4.4511104,-0.7897482,2.1024246
54585645896415,10.914503,-1.3119907,1.377759
54585653769951,15.309948,-1.4678955,-0.5054692
54585661643486,15.476767,-0.36020947,-0.71112114
54585669517021,11.573379,1.5934839,0.2258988
54585677390556,7.5430527,2.9213161,-1.5764809
54585685294609,2.6477158,3.345827,-1.6230296
54585693259697,-4.1727104,2.6659555,-1.5386484
54585701163749,-7.7829547,1.4122534,-1.4741808
54585709037285,-7.142898,0.501606,-1.7943188
54585716941337,-2.9130237,0.40088558,-1.3240031
54585724875908,1.1337343,0.8701496,-0.64884603
54585732779960,3.2274363,1.113841,-0.5796397
54585740653495,3.3292644,1.0094671,-0.19339979
54585748618583,2.644239,0.9473095,0.03461039
54585756522636,1.2500409,0.67822075,0.17617738
54585764396171,0.12170534,0.36040497,0.55643225
54585772269706,-0.23052463,0.26723194,0.86467075
54585780173759,-0.34282124,0.08514118,1.063385
54585788138847,-0.36613283,-0.13780785,1.335366
54585796042900,0.050591677,-0.23892784,1.9289438
54585803977470,0.23888472,-0.3188591,2.0966868
54585811942558,-0.39092678,-0.42078114,2.211634
54585819816093,-1.3005232,-0.3893261,2.7417426
54585827689628,-1.9095681,-0.30093288,2.7065141
54585835563163,-2.0173883,-0.31587315,2.7172363
54585843436699,-1.9106721,-0.28260708,2.8969777
54585851371269,-1.8138239,-0.41638088,3.2398734
54585859275322,-1.8097435,-0.6501026,3.3225029
54585867240410,-1.7205918,-0.8375397,3.3560925
54585875113945,-1.2287772,-0.8398733,3.3114672
54585883048515,-0.8246806,-0.66897964,3.0740294
54585891013603,-0.63950115,-0.41575527,2.6345782
54585898887138,-0.5390917,-0.10459614,2.1679251
54585906760673,-0.23836736,0.37229633,1.7819932
54585914634208,0.10001078,0.6463709,1.1997341
54585922507744,0.47811517,0.72239685,1.000229
54585930472831,0.8992418,0.8087387,0.654727
54585938376884,1.0813739,0.55324936,0.38018668
54585946250419,0.879385,0.24515057,0.27524924
54585954154472,0.466545,0.09771156,0.48939455
54585962058525,-0.21068412,0.24520302,0.7220715
54585969962577,-0.8557769,0.59121895,1.1597359
54585977836113,-1.0955044,1.0135527,1.3063952
54585985770683,-1.5404499,1.0548229,1.6549721
54585993705253,-1.6553319,0.9123373,1.7182708
54586001609306,-1.8501983,0.71267796,1.8755908
54586009513359,-1.684,0.51367664,1.936308
54586017386894,-1.3703873,0.20956326,1.9106717
54586025260429,-0.8509306,0.14812279,1.9107742
54586033194999,-0.58673596,0.1257391,1.9123745
54586041099052,-0.66377795,0.21412086,1.8767263
54586048972587,-0.52234215,0.4900751,1.8066883
54586056876640,-0.35790873,0.7547703,1.2901365
54586064750175,-0.25582787,0.8236685,1.3149351
54586072623710,-0.26910606,0.6353264,0.8472562
54586080588798,-0.75065,0.5701847,0.95424724
54586088523369,-0.6718011,0.68330383,0.8790312
54586096396904,-0.7547755,0.947464,1.2438971
54586104300956,-0.84887135,1.1741295,1.3993543
54586112266044,-1.0617242,1.3516006,1.7746906
54586120139579,-1.1824622,1.4941044,1.8953738
54586128013115,-1.3257754,1.49401,2.0992107
54586135947685,-1.3560839,1.4568129,2.2570462
54586143851738,-1.372201,1.3496227,2.3582985
54586151786308,-1.1222978,1.3181801,2.4710803
54586159690361,-0.71072567,1.6506729,2.546918
54586167594413,-0.84449685,2.0133924,2.7655132
54586175467949,-1.1886402,2.2646866,2.9869137
54586183402519,-1.403957,2.6070127,3.178082
54586191337089,-1.7618343,2.9547558,3.5964565
54586199210624,-2.1436546,3.345129,4.1580653
54586207084160,-2.5481644,3.7434711,4.8603973
54586215018730,-3.1749563,4.278839,6.020913
54586222953300,-3.9416668,4.742365,6.517375
54586230826835,-4.9798746,5.319808,7.194811
54586238730888,-5.9878197,6.4264326,7.329341
54586246634941,-6.9288144,8.109797,7.3005486
54586254508476,-7.5660033,9.820887,7.485037
54586262382011,-8.225805,11.808574,8.6760845
54586270286064,-8.8325,13.46165,8.1350765
54586278190117,-8.38601,14.016235,6.817445
54586286094169,-6.0973954,13.359638,5.517134
54586293967704,-3.603532,12.176579,4.30175
54586301871757,-1.6753826,11.304248,3.1453042
54586309806327,1.3065923,10.751799,1.6738124
54586317771415,4.037412,10.208929,1.899785
54586325675468,4.8417387,9.122841,1.8553843
54586333549003,4.4207172,7.507011,0.7764015
54586341422538,3.8609142,5.1378107,-1.479991
54586349296074,7.220358,0.09469795,-5.4406953
54586357230644,3.8472953,-6.9734263,-0.7002158
54586365195732,-1.4929019,-6.9369683,2.0602884
54586373069267,-2.71521,-3.7249334,3.073229
54586380973320,-1.7470148,-2.0785651,4.3138995
54586388846855,-1.7798452,-1.7794609,5.181263
54586396720390,-1.5442001,-1.8105941,5.530559
54586404593925,-1.5526533,-2.090558,5.0195723
54586412497978,-2.0660436,-2.9094334,4.249406
54586420463066,-2.119833,-4.030297,3.1483412
54586428367119,-2.4204214,-4.9318256,2.1188912
54586436301689,-2.868914,-5.447284,1.2181277
54586444236259,-3.5622232,-5.767174,0.62865114
54586452201347,-4.372489,-6.181341,0.15199089
54586460105400,-4.617772,-6.384157,-0.6971774
54586467978935,-4.59383,-5.8526444,-0.776186
54586475882988,-3.9211514,-5.5176964,-0.64131594
54586483756523,-3.8517582,-5.3143163,-0.90604925
54586491660576,-3.886435,-5.2440977,-1.276113
54586499625663,-3.185719,-4.8083863,-0.93302774
54586507529716,-2.2580543,-4.284995,-1.1119504
54586515433769,-0.9195938,-3.780745,-1.8804016
54586523398857,0.4815511,-3.3191895,-2.091578
54586531302910,1.3703303,-2.7714267,-2.306552
54586539176445,1.0614223,-1.9756432,-2.3499255
54586547049980,1.0169879,-1.601243,-2.772073
54586555015068,1.3872266,-1.2315645,-3.657232
54586562919120,2.1380553,-1.1462536,-4.432053
54586570823173,2.8382626,-1.3619547,-4.332985
54586578696708,3.174851,-1.243535,-4.4040074
54586586600761,2.9940958,-0.6262932,-4.3810244
54586594504814,2.4823108,0.11585903,-4.461459
54586602378349,2.0003197,0.69080734,-4.3818626
54586610251884,1.674138,1.4091291,-3.8532767
54586618186454,1.8373432,1.9905748,-3.6291099
54586626121025,1.854662,2.1032925,-3.9838376
54586634086113,1.602039,2.27135,-4.0343313
54586642020683,1.6752157,2.7219715,-3.8883016
54586649924736,2.1792934,3.1744175,-3.757592
54586657798271,2.3206825,3.2549524,-3.6297174
54586665671806,2.324574,3.0697746,-3.246212
54586673636894,2.5767434,2.6417694,-2.905395
54586681540947,3.3631463,1.647749,-3.0256166
54586689414482,4.520414,0.47023487,-3.1948035
54586697288017,5.0819693,-0.3738327,-3.1549418
54586705161552,5.3557386,-1.3762288,-2.992511
54586713096122,3.900416,-2.2487946,-3.5456185
54586721061210,2.5226574,-3.239026,-5.127916
54586728934745,4.1817045,-3.2664633,-3.2587247
54586736838798,0.37122846,-4.7783694,-5.951615
54586744712333,-4.8759737,-2.320169,-2.5843356
54586752585869,-3.3100307,-0.715559,-1.4252689
54586760459404,1.694325,-0.4666891,-0.60333943
54586768424492,4.7995853,0.2028904,-0.96843827
54586776328544,5.680455,-0.28577042,-1.1203222
54586784232597,5.9387655,-1.5138068,-2.493444
54586792106132,5.1336746,-1.6215835,-3.2883458
54586799979667,3.030241,-1.1313314,-3.3244085
54586807883720,1.4272548,-0.8542509,-2.9553258
54586815848808,0.69157934,-0.6348114,-2.173898
54586823722343,0.47819006,-0.3128662,-1.7690765
54586831626396,1.4651917,-0.10915184,-2.183147
54586839560966,2.2716737,-0.027647972,-1.9438436
54586847495536,2.6171384,2.8438587,2.5732703
54586855430107,1.3111501,4.791279,2.84488
54586863334160,-0.8032316,6.3026733,8.2432375
54586871207695,-9.82241,6.0212536,4.9583936
54586879081230,-17.35522,2.7714014,2.5609138
54586886954765,-17.98449,0.40503597,-0.08184326
54586894889335,-14.441779,-2.2130346,-3.7312028
54586902823906,-10.5469,-1.6962862,-5.361302
54586910697441,-8.794875,0.61524487,-7.044238
54586918570976,-8.050516,3.385748,-4.2758546
54586926536064,-8.030693,3.985035,-4.794987
54586934440117,-9.262783,1.7645082,-1.1189353
54586942374687,-8.621839,0.87941647,0.49811596
54586950309257,-0.4809153,0.12849236,1.96046
54586958182792,8.3699255,-1.1382666,0.19979072
54586966056327,14.649378,-2.097278,-0.31754196
54586973960380,15.186213,-1.0141258,0.8144859
54586981894951,12.432771,0.9758949,1.4362096
54586989768486,10.047961,1.6382341,0.23107934
54586997642021,6.372001,1.5419855,-1.0273254
54587005546074,1.7411671,1.4678202,-1.4052608
54587013511161,-2.492774,1.1912079,-1.6136351
54587021445732,-4.8784375,0.8672371,-1.5475867
54587029319267,-5.085014,0.62210655,-0.99615836
54587037253837,-2.5654953,0.71220493,-0.6049185
54587045157890,-0.024330288,0.7255974,-0.5894933
54587053031425,0.88984686,0.95643234,0.2246933
54587060904960,1.341196,0.8638201,0.89316344
54587068870048,0.9191475,0.6492691,1.4155746
54587076774101,0.35614935,0.5138159,1.5356331
54587084678154,0.05528453,0.20813942,1.5828934
54587092551689,-0.068243235,-0.05016327,1.39599
54587100425224,-0.16479075,0.014042854,1.5295303
54587108298759,-0.43676633,0.2518568,1.2084585
54587116172294,-0.298195,0.6993246,0.6895189
54587124076347,-0.65659356,0.9011097,0.7809049
54587132041435,-1.2554181,0.94151306,0.43796158
54587139945488,-1.5226829,0.7674999,0.46147704
54587147849540,-1.95364,0.35800838,0.34140158
54587155753593,-2.215653,0.15129662,0.5259025
54587163627128,-2.1892476,-0.037344933,0.6900282
54587171500663,-2.1572251,-0.18825531,1.1065286
54587179374199,-2.6101773,-0.23937511,1.5836884
54587187278251,-2.556866,-0.34338474,2.191954
54587195212822,-1.9157453,-0.24135971,2.7956665
54587203147392,-1.3265878,-0.02696991,3.2787395
54587211051445,-0.999053,0.046308517,3.5558827
54587218924980,-0.83299994,0.06986332,3.5614011
54587226859550,-1.1194701,-0.025735855,3.4559257
54587234824638,-1.3546839,-0.029491425,3.0898767
54587242698173,-1.6467462,0.08483219,2.8870559
54587250602226,-1.3886039,0.286314,2.598941
54587258506279,-0.7463829,0.58687687,2.2491055
54587266379814,-0.45947748,0.7159872,1.8280426
54587274283867,-0.4652632,0.6905384,1.6809874
54587282157402,-0.49748603,0.5986147,1.2507694
54587290030937,-0.8099822,0.457057,0.9877434
54587297904472,-1.1997513,0.3881235,0.98134387
54587305869560,-1.5905497,0.39668846,0.98028624
54587313804130,-1.281677,0.4730606,0.95285666
54587321708183,-0.9053899,0.37286186,1.1713178
54587329612236,-0.41755995,0.3475027,1.2858337
54587337546806,0.08437806,0.39220047,1.5187123
54587345481376,0.41603458,0.39887238,1.4929054
54587353415947,0.32002735,0.27685356,1.7195731
54587361289482,-0.07036954,0.23654652,1.8605156
54587369193535,-0.3713994,0.2517519,1.8587961
54587377067070,-0.7040594,0.3083315,1.8541481
54587385001640,-1.0185401,0.36592865,1.727732
54587392936210,-1.136045,0.46061134,1.450988
54587400901298,-1.2048407,0.46280384,1.1355307
54587408835869,-1.0840678,0.6434088,1.088649
54587416739921,-1.0359015,0.8345003,0.9187789
54587424674492,-0.7522981,0.896966,1.0607674
54587432548027,-0.8009154,1.0083294,1.3052206
54587440513115,-0.6626806,1.323885,1.4164813
54587448447685,-0.45797217,1.6116114,1.457144
54587456321220,-0.6482403,1.6630621,1.3694324
54587464194755,-0.85108143,1.6983318,1.4951067
54587472068290,-1.0389049,1.6319857,1.4267981
54587479941826,-1.3058615,1.4398241,1.4346292
54587487815361,-1.408494,1.3690214,1.3640661
54587495688896,-1.4931523,1.3522806,1.3962426
54587503623466,-1.5774347,1.3013334,1.5148122
54587511558036,-1.5007071,1.223814,1.6723156
54587519523124,-1.4902947,1.169527,1.7933164
54587527427177,-1.5645783,1.2007093,2.215382
54587535331230,-1.5753738,1.4416647,2.3752732
54587543235283,-1.4433006,1.8854713,2.215596
54587551108818,-1.4705074,2.2209425,2.1336706
54587558982353,-1.930901,2.454544,2.3126
54587566855888,-2.4187558,2.6473236,2.749978
54587574729423,-2.8891366,2.744319,2.99843
54587582602958,-3.1884058,3.0663624,2.993181
54587590476494,-3.5535817,3.5405588,3.0434523
54587598380546,-4.223059,4.065117,3.0107865
54587606315117,-5.2980165,4.612956,3.1828275
54587614280204,-5.7058687,5.612015,3.4296143
54587622153740,-5.1654186,6.332711,4.447483
54587630057792,-4.275702,6.3763437,4.3503475
54587637961845,-2.5912178,5.605562,4.0231576
54587645896415,-0.5756359,5.258507,3.1134899
54587653830986,1.5236042,5.174323,2.7655842
54587661796074,3.5948458,5.195275,2.1816716
54587669730644,4.9764895,5.344522,1.6060534
54587677634697,5.392622,5.3359914,0.64053917
54587685508232,4.991757,5.197358,-0.4742117
54587693381767,4.1329355,5.306448,-1.1502604
54587701316337,4.1937366,3.7172341,1.6306157
54587709281425,0.30791676,1.0828581,1.7571735
54587717185478,-1.4344428,0.9840441,4.3500113
54587725059013,-1.4271059,0.003273964,3.049068
54587732963066,-0.44505513,-1.1957111,3.4022918
54587740867119,1.3017765,-1.1972618,3.4325504
54587748771171,2.2634149,-1.3505511,3.7932048
54587756644706,2.2056818,-2.0716448,3.6123836
54587764518242,1.7071737,-2.9277053,3.2547965
54587772422294,1.2317823,-3.5312371,2.5896835
54587780356865,0.9898071,-3.9238987,2.0175314
54587788260917,0.69003,-4.112332,1.2735281
54587796164970,0.050551176,-4.345952,0.66306925
54587804099540,-0.86757314,-4.2787743,0.20143509
54587812064628,-1.6087152,-4.120367,-0.41810513
54587819999199,-2.1731627,-3.9489436,-1.1578197
54587827903251,-2.6719024,-3.8067985,-1.9415288
54587835776786,-3.0569093,-3.9679565,-2.4041936
54587843680839,-3.2346106,-4.1678166,-2.8764424
54587851615410,-3.1580846,-4.176157,-3.475618
54587859519462,-2.9106379,-3.9127011,-3.7934365
54587867392997,-2.6264439,-3.503889,-4.0912504
54587875266533,-2.010377,-3.0378952,-4.824375
54587883201103,-1.0598052,-2.4876828,-5.419674
54587891166191,-0.46489987,-1.8389874,-5.727215
54587899070244,-0.30128768,-1.4903135,-6.1464796
54587906974296,-0.6181344,-1.3485613,-6.4862313
54587914847831,-0.655684,-1.2428036,-6.5593386
54587922721367,-0.09281637,-1.0231638,-6.4449444
54587930625419,0.3717696,-0.77792263,-6.5629015
54587938559990,0.49279195,-0.6003351,-6.84891
54587946525077,0.25421783,-0.30881405,-6.8847933
54587954429130,-0.06902184,-0.066060066,-7.25229
54587962302665,-0.18600953,0.4596138,-7.2436743
54587970176201,-0.34365112,0.3771124,-7.364934
54587978080253,-0.29686618,0.23861408,-7.7758126
54587985953788,-0.41026658,0.261034,-7.732576
54587993857841,-0.9982284,0.37413597,-7.310942
54588001792411,-1.6429054,0.5318632,-7.1545134
54588009726982,-1.9563233,0.7695513,-6.740408
54588017600517,-2.1369462,0.8350115,-6.1252313
54588025474052,-1.4841418,0.47611046,-5.7456045
54588033378105,-0.31055284,-0.07544708,-5.2275844
54588041251640,1.0881083,-0.40802383,-4.511921
54588049125175,1.8425162,-0.9141998,-4.1450815
54588056998710,0.76577556,-1.596551,-4.197644
54588064872245,2.1462553,-1.0865908,-4.186355
54588072776298,3.7629285,-0.74947166,-4.5997334
54588080741386,3.1104393,-1.0888824,-4.374509
54588088645439,0.8512201,-0.83556175,-1.7489936
54588096518974,-1.1633601,0.6321945,1.2487721
54588104392509,-1.7402242,1.6545506,2.104138
54588112296562,-2.0453446,1.7913084,1.9439383
54588120261650,-3.3201735,0.916028,1.4289877
54588128165702,-4.49852,0.18753338,1.3454794
54588136100273,-4.481054,0.6417465,1.2937258
54588144065361,-2.9220366,1.2314405,1.1036701
54588151969413,-0.0034132004,2.1859865,1.2060677
54588159842949,1.3222649,3.1737347,1.1253383
54588167716484,-1.274961,2.65141,0.963928
54588175681572,-3.3136234,1.2580776,0.44810677
54588183585624,-3.5652719,-0.16606808,0.35375044
54588191459160,-2.9869049,-0.89802456,0.4967177
54588199332695,-1.8058255,-0.7898207,0.93069756
54588207206230,-0.7960822,-0.5933895,1.2680316
54588215079765,-0.12318784,-0.51951313,1.9164811
54588222983818,0.30176616,-0.48195457,2.3039403
54588230857353,0.91155237,-0.33468628,2.5220768
54588238730888,1.5651898,-0.00822258,2.291134
54588246634941,2.0540452,0.18155384,1.9997226
54588254538994,1.8996351,0.067323685,2.0267577
54588262443046,1.1573303,-0.073106766,2.1057503
54588270316581,0.5783146,-0.096116066,2.026936
54588278190117,0.03353703,-0.080703735,2.0195796
54588286063652,-0.33801764,-0.17529869,2.108019
54588294028740,-0.51785547,-0.24108028,2.0365827
54588301963310,-0.7218616,-0.26132488,1.6210086
54588309867363,-0.73693204,-0.28152847,1.5409478
54588317740898,-0.7680647,-0.25372124,1.4536076
54588325614433,-0.84868765,-0.13241768,1.3117484
54588333487968,-0.55859786,0.005665779,1.2800308
54588341361503,-0.008322597,0.06711674,1.4038048
54588349296074,0.5075027,0.039938927,1.4213682
54588357230644,0.85469687,-0.066298485,1.5178255
54588365104179,1.081524,-0.19171333,1.5376713
54588372977714,1.0499309,-0.20935345,1.1296571
54588380881767,0.7699052,-0.15031719,0.9916441
54588388785820,0.56748056,-0.04091549,0.79966134
54588396750908,0.44994962,0.11406422,0.5633758
54588404654960,0.3337428,0.12309551,0.631585
54588412528495,0.24555826,0.18970776,0.5707548
54588420402031,0.19965827,0.12953377,0.4781921
54588428367119,0.30321395,0.083800316,0.4134074
54588436301689,0.35063612,0.09516907,0.3963037
54588444175224,0.38319105,0.12112808,0.4381294
54588452079277,0.38384098,0.11614418,0.5087949
54588459952812,0.3853988,0.07300091,0.76407355
54588467856865,0.32528692,0.044397354,1.1105617
54588475821952,0.45168477,0.044698715,1.2762294
54588483726005,0.39167306,-0.017032623,1.1904504
54588491599540,0.24387681,-0.13351822,1.3619478
54588499534111,0.12115848,-0.26403236,1.3991203
54588507499199,-0.0901832,-0.29129505,1.1521677
54588515372734,-0.27499896,-0.3685217,1.0971656
54588523276786,-0.32301098,-0.30656052,1.1957349
54588531211357,-0.5612014,-0.13652325,1.1948408
54588539084892,-0.53856814,-0.03338051,0.97176313
54588546988945,-0.25486326,-0.14326668,0.92771125
54588554923515,0.04695338,-0.2890463,1.0116096
54588562858085,0.20166034,-0.24101353,0.8828453
54588570731620,0.094628155,-0.15235329,0.84949887
54588578605156,0.020703137,-0.20255661,0.91058177
54588586509208,-0.08394408,-0.23124313,0.853899
54588594474296,-0.21170098,-0.19534779,0.73023
54588602347831,-0.16472262,-0.19792557,0.63575375
54588610221367,0.008517802,-0.20069218,0.61318445
54588618094902,-0.0052146316,-0.18217945,0.46962345
54588625998954,-0.11906171,-0.12558746,0.34851903
54588633964042,-0.20141149,-0.08838749,0.25216174
54588641868095,-0.2568022,-0.0034751892,0.21819729
54588649741630,-0.25008154,0.047797203,0.2789951
54588657676201,-0.22164077,0.027069092,0.16959172
54588665641288,-0.2698561,-0.10147667,0.15684527
54588673545341,-0.29419786,-0.16788006,0.08543944
54588681418876,-0.3116727,-0.14824486,-0.09698385
54588689292411,-0.25051147,-0.11192989,-0.09922105
54588697226982,-0.11313993,-0.051792145,0.0025793314
54588705161552,-0.10534948,-0.015666008,-0.08661163
54588713065605,-0.1264453,0.0012922287,-0.0966751
54588720969658,-0.20023042,-0.020033836,-0.11657685
54588728843193,-0.133147,-0.07247543,-0.23981225
54588736716728,-0.102360725,-0.098552704,-0.21997744
54588744620781,-0.028706908,-0.016875267,-0.27471113
54588752585869,-0.015071452,0.02656269,-0.30635256
54588760489921,-0.020488083,0.038931847,-0.2954306
54588768393974,-0.054351807,0.07294464,-0.19673169
54588776267509,-0.12620473,0.07588768,-0.12229562
54588784141044,-0.14049041,0.050164223,0.016198158
54588792014579,-0.099559546,-0.018600464,0.19494641
54588799949150,-0.11370164,-0.101696014,0.1770342
54588807853202,-0.11382717,-0.14164925,0.25413847
54588815757255,-0.16698205,-0.08339596,-0.34464943
54588823630790,0.29176292,-0.17347622,0.63763374
54588831534843,-0.06738889,0.016591072,0.23902577
54588839408378,-0.24728167,-0.044631004,0.5047163
54588847342949,-0.23612767,-0.19684887,0.42310786
54588855308036,-0.146204,-0.23411179,0.46790218
54588863181572,-0.15684491,-0.19233418,0.5842869
54588871055107,-0.19368589,-0.16248131,0.6573016
54588878928642,-0.17324823,-0.19970131,0.5127373
54588886892043,-0.09350371,-0.20104218,0.43279284
54588894792581,-0.04745412,-0.16172886,0.45142454
54588902671318,-0.04718423,-0.12254143,0.3873418
54588910544853,-0.104602695,-0.12895393,0.38167274
54588918418388,-0.1192863,-0.20260811,0.19341797
54588926287889,0.05681801,-0.2524414,0.053652346
54588934159812,-0.1408295,-0.14174461,0.36502486
54588942069511,0.09461218,1.04904175E-5,0.28661156
54588950034599,0.076217055,-0.0067281723,0.23743236
54588957938652,-0.014126956,-0.07579422,0.20326924
54588965812187,-0.12599838,-0.09703064,0.22953033
