46969435784241,0.0030171424,-0.15553665,-0.010482013
46969443749328,0.007986188,0.10652828,0.011388063
46969451622864,0.03422582,0.256814,0.03291905
46969459557434,0.021266818,0.13788033,0.021605253
46969467430969,0.0055572987,0.039530754,0.0067965984
46969475304504,0.0057935715,0.054448128,0.009567499
46969483239074,6.322861E-4,0.0092659,0.0015318394
46969491082092,-8.556247E-4,-0.017790794,-0.0028208494
46969499016662,-0.00400427,-0.082556725,-0.01314795
46969506890198,-0.0032536685,-0.06745434,-0.010894656
46969514763733,-0.0026466548,-0.0618639,-0.009671211
46969522698303,-2.5689602E-5,-0.0010948181,-1.8417835E-4
46969530632873,0.00629735,0.11186314,0.016801357
46969538567444,0.0054067075,0.10588741,0.014474273
46969546502014,0.007083893,0.123848915,0.016811132
46969554375549,0.013652682,0.1608429,0.020168066
46969562310119,0.021123052,0.21973991,0.026001215
46969570183655,0.019203842,0.19094372,0.0230937
46969578026672,0.02856505,0.2578802,0.03265798
46969585930725,0.029961348,0.23082256,0.034675717
46969593834778,0.0063388348,0.046593666,0.0071400404
46969601708313,-0.011556029,-0.09879112,-0.013311863
46969609612366,-7.8994036E-4,-0.008184433,-9.496212E-4
46969617546936,0.005728245,0.06144905,0.007401943
46969625481506,0.0022481084,0.024214745,0.0025868416
46969633355041,9.509325E-4,0.009047508,7.6442957E-4
46969641320129,0.0050657988,0.044740677,0.0027733445
46969649285217,0.014701843,0.13081169,0.0065281987
46969657219787,0.02440095,0.23843193,0.008053482
46969665093323,0.053625822,0.37004852,0.04274547
46969673027893,0.06691718,0.4809656,-0.018087089
46969680901428,0.07218373,0.933115,-0.015229166
46969688835998,0.024298877,0.8424673,-0.053340673
46969696831604,0.03832963,0.7568159,-0.036969483
46969704766174,0.12453699,0.9319277,-0.042559564
46969712639709,0.14430666,0.9114828,-0.06915712
46969720574280,0.177634,0.8162699,-0.042899072
46969728447815,0.08538914,0.3172655,-0.0064430386
46969736382385,-0.05653262,-0.2328453,0.0012530908
46969744255920,-0.09629512,-0.60948277,0.006753184
46969752129455,-0.06906164,-0.82688046,-0.011947513
46969760002991,-0.037247777,-0.92044735,-0.104742646
46969767876526,-0.015841566,-1.2698126,-0.16540766
46969775841614,-0.019190878,-1.1689215,-0.22565389
46969783837219,0.030174494,-0.70195675,-0.15826702
46969791741272,-0.0109190345,0.11755657,0.046491146
46969799736877,0.05095625,-0.38105774,-0.12760758
46969807610412,0.09111929,-0.39964104,-0.15447927
46969815575500,-0.019845009,0.07147312,0.028295994
46969823449035,-0.13432264,0.39309502,0.17276049
46969831322571,-0.04502821,0.11405182,0.04872918
46969839196106,-0.17667651,0.4712963,0.19426107
46969847100158,-0.31539512,0.81266785,0.32535124
46969855065246,-0.44990945,1.1055326,0.55036116
46969862999817,-0.45517707,1.003324,0.559391
46969870873352,-0.7565818,1.5419106,1.1482053
46969878807922,-1.1985567,2.2986693,1.9250445
46969886742492,-1.5066059,2.8592572,2.6580467
46969894677063,-1.7681983,3.5906281,3.392024
46969902550598,-1.937207,5.0393143,4.3942437
46969910424133,-2.199621,6.6418123,4.567766
46969918297668,-2.7226102,8.872654,4.3537273
46969926201721,-3.1614964,11.633127,3.960987
46969934136291,-3.7593088,13.2778,3.1511412
46969942009826,-4.8274794,13.895826,2.5329523
46969949883362,-6.0218263,13.896969,1.7469568
46969957848449,-8.001321,13.555453,0.85016954
46969965783020,-9.374914,12.698402,0.95906633
46969973778625,-9.482494,12.185869,0.4466595
46969981713196,-11.001436,11.648407,1.3861492
46969989586731,-10.632639,9.131252,1.6129746
46969997490783,-6.092283,5.0314903,1.360178
46970005364319,-2.3592672,2.1271334,0.60376763
46970013207336,-0.4201188,0.5786247,0.06863338
46970021141907,-0.14689732,0.48724747,-0.10782194
46970029015442,-0.26469225,4.1692743,-2.1190777
46970036950012,0.12658201,10.288153,-5.671275
46970044823547,0.79287124,9.986406,-15.89676
46970052758117,5.5816827,6.3357353,-5.346039
46970060631653,11.629856,14.319166,-12.467557
46970068566223,3.9508095,14.451247,-8.412236
46970076531311,-7.5258803,6.302894,-2.7645338
46970084404846,-5.6975317,4.3882265,-6.1143947
46970092339416,-6.203822,4.149177,-4.8788996
46970100212951,-5.1887994,6.2641397,-5.918624
46970108086487,-1.6949031,7.4119473,-5.797416
46970115960022,1.5540249,7.5366297,-3.252324
46970123864074,2.4378893,6.69796,-2.3631318
46970131798645,2.2020016,3.32371,-1.5343535
46970139672180,3.3003426,1.2329967,-0.5711386
46970147545715,6.588626,0.49545902,-1.0890378
46970155480285,3.4732962,0.27299833,-1.6528549
46970163384338,-0.68059015,-0.33657646,0.6186948
46970171318908,0.032723427,0.05251026,-0.04876995
46970179192444,0.78182864,1.5713305,-1.1994009
46970187096496,0.34196568,0.5132184,-0.52013874
46970195061584,-0.44579697,-0.39328957,0.6808491
46970203026672,-0.48065233,-0.29507518,0.70280933
46970210991760,0.069496155,0.03730607,-0.078811646
46970218926330,0.57619953,0.3092997,-0.5302038
46970226799866,0.884501,0.5338321,-0.8737545
46970234764953,0.7566142,0.55664015,-0.8650222
46970242638489,0.23869038,0.2212472,-0.34915018
46970250573059,-0.080504656,-0.1030736,0.1937542
46970258446594,-0.040930748,-0.11667013,0.24795914
46970266320129,0.0103379935,-0.1761818,0.36559868
46970274193664,0.109675646,-0.2248578,0.43013668
46970282067199,0.22671556,-0.33751297,0.5645952
46970289940735,0.29003596,-0.64090014,0.8654957
46970297814270,0.17491269,-1.0233984,1.033493
46970305687805,-0.009761076,-1.1151991,0.8861413
46970313652893,-0.110590994,-0.97191095,0.6472945
46970321526428,-0.10824978,-0.68410635,0.39756632
46970329460998,-0.032975554,-0.20114326,0.10012674
46970337334533,0.035220742,0.25698185,-0.10967183
46970345208069,0.056192577,0.63895607,-0.24324632
46970353142639,0.044385225,0.8977461,-0.29027605
46970361016174,0.051576287,1.1597748,-0.31914115
46970369011780,0.081994414,1.4816837,-0.33536863
46970376915832,0.1266107,1.72295,-0.35284233
46970384789367,0.17861062,1.8676729,-0.34828162
46970392693420,0.18806642,2.0041132,-0.30205834
46970400597473,0.15191782,2.2043543,-0.26928818
46970408532043,0.1150969,2.662096,-0.28414345
46970416405578,0.06825858,3.38165,-0.21953535
46970424279114,-0.109588504,4.0301886,-0.1737952
46970432213684,-0.3101799,4.53446,-0.118314356
46970440087219,-0.6269834,4.910434,0.68317354
46970448052307,-0.84760654,5.1326075,1.2256987
46970455925842,-1.0192791,5.1750355,1.7949553
46970463799377,-1.0362428,4.955226,2.1367502
46970471703430,-1.3148577,4.6596947,2.81905
46970479607483,-1.4437453,4.4347763,3.2137198
46970487481018,-1.6161283,4.3264055,3.387758
46970495324035,-1.9383303,4.308361,3.4753675
46970503228088,-2.2066355,4.4138756,4.132633
46970511223694,-2.8433812,4.1055975,4.391979
46970519097229,-2.6275072,3.6232376,4.9225025
46970527031799,-2.4829812,3.0480194,5.5012474
46970534966369,-1.8819258,3.0658112,5.760087
46970542839905,-1.5637157,3.360343,6.1109295
46970550774475,-1.7544806,3.6689196,6.09702
46970558709045,-2.2858582,3.679862,6.313958
46970566582580,-3.0852342,3.6263037,6.2381463
46970574425598,-3.68683,3.4546118,6.2664003
46970582329651,-3.890669,3.1996918,6.467189
46970590264221,-3.5290346,2.9542065,6.629732
46970598168274,-3.1123152,2.8365107,6.129344
46970606102844,-2.4958744,3.0288095,6.0642595
46970613945862,-1.6836951,3.042921,5.875914
46970621880432,-1.1489815,2.8435068,5.536586
46970629845520,-0.8537801,2.6533566,5.4886265
46970637749573,-0.50366336,2.5332718,5.493346
46970645745178,-0.07393482,2.5854855,6.6211414
46970653679748,0.7245476,2.5202942,7.0286236
46970661553283,1.5365008,2.5893393,7.408849
46970669396301,1.6568143,2.9173012,7.290197
46970677361389,1.3838127,3.081356,7.0477524
46970685295959,0.88546985,2.7768402,6.1814823
46970693138977,0.23342991,1.9469328,4.9096327
46970701012512,-0.16795444,1.1166306,4.0617404
46970708977600,-0.35306,0.43861198,3.2207818
46970716851135,-0.47793996,-0.030150414,2.5881193
46970724785705,-0.4831304,-0.26176262,1.9718738
46970732659241,-0.7626326,-0.25457573,1.6855882
46970740532776,-0.6154921,-0.2700987,1.5962253
46970748406311,-0.63957536,-0.38775444,1.4977107
46970756279846,-0.70024174,-0.56945515,1.5008748
46970764153381,-0.8688196,-0.7386732,1.4618084
46970772026916,-0.81482124,-0.81166744,1.501587
46970779900451,-0.7576403,-0.778924,1.4750762
46970787773987,-0.6542833,-0.6955576,1.3053081
46970795678039,-0.4097603,-0.5568676,1.1199838
46970803673645,-0.16331708,-0.42042732,0.9199703
46970811608215,0.13870764,-0.3007517,0.6777648
46970819481750,0.20497927,-0.027964592,0.32220727
46970827416321,0.057720445,0.34049225,0.07666981
46970835289856,-0.21420816,0.48379612,-0.13629827
46970843224426,-0.2946398,0.37324715,-0.42544624
46970851097961,-0.29570282,0.13582325,-0.6152132
46970859032532,-0.370771,-0.0608778,-0.8087881
46970866906067,-0.37212425,-0.010877609,-1.0169737
46970874810119,-0.3147719,0.15892887,-0.9358238
46970882744690,0.064334676,0.29050636,-0.8045033
46970890618225,0.19897541,0.4125862,-0.8072046
46970898491760,0.17769933,0.45093536,-0.8719535
46970906487366,0.12716837,0.475111,-0.882943
46970914330383,1.3896823E-4,0.25282097,-0.84405285
46970922325989,-0.13091002,-0.13211536,-0.8177286
46970930230041,-0.2899294,-0.3468809,-0.7945306
46970938103576,-0.4483089,-0.38197422,-0.64194787
46970945977112,-0.42447972,-0.16797638,-0.44137692
46970953850647,-0.32105976,0.10837078,-0.20954037
46970961724182,-0.2410582,0.2530899,0.022788644
46970969597717,-0.14161277,0.2494297,0.2603209
46970977471252,-0.14024082,0.18106842,0.49678004
46970985436340,-0.24892399,0.093504906,0.8229896
46970993401428,-0.4006756,-0.101979256,0.9765738
46971001335998,-0.4999393,-0.3528757,1.3417588
46971009209533,-0.6019701,-0.6519556,1.5133076
46971017083069,-0.6068095,-0.75724983,1.6143744
46971025048157,-0.5361815,-0.5728674,1.5984155
46971032921692,-0.50221384,-0.24486446,1.5732682
46971040764709,-0.4589638,-0.13960266,1.3190933
46971048668762,-0.4449255,-0.17341995,0.96371496
46971056542297,-0.49388283,-0.09967613,0.6839136
46971064385315,-0.09646751,0.088552475,0.4335537
46971072380920,0.071287006,0.26923752,0.1404078
46971080346008,0.05027856,0.2891903,-0.030691385
46971088280578,0.0059383363,0.27542496,-0.17393148
46971096154114,-0.030802548,0.09871197,-0.45257407
46971104088684,-0.016999826,0.051265717,-0.4772746
46971111962219,-0.3044756,0.03013134,-0.6693301
46971119988342,-0.27854592,0.10489273,-0.7138693
46971127861877,-0.2652011,0.18451595,-0.7469931
46971135735412,-0.34022853,0.09175205,-1.0434225
46971143578430,-0.6022279,-0.0656271,-0.9785306
46971151543518,-0.7059762,-0.1572771,-0.71699077
46971159478088,-0.72517854,-0.17236042,-0.4046973
46971167443176,-0.41773272,-0.1249094,0.0060441494
46971175316711,-0.12683775,-0.10102463,0.29897785
46971183281799,-0.009879842,-0.017000198,0.4412887
46971191155334,0.07702545,0.033646584,0.56092095
46971199089905,0.026673526,-0.06414509,0.5726918
46971206963440,0.035796195,-0.12849426,0.53706956
46971214836975,-0.096091494,-0.15460491,0.4732182
46971222710510,-0.15644225,-0.11372948,0.38096547
46971230675598,-0.08095014,-0.09210205,0.24619031
46971238610168,-0.104104474,-0.053834915,0.066708565
46971246544739,-0.1805812,0.05122757,-0.17582464
46971254418274,-0.17359485,0.057922363,-0.25175118
46971262352844,-0.05703652,-0.03133869,-0.31684017
46971270348449,-0.012268886,-0.06320667,-0.3718722
46971278344055,-0.15140794,-0.03761959,-0.39803982
46971286278625,-0.10370396,-0.0024766922,-0.43599266
46971294152160,-0.13896549,-0.03914833,-0.4356243
46971302086731,-0.30283052,-0.025590897,-0.46112818
46971310051819,-0.33187056,0.04057312,-0.4932413
46971317986389,-0.31986398,0.070765495,-0.48653567
46971325920959,-0.29613197,-0.016373634,-0.36002803
46971333794494,-0.109824255,-0.08911228,-0.38218927
46971341698547,-0.079387054,-0.077983856,-0.32346332
46971349572082,0.010180369,0.033735275,-0.2865907
46971357476135,0.14224674,0.05454445,-0.2167623
46971365349670,0.101506606,-0.0012235641,-0.19270742
46971373223205,0.120243646,-0.03060913,-0.1833694
46971381066223,0.095811546,-0.05274582,-0.15538633
46971389061828,0.06900755,-0.06520367,-0.13769674
46971397057434,-0.029542357,-0.065608025,-0.09187198
46971404992004,-0.11147694,-0.06833649,-0.096877456
46971412865539,-0.05469802,-0.056685448,-0.12829232
46971420769592,-0.114956215,-0.030647278,-0.13112175
46971428643127,-0.12476934,-0.023737907,-0.1269257
46971436638733,-0.19173965,-0.016839981,-0.08910394
46971444542785,-0.16525277,-0.045877457,-0.075033784
46971452416321,-0.14590417,-0.055740356,-0.07067013
46971460259338,-0.12893355,-0.048838615,-0.10945928
46971468224426,-0.12642552,-0.017988205,-0.23206985
46971476158996,-0.20039833,0.046330452,-0.34232825
46971484032532,-0.19786385,0.081851006,-0.41136765
46971491906067,-0.1738055,0.02387619,-0.4603153
46971499901672,-0.2980871,0.05915451,-0.6687299
46971507775207,-0.41432667,0.16882801,-0.38778114
46971515709778,0.24008521,0.108737946,-0.09196949
46971523583313,0.3249086,-0.06620598,-0.07916474
46971531456848,0.010684773,-0.18122387,-0.066809654
46971539391418,-0.14975919,-0.12146759,-0.24831104
46971547325989,-0.018214032,0.058296204,-0.48476535
46971555199524,-0.08190529,-0.16190434,-0.09522021
46971563073059,-0.18411571,-0.17378426,-0.25177038
46971570946594,0.0026309341,-0.11383057,-0.056444764
46971578881164,0.3952984,0.05627823,-0.014493704
46971586785217,0.32897338,0.14501858,0.10626757
46971594719787,0.15072072,0.04461193,0.18639123
46971602654358,0.09233944,-0.02230072,0.22122455
46971610527893,0.072328925,-0.062963486,0.2591207
46971618492981,0.03793916,-0.06541443,0.33127558
46971626366516,0.07782376,-0.08947277,0.28419888
46971634270569,0.034226645,-0.14703178,0.30402374
46971642144104,0.017256731,-0.14474297,0.21379101
46971650017639,0.09615444,-0.10170078,0.111195445
46971657891174,0.10138784,-0.085001945,0.0350008
46971665764709,-0.46410882,-0.032256126,0.36958814
46971673699280,0.2845056,-0.10416794,0.039785028
46971681572815,0.2986022,-0.12107563,0.028911948
46971689446350,0.20775786,-0.06614685,0.013178706
