172843561837386,-0.0042,-0.0277,-0.0016,-0.0042,-0.0277,-0.0016
172843571846761,-0.005,-0.027199998,4.9999997E-4,-0.005,-0.027199998,4.9999997E-4
172843581826449,-0.0049,-0.0273,2.9999999E-4,-0.0049,-0.0273,2.9999999E-4
172843591838949,-0.22129999,0.0221,-0.1056,-0.22129999,0.0221,-0.1056
172843601818636,-0.15869999,-0.027999999,-0.0876,-0.15869999,-0.027999999,-0.0876
172843611829574,-0.2671,-0.0276,-0.0959,-0.2671,-0.0276,-0.0959
172843621840511,-0.33949998,-0.0109,-0.13409999,-0.33949998,-0.0109,-0.13409999
172843631820199,-0.3105,-0.049799997,-0.1427,-0.3105,-0.049799997,-0.1427
172843641831136,-0.19929999,-0.0311,-0.11449999,-0.19929999,-0.0311,-0.11449999
172843651842074,-0.1802,-0.0211,-0.1134,-0.1802,-0.0211,-0.1134
172843661821761,-0.3084,-0.0128999995,-0.1522,-0.3084,-0.0128999995,-0.1522
172843671834261,-0.456,0.0657,-0.102199994,-0.456,0.0657,-0.102199994
172843681845199,-0.43069997,0.1013,-0.1074,-0.43069997,0.1013,-0.1074
172843691824886,-0.6469,0.1015,0.20719999,-0.6469,0.1015,0.20719999
172843701835824,-0.6896,0.071499996,-0.5446,-0.6896,0.071499996,-0.5446
172843711846761,0.40829998,-0.1048,0.103099994,0.40829998,-0.1048,0.103099994
172843721824886,0.061699998,0.0055,-0.1803,0.061699998,0.0055,-0.1803
172843731837386,-0.252,-0.0632,-0.2005,-0.252,-0.0632,-0.2005
172843741817074,-0.22219999,-0.0832,-0.124299996,-0.22219999,-0.0832,-0.124299996
172843751828011,-0.1634,-0.21079999,0.3163,-0.1634,-0.21079999,0.3163
172843761838949,-0.3732,-0.0953,-0.98889995,-0.3732,-0.0953,-0.98889995
172843771818636,0.7152,-0.1837,0.46179998,0.7152,-0.1837,0.46179998
172843781829574,0.0911,-0.14899999,-0.378,0.0911,-0.14899999,-0.378
172843791842074,-0.24229999,-0.1295,-0.006,-0.24229999,-0.1295,-0.006
172843801821761,-0.0535,0.0296,-0.2759,-0.0535,0.0296,-0.2759
172843811832699,0.1131,-0.147,-0.0902,0.1131,-0.147,-0.0902
172843821843636,0.022799999,-0.1073,-0.0013,0.022799999,-0.1073,-0.0013
172843831823324,0.0032,-0.038799997,-0.30589998,0.0032,-0.038799997,-0.30589998
172843841834261,0.0589,-0.0052,-0.3653,0.0589,-0.0052,-0.3653
172843851845199,-0.029299999,-0.015199999,-0.5718,-0.029299999,-0.015199999,-0.5718
172843861824886,0.070199996,-0.0403,-0.601,0.070199996,-0.0403,-0.601
172843871835824,0.3047,-0.0734,-0.8134,0.3047,-0.0734,-0.8134
172843881817074,0.4869,-0.072,-0.77449995,0.4869,-0.072,-0.77449995
172843891828011,0.5398,-0.087,-0.8249,0.5398,-0.087,-0.8249
172843901838949,0.5408,-0.067999996,-0.7752,0.5408,-0.067999996,-0.7752
172843911818636,0.5377,-0.0128999995,-0.6004,0.5377,-0.0128999995,-0.6004
172843921829574,0.54969996,-0.0075,-0.4728,0.54969996,-0.0075,-0.4728
172843931840511,0.6473,0.0466,-0.536,0.6473,0.0466,-0.536
172843941820199,0.9217,-0.0036,-0.53529996,0.9217,-0.0036,-0.53529996
172843951831136,1.0512999,-0.2835,-0.33519998,1.0512999,-0.2835,-0.33519998
172843961842074,0.6426,-0.113,-0.3166,0.6426,-0.113,-0.3166
172843971821761,0.50339997,-0.015,-0.20109999,0.50339997,-0.015,-0.20109999
172843981834261,0.5929,-0.1522,-0.095699996,0.5929,-0.1522,-0.095699996
172843991843636,0.7818,-0.154,-0.1239,0.7818,-0.154,-0.1239
172844001824886,0.7244,-0.0841,-0.21079999,0.7244,-0.0841,-0.21079999
172844011835824,0.29979998,0.0106999995,-0.14559999,0.29979998,0.0106999995,-0.14559999
172844021846761,0.0219,0.0030999999,-0.13939999,0.0219,0.0030999999,-0.13939999
172844031826449,-0.085499994,0.047199998,-0.1195,-0.085499994,0.047199998,-0.1195
172844041837386,-0.028199999,0.0088,-0.0683,-0.028199999,0.0088,-0.0683
172844051817074,0.0998,0.072,0.14389999,0.0998,0.072,0.14389999
172844061828011,-0.0098,0.1197,0.088199995,-0.0098,0.1197,0.088199995
172844071838949,-0.1184,0.2595,0.0661,-0.1184,0.2595,0.0661
172844081820199,-0.1828,0.0779,0.3055,-0.1828,0.0779,0.3055
172844091831136,-0.2235,0.0207,0.2983,-0.2235,0.0207,0.2983
172844101842074,-0.0663,0.14479999,0.2171,-0.0663,0.14479999,0.2171
172844111821761,0.2253,0.0094,0.49429998,0.2253,0.0094,0.49429998
172844121832699,0.4118,-0.0277,0.1715,0.4118,-0.0277,0.1715
172844131843636,0.46899998,0.0232,0.21339999,0.46899998,0.0232,0.21339999
172844141823324,0.1554,0.0517,0.2411,0.1554,0.0517,0.2411
172844151834261,-0.0013,0.0826,0.331,-0.0013,0.0826,0.331
172844161845199,-0.088,0.1345,0.533,-0.088,0.1345,0.533
172844171824886,-0.0087,0.14469999,0.6491,-0.0087,0.14469999,0.6491
172844181835824,0.21779999,0.0515,0.6239,0.21779999,0.0515,0.6239
172844191817074,0.29659998,0.0123,0.7181,0.29659998,0.0123,0.7181
172844201826449,0.1626,0.085499994,0.64519995,0.1626,0.085499994,0.64519995
172844211838949,0.076,0.1052,0.5444,0.076,0.1052,0.5444
172844221818636,0.111499995,0.0624,0.4894,0.111499995,0.0624,0.4894
172844231829574,0.0545,0.062,0.5438,0.0545,0.062,0.5438
172844241840511,-0.0030999999,0.0668,0.54679996,-0.0030999999,0.0668,0.54679996
172844251820199,0.118499994,0.1652,0.556,0.118499994,0.1652,0.556
172844261831136,0.0694,0.1612,0.5028,0.0694,0.1612,0.5028
172844271842074,-0.19229999,0.1116,0.47869998,-0.19229999,0.1116,0.47869998
172844281823324,-0.2226,0.273,0.4183,-0.2226,0.273,0.4183
172844291834261,-0.2316,0.4008,0.3558,-0.2316,0.4008,0.3558
172844301845199,0.1918,0.068399996,0.2155,0.1918,0.068399996,0.2155
172844311824886,0.6418,-0.0391,-0.0157,0.6418,-0.0391,-0.0157
172844321835824,0.5144,-0.0052,0.121199995,0.5144,-0.0052,0.121199995
172844331846761,0.0433,0.0036,0.3371,0.0433,0.0036,0.3371
172844341826449,-0.0442,0.0301,0.3182,-0.0442,0.0301,0.3182
172844351837386,0.1837,0.118,0.4199,0.1837,0.118,0.4199
172844361817074,0.2351,0.20269999,0.4906,0.2351,0.20269999,0.4906
172844371828011,0.120799996,0.2032,0.498,0.120799996,0.2032,0.498
172844381840511,0.021599999,0.1783,0.5092,0.021599999,0.1783,0.5092
172844391818636,-0.0541,0.2565,0.4247,-0.0541,0.2565,0.4247
172844401831136,-0.005,0.20359999,0.3437,-0.005,0.20359999,0.3437
172844411842074,0.124199994,0.1629,0.3622,0.124199994,0.1629,0.3622
172844421821761,0.2723,0.120699994,0.4441,0.2723,0.120699994,0.4441
172844431832699,0.41189998,0.0301,0.40129998,0.41189998,0.0301,0.40129998
172844441843636,0.44739997,0.0576,0.4631,0.44739997,0.0576,0.4631
172844451823324,0.5297,0.0348,0.3994,0.5297,0.0348,0.3994
172844461834261,0.37289998,0.061499998,0.4516,0.37289998,0.061499998,0.4516
172844471845199,0.0341,0.15609999,0.6031,0.0341,0.15609999,0.6031
172844481824886,-0.116,0.1872,0.55259997,-0.116,0.1872,0.55259997
172844491837386,-0.1213,0.23269999,0.59599996,-0.1213,0.23269999,0.59599996
172844501817074,-0.0875,0.17539999,0.62149996,-0.0875,0.17539999,0.62149996
172844511828011,0.0047,0.1431,0.6565,0.0047,0.1431,0.6565
172844521838949,0.0246,0.2346,0.528,0.0246,0.2346,0.528
172844531818636,0.0578,0.262,0.536,0.0578,0.262,0.536
172844541829574,0.1885,0.043199997,0.3938,0.1885,0.043199997,0.3938
172844551840511,0.1336,0.011299999,0.49859998,0.1336,0.011299999,0.49859998
172844561820199,0.16849999,0.16239999,0.5457,0.16849999,0.16239999,0.5457
172844571831136,0.2512,0.0709,0.5893,0.2512,0.0709,0.5893
172844581842074,0.14,0.1512,0.728,0.14,0.1512,0.728
172844591821761,-0.0018999999,0.29479998,0.6738,-0.0018999999,0.29479998,0.6738
172844601834261,-0.0276,0.2571,0.62049997,-0.0276,0.2571,0.62049997
172844611845199,0.0955,0.13589999,0.5762,0.0955,0.13589999,0.5762
172844621824886,0.21859999,0.1126,0.4141,0.21859999,0.1126,0.4141
172844631835824,0.1757,0.1192,0.4594,0.1757,0.1192,0.4594
172844641846761,0.0784,0.12239999,0.5761,0.0784,0.12239999,0.5761
172844651826449,0.0863,0.16759999,0.6303,0.0863,0.16759999,0.6303
172844661837386,0.2609,0.1818,0.5136,0.2609,0.1818,0.5136
172844671817074,0.347,0.1783,0.5588,0.347,0.1783,0.5588
172844681828011,0.2564,0.1637,0.47329998,0.2564,0.1637,0.47329998
172844691840511,0.1873,0.12979999,0.4087,0.1873,0.12979999,0.4087
172844701820199,0.16839999,0.056399997,0.42369998,0.16839999,0.056399997,0.42369998
172844711829574,0.1682,0.1296,0.29819998,0.1682,0.1296,0.29819998
172844721842074,0.17,0.1642,0.3437,0.17,0.1642,0.3437
172844731821761,0.2383,0.0898,0.4121,0.2383,0.0898,0.4121
172844741832699,0.1328,0.1321,0.4906,0.1328,0.1321,0.4906
172844751843636,-0.1334,0.21339999,0.643,-0.1334,0.21339999,0.643
172844761823324,-0.13229999,0.1837,0.5994,-0.13229999,0.1837,0.5994
172844771834261,0.0128,0.226,0.61469996,0.0128,0.226,0.61469996
172844781845199,0.0748,0.24859999,0.4384,0.0748,0.24859999,0.4384
172844791824886,0.1021,0.1744,0.3102,0.1021,0.1744,0.3102
172844801835824,0.17009999,0.1113,0.2671,0.17009999,0.1113,0.2671
172844811817074,0.266,0.0368,0.37309998,0.266,0.0368,0.37309998
172844821828011,0.0822,0.1374,0.4305,0.0822,0.1374,0.4305
172844831838949,0.0013,0.2077,0.48009998,0.0013,0.2077,0.48009998
172844841818636,-0.0499,0.24669999,0.55149996,-0.0499,0.24669999,0.55149996
172844851829574,-0.102,0.26729998,0.5399,-0.102,0.26729998,0.5399
172844861840511,-0.1311,0.248,0.41849998,-0.1311,0.248,0.41849998
172844871820199,-0.046699997,0.19139999,0.39069998,-0.046699997,0.19139999,0.39069998
172844881831136,0.0372,0.1426,0.3539,0.0372,0.1426,0.3539
172844891848324,0.04,0.078,0.3198,0.04,0.078,0.3198
172844901821761,0.0517,0.070999995,0.3477,0.0517,0.070999995,0.3477
172844911834261,0.2052,0.0822,0.37629998,0.2052,0.0822,0.37629998
172844921845199,0.35529998,0.0865,0.3538,0.35529998,0.0865,0.3538
172844931824886,0.2832,0.1261,0.4868,0.2832,0.1261,0.4868
172844941835824,0.1091,0.16569999,0.5166,0.1091,0.16569999,0.5166
172844951846761,0.0976,0.20459999,0.6094,0.0976,0.20459999,0.6094
172844961826449,0.1303,0.1847,0.5685,0.1303,0.1847,0.5685
172844971837386,0.1197,0.2234,0.5243,0.1197,0.2234,0.5243
172844981818636,0.2958,0.2156,0.43899998,0.2958,0.2156,0.43899998
172844991828011,0.4619,0.0972,0.3746,0.4619,0.0972,0.3746
172845001838949,0.1417,0.1493,0.2661,0.1417,0.1493,0.2661
172845011820199,-0.1525,0.2364,0.3082,-0.1525,0.2364,0.3082
172845021831136,-0.053,0.18879999,0.22909999,-0.053,0.18879999,0.22909999
172845031842074,0.102699995,0.1577,0.3081,0.102699995,0.1577,0.3081
172845041821761,0.1073,0.1193,0.38819999,0.1073,0.1193,0.38819999
172845051832699,-0.0301,0.15689999,0.43879998,-0.0301,0.15689999,0.43879998
172845061843636,0.074599996,0.15689999,0.3604,0.074599996,0.15689999,0.3604
172845071823324,0.1423,0.1564,0.3258,0.1423,0.1564,0.3258
172845081834261,0.0314,0.1671,0.2898,0.0314,0.1671,0.2898
172845091845199,-0.0964,0.19479999,0.3199,-0.0964,0.19479999,0.3199
172845101826449,-0.0954,0.1839,0.38689998,-0.0954,0.1839,0.38689998
172845111835824,0.0407,0.152,0.39409998,0.0407,0.152,0.39409998
172845121817074,0.121999994,0.1228,0.39139998,0.121999994,0.1228,0.39139998
172845131828011,0.12979999,0.1397,0.43609998,0.12979999,0.1397,0.43609998
172845141838949,0.084699996,0.1299,0.38369998,0.084699996,0.1299,0.38369998
172845151818636,0.0338,0.1268,0.39749998,0.0338,0.1268,0.39749998
172845161829574,0.039699998,0.1457,0.4218,0.039699998,0.1457,0.4218
172845171840511,0.0482,0.16219999,0.377,0.0482,0.16219999,0.377
172845181820199,0.0257,0.1621,0.34469998,0.0257,0.1621,0.34469998
172845191831136,-0.0332,0.1493,0.3895,-0.0332,0.1493,0.3895
172845201843636,-0.0335,0.12889999,0.37559998,-0.0335,0.12889999,0.37559998
172845211823324,-0.0128999995,0.12619999,0.42209998,-0.0128999995,0.12619999,0.42209998
172845221834261,-0.051099997,0.1248,0.43539998,-0.051099997,0.1248,0.43539998
172845231845199,-0.060399998,0.13059999,0.4271,-0.060399998,0.13059999,0.4271
172845241824886,-0.0969,0.119399995,0.42119998,-0.0969,0.119399995,0.42119998
172845251835824,-0.1063,0.125,0.4218,-0.1063,0.125,0.4218
172845261846761,-0.0933,0.1328,0.43249997,-0.0933,0.1328,0.43249997
172845271826449,-0.1038,0.1099,0.4456,-0.1038,0.1099,0.4456
172845281837386,-0.074099995,0.109,0.43829998,-0.074099995,0.109,0.43829998
172845291817074,-0.0449,0.115899995,0.44309998,-0.0449,0.115899995,0.44309998
172845301828011,-0.0273,0.1252,0.4543,-0.0273,0.1252,0.4543
172845311838949,-0.0083,0.103199996,0.5099,-0.0083,0.103199996,0.5099
172845321820199,-0.0023,0.1122,0.5471,-0.0023,0.1122,0.5471
172845331831136,0.025899999,0.1002,0.6128,0.025899999,0.1002,0.6128
172845341842074,0.0396,0.0995,0.6088,0.0396,0.0995,0.6088
172845351821761,0.0565,0.1064,0.6308,0.0565,0.1064,0.6308
172845361832699,0.0499,0.1061,0.63629997,0.0499,0.1061,0.63629997
172845371845199,0.0762,0.093399994,0.65779996,0.0762,0.093399994,0.65779996
172845381823324,0.1165,0.0845,0.5779,0.1165,0.0845,0.5779
172845391834261,0.1522,0.0915,0.55979997,0.1522,0.0915,0.55979997
172845401845199,0.1334,0.1029,0.5505,0.1334,0.1029,0.5505
172845411826449,0.16,0.12,0.61289996,0.16,0.12,0.61289996
172845421837386,0.17899999,0.034399997,0.48929998,0.17899999,0.034399997,0.48929998
172845431817074,0.0887,0.072,0.45819998,0.0887,0.072,0.45819998
172845441828011,-0.0037,0.093499996,0.4924,-0.0037,0.093499996,0.4924
172845451838949,-0.0047,0.0725,0.4827,-0.0047,0.0725,0.4827
172845461818636,4.9999997E-4,0.065,0.4297,4.9999997E-4,0.065,0.4297
172845471829574,-0.0201,0.1039,0.4355,-0.0201,0.1039,0.4355
172845481842074,-0.0341,0.0968,0.4331,-0.0341,0.0968,0.4331
172845491820199,-0.0169,0.0858,0.4825,-0.0169,0.0858,0.4825
172845501832699,0.0438,0.059499998,0.4784,0.0438,0.059499998,0.4784
172845511843636,0.0592,0.0778,0.398,0.0592,0.0778,0.398
172845521823324,-0.0067999996,0.1013,0.3877,-0.0067999996,0.1013,0.3877
172845531834261,-0.0708,0.1099,0.454,-0.0708,0.1099,0.454
172845541845199,-0.0771,0.1231,0.4319,-0.0771,0.1231,0.4319
172845551824886,-0.044299997,0.102699995,0.47959998,-0.044299997,0.102699995,0.47959998
172845561835824,-0.0243,0.067099996,0.49469998,-0.0243,0.067099996,0.49469998
172845571846761,0.13509999,-0.0019999999,0.6116,0.13509999,-0.0019999999,0.6116
172845581826449,0.1674,-0.0072999997,0.6041,0.1674,-0.0072999997,0.6041
172845591837386,0.16,0.0415,0.6153,0.16,0.0415,0.6153
172845601817074,0.0969,0.075899996,0.49519998,0.0969,0.075899996,0.49519998
172845611828011,0.0991,0.1838,0.3893,0.0991,0.1838,0.3893
172845621840511,0.3597,0.1809,0.46649998,0.3597,0.1809,0.46649998
172845631820199,0.5126,-0.072799996,0.6161,0.5126,-0.072799996,0.6161
172845641831136,0.12629999,0.0326,0.42159998,0.12629999,0.0326,0.42159998
172845651842074,-0.0139999995,0.2004,0.48369998,-0.0139999995,0.2004,0.48369998
172845661821761,0.21499999,-0.0391,0.82379997,0.21499999,-0.0391,0.82379997
172845671832699,-0.2513,0.0409,0.71,-0.2513,0.0409,0.71
172845681845199,-0.5907,0.0436,0.5821,-0.5907,0.0436,0.5821
172845691823324,-0.1174,-0.053799998,0.4705,-0.1174,-0.053799998,0.4705
172845701835824,0.4369,0.14199999,0.2182,0.4369,0.14199999,0.2182
172845711846761,0.4005,0.0447,0.2653,0.4005,0.0447,0.2653
172845721826449,0.1709,-0.1249,0.4574,0.1709,-0.1249,0.4574
172845731837386,0.2182,0.079799995,0.6357,0.2182,0.079799995,0.6357
172845741817074,0.7991,-0.0892,0.77709997,0.7991,-0.0892,0.77709997
172845751828011,0.9001,-0.3448,0.5518,0.9001,-0.3448,0.5518
172845761838949,-0.1459,-0.0548,0.3423,-0.1459,-0.0548,0.3423
172845771820199,-0.99109995,0.3367,0.3285,-0.99109995,0.3367,0.3285
172845781829574,-1.1836,0.5711,0.40199998,-1.1836,0.5711,0.40199998
172845791840511,-0.8842,0.5416,0.1034,-0.8842,0.5416,0.1034
172845801820199,-0.30449998,0.2538,-0.0149,-0.30449998,0.2538,-0.0149
172845811831136,-0.084699996,0.0378,0.1147,-0.084699996,0.0378,0.1147
172845821843636,0.60069996,-0.228,0.5082,0.60069996,-0.228,0.5082
172845831823324,0.58379996,-0.1398,0.5994,0.58379996,-0.1398,0.5994
172845841834261,0.3186,0.0714,0.8735,0.3186,0.0714,0.8735
172845851845199,-0.4127,0.1397,1.0715,-0.4127,0.1397,1.0715
172845861824886,-0.5467,-0.0468,1.0661,-0.5467,-0.0468,1.0661
172845871835824,-0.057499997,-0.0867,0.97239995,-0.057499997,-0.0867,0.97239995
172845881846761,-0.0099,0.0033999998,0.95659995,-0.0099,0.0033999998,0.95659995
172845891856136,-0.3662,0.063,0.87,-0.3662,0.063,0.87
172845901837386,-0.061699998,-0.14989999,0.95919997,-0.061699998,-0.14989999,0.95919997
172845911818636,0.7938,-0.34669998,0.75,0.7938,-0.34669998,0.75
172845921829574,1.7401999,-0.4499,0.4746,1.7401999,-0.4499,0.4746
172845931840511,2.6195998,-0.6357,0.3866,2.6195998,-0.6357,0.3866
172845941820199,2.8952,-0.7513,0.4294,2.8952,-0.7513,0.4294
172845951831136,2.2409,-0.5631,0.5042,2.2409,-0.5631,0.5042
172845961842074,0.1175,-0.044499997,0.54039997,0.1175,-0.044499997,0.54039997
172845971821761,-1.7837,0.3101,1.1114,-1.7837,0.3101,1.1114
172845981832699,-2.3758,0.2731,1.3105999,-2.3758,0.2731,1.3105999
172845991843636,-1.5295,0.19579999,0.9659,-1.5295,0.19579999,0.9659
172846001824886,-0.3672,0.0757,0.39319998,-0.3672,0.0757,0.39319998
172846011834261,0.1131,-0.0583,0.098699994,0.1131,-0.0583,0.098699994
172846021846761,-0.1805,-0.037,0.108399995,-0.1805,-0.037,0.108399995
172846031826449,-0.63589996,0.2119,-0.0685,-0.63589996,0.2119,-0.0685
172846041837386,-0.7759,0.5282,-0.4437,-0.7759,0.5282,-0.4437
172846051817074,-0.324,0.5823,-0.6379,-0.324,0.5823,-0.6379
172846061828011,0.3401,0.3967,-1.0364,0.3401,0.3967,-1.0364
172846071838949,0.2724,0.34239998,-1.3334999,0.2724,0.34239998,-1.3334999
172846081818636,0.0378,0.4791,-1.3887999,0.0378,0.4791,-1.3887999
172846091829574,-0.0865,0.4522,-1.1966,-0.0865,0.4522,-1.1966
172846101842074,-0.0614,0.4168,-0.8678,-0.0614,0.4168,-0.8678
172846111821761,0.278,0.17099999,-0.6321,0.278,0.17099999,-0.6321
172846121832699,0.79829997,-0.023799999,-0.23629999,0.79829997,-0.023799999,-0.23629999
172846131843636,1.1237,-0.0954,0.1382,1.1237,-0.0954,0.1382
172846141823324,1.29,-0.1081,0.44439998,1.29,-0.1081,0.44439998
172846151834261,1.3913,-0.122099996,0.72169995,1.3913,-0.122099996,0.72169995
172846161845199,1.3891,-0.0589,0.7047,1.3891,-0.0589,0.7047
172846171824886,1.4951999,-0.0446,0.7509,1.4951999,-0.0446,0.7509
172846181835824,1.3153,-0.0614,0.7076,1.3153,-0.0614,0.7076
172846191846761,1.3934,-0.029299999,0.9438,1.3934,-0.029299999,0.9438
172846201826449,1.6656,-0.109799996,1.4264,1.6656,-0.109799996,1.4264
172846211838949,2.1099,-0.37469998,1.688,2.1099,-0.37469998,1.688
172846221818636,3.0031998,-0.7391,1.8942,3.0031998,-0.7391,1.8942
172846231829574,4.4118,-0.9468,2.2703,4.4118,-0.9468,2.2703
172846241840511,5.5663,-0.5607,1.9325999,5.5663,-0.5607,1.9325999
172846251820199,7.1773996,0.1338,2.2914999,7.1773996,0.1338,2.2914999
172846261831136,9.015699,0.085099995,3.3701,9.015699,0.085099995,3.3701
172846271842074,10.5046,0.5082,2.8611999,10.5046,0.5082,2.8611999
172846281821761,10.1672,2.7533,1.3268,10.1672,2.7533,1.3268
172846291832699,7.4758,5.2773,-0.9413,7.4758,5.2773,-0.9413
172846301845199,3.4431999,5.1689997,-2.0467,3.4431999,5.1689997,-2.0467
172846311823324,-0.57379997,3.1417,-1.22,-0.57379997,3.1417,-1.22
172846321835824,-2.8049,1.5594,-0.45069999,-2.8049,1.5594,-0.45069999
172846331846761,1.6652,1.4286,0.1637,1.6652,1.4286,0.1637
172846341826449,4.1717,-0.2886,3.085,4.1717,-0.2886,3.085
172846351837386,6.0659,-0.7294,1.7907,6.0659,-0.7294,1.7907
172846361817074,7.2914,-0.2536,1.4369999,7.2914,-0.2536,1.4369999
172846371828011,6.4189997,-0.2602,1.1798999,6.4189997,-0.2602,1.1798999
172846381840511,4.7518997,-0.38329998,0.0735,4.7518997,-0.38329998,0.0735
172846391818636,4.1212997,-0.0486,-0.9418,4.1212997,-0.0486,-0.9418
172846401831136,4.1919,0.322,-1.5136,4.1919,0.322,-1.5136
172846411840511,4.3675,0.14909999,-1.8956,4.3675,0.14909999,-1.8956
172846421821761,3.7863998,-0.2417,-2.299,3.7863998,-0.2417,-2.299
172846431831136,2.2561998,-0.48729998,-2.668,2.2561998,-0.48729998,-2.668
172846441843636,0.8056,-0.6157,-2.393,0.8056,-0.6157,-2.393
172846451823324,1.2861999,-1.0409,-2.3071,1.2861999,-1.0409,-2.3071
172846461834261,2.4471998,-1.1961,-2.3258998,2.4471998,-1.1961,-2.3258998
172846471845199,-0.074099995,-1.3600999,-4.8041997,-0.074099995,-1.3600999,-4.8041997
172846481824886,-10.7255,2.0835,-6.0638,-10.7255,2.0835,-6.0638
172846491835824,-15.447499,1.9190999,0.1136,-15.447499,1.9190999,0.1136
172846501846761,-15.2929,0.6792,-2.0816998,-15.2929,0.6792,-2.0816998
172846511826449,-9.227,0.9266,-2.9259,-9.227,0.9266,-2.9259
172846521838949,-3.52,0.4637,-2.0869,-3.52,0.4637,-2.0869
172846531818636,-1.946,-1.4089999,-4.0464997,-1.946,-1.4089999,-4.0464997
172846541828011,-4.4990997,-2.1966999,-4.9432,-4.4990997,-2.1966999,-4.9432
172846551840511,-8.428599,-2.2175,-5.321,-8.428599,-2.2175,-5.321
172846561820199,-11.1171,-2.5279999,-7.2454996,-11.1171,-2.5279999,-7.2454996
172846571831136,-14.2093,-1.4043,-5.9442,-14.2093,-1.4043,-5.9442
172846581843636,-11.5959,-1.5611,0.354,-11.5959,-1.5611,0.354
172846591823324,-6.5713997,-2.7888,2.7721,-6.5713997,-2.7888,2.7721
172846601832699,-2.5353,-4.7054,4.4333997,-2.5353,-4.7054,4.4333997
172846611845199,-0.3178,-6.77,6.5197,-0.3178,-6.77,6.5197
172846621824886,0.030299999,-9.090099,6.6942997,0.030299999,-9.090099,6.6942997
172846631835824,-0.6545,-9.3331995,8.0063,-0.6545,-9.3331995,8.0063
172846641846761,-2.2566,-8.0822,19.2463,-2.2566,-8.0822,19.2463
172846651826449,-2.9949,-6.2679996,21.2466,-2.9949,-6.2679996,21.2466
172846661837386,-2.6267998,-4.2732,9.2497,-2.6267998,-4.2732,9.2497
172846671817074,0.4612,0.6131,-13.8196,0.4612,0.6131,-13.8196
172846681828011,-7.1706996,17.226599,-12.2795,-7.1706996,17.226599,-12.2795
172846691838949,-18.810099,9.335,17.383999,-18.810099,9.335,17.383999
172846701820199,-7.6158,-10.8969,-8.6355,-7.6158,-10.8969,-8.6355
172846711829574,4.4419,-7.198,-10.5885,4.4419,-7.198,-10.5885
172846721842074,-0.2289,5.8238997,0.0605,-0.2289,5.8238997,0.0605
172846731821761,-2.991,6.8886,-5.5947,-2.991,6.8886,-5.5947
172846741832699,-1.1715,5.4648,-2.5765998,-1.1715,5.4648,-2.5765998
172846751843636,0.8987,6.2261996,-0.2843,0.8987,6.2261996,-0.2843
172846761823324,0.22809999,8.8303995,-0.3075,0.22809999,8.8303995,-0.3075
172846771834261,-1.9505999,9.679299,1.3630999,-1.9505999,9.679299,1.3630999
172846781845199,-0.579,7.8286996,0.8831,-0.579,7.8286996,0.8831
172846791824886,0.80439997,7.7651997,-0.65709996,0.80439997,7.7651997,-0.65709996
172846801835824,0.9823,8.4092,-0.5667,0.9823,8.4092,-0.5667
172846811815511,2.138,8.2203,-0.0822,2.138,8.2203,-0.0822
172846821826449,3.6975,7.7693,-0.5262,3.6975,7.7693,-0.5262
172846831838949,7.3561997,6.3115,0.5796,7.3561997,6.3115,0.5796
172846841818636,9.3098,4.8536,0.3048,9.3098,4.8536,0.3048
172846851829574,10.5542,3.9067,0.2826,10.5542,3.9067,0.2826
172846861840511,10.7794,3.7078998,0.0311,10.7794,3.7078998,0.0311
172846871820199,11.17,4.0313997,-0.584,11.17,4.0313997,-0.584
172846881831136,11.347199,4.3252,-1.602,11.347199,4.3252,-1.602
172846891846761,12.579599,3.4621,-1.6019,12.579599,3.4621,-1.6019
172846901821761,17.0345,-0.1757,-2.6362998,17.0345,-0.1757,-2.6362998
172846911832699,19.3109,-4.455,-2.2714,19.3109,-4.455,-2.2714
172846921845199,15.085899,-7.4224,-3.6678,15.085899,-7.4224,-3.6678
172846931824886,5.7732,-5.9852,-6.1161,5.7732,-5.9852,-6.1161
172846941835824,-1.7672,-2.1478,-2.9922,-1.7672,-2.1478,-2.9922
172846951846761,0.44919997,-0.55939996,-2.1657,0.44919997,-0.55939996,-2.1657
172846961826449,15.6366,-2.3046,0.5295,15.6366,-2.3046,0.5295
172846971837386,28.0863,-4.6625,-1.9913,28.0863,-4.6625,-1.9913
172846981817074,17.989399,-2.4754,-7.0418997,17.989399,-2.4754,-7.0418997
172846991828011,4.3944,0.17369999,-5.7387,4.3944,0.17369999,-5.7387
172847001838949,-1.9316,2.3467999,-3.0256,-1.9316,2.3467999,-3.0256
172847011818636,-3.0625,4.0537,-1.3615,-3.0625,4.0537,-1.3615
172847021831136,0.40089998,2.5342,2.1438,0.40089998,2.5342,2.1438
172847031842074,5.5355997,-0.7734,3.54,5.5355997,-0.7734,3.54
172847041821761,6.875,-1.5834,2.8353999,6.875,-1.5834,2.8353999
172847051832699,4.9736,1.0631,2.3841999,4.9736,1.0631,2.3841999
172847061843636,2.6318,1.4228,1.6063,2.6318,1.4228,1.6063
172847071823324,0.8282,1.3136,1.6751,0.8282,1.3136,1.6751
172847081834261,-0.40039998,1.8122,-0.9948,-0.40039998,1.8122,-0.9948
172847091845199,-2.3597999,2.2328,-1.4570999,-2.3597999,2.2328,-1.4570999
172847101824886,-5.5597997,1.8220999,-2.0233,-5.5597997,1.8220999,-2.0233
172847111835824,-8.9182,1.6941999,-0.93869996,-8.9182,1.6941999,-0.93869996
172847121817074,-10.584,2.2865999,0.6444,-10.584,2.2865999,0.6444
172847131826449,-11.6578,3.6675,2.4924998,-11.6578,3.6675,2.4924998
172847141838949,-12.589399,5.8480997,4.5790997,-12.589399,5.8480997,4.5790997
172847151818636,-14.4253,7.89,6.4644,-14.4253,7.89,6.4644
172847161829574,-15.531099,8.7424,7.3041997,-15.531099,8.7424,7.3041997
172847171840511,-14.955999,8.7185,8.0121,-14.955999,8.7185,8.0121
172847181820199,-13.0966,7.9971,8.5184,-13.0966,7.9971,8.5184
172847191831136,-12.109099,7.5635,8.2401,-12.109099,7.5635,8.2401
172847201842074,-11.9873,7.0674996,6.417,-11.9873,7.0674996,6.417
172847211821761,-12.414499,6.2079,4.7079997,-12.414499,6.2079,4.7079997
172847221834261,-12.285399,4.7633,2.1611,-12.285399,4.7633,2.1611
172847231845199,-13.9277,4.2416,1.0123,-13.9277,4.2416,1.0123
172847241824886,-13.2647,0.68399996,3.1395,-13.2647,0.68399996,3.1395
172847251835824,-8.446899,-1.2285,-10.1333,-8.446899,-1.2285,-10.1333
172847261846761,-7.5431,-0.1542,-4.3466,-7.5431,-0.1542,-4.3466
172847271826449,-12.3835,2.2275,2.9273999,-12.3835,2.2275,2.9273999
172847281837386,-14.0735,2.2665,3.564,-14.0735,2.2665,3.564
172847291817074,-12.684899,1.0914999,-0.7184,-12.684899,1.0914999,-0.7184
172847301828011,-10.2414,1.1209999,-2.8443,-10.2414,1.1209999,-2.8443
172847311838949,-8.0494995,1.0936999,-4.2977,-8.0494995,1.0936999,-4.2977
172847321818636,-9.0183,1.8108,-5.0818996,-9.0183,1.8108,-5.0818996
172847331831136,-9.4941,1.6833999,-5.0176,-9.4941,1.6833999,-5.0176
172847341842074,-3.6329,-1.0107,-3.7584,-3.6329,-1.0107,-3.7584
172847351821761,-2.7944,-1.1043999,-6.3617,-2.7944,-1.1043999,-6.3617
172847361832699,-3.5247998,-0.0412,-6.5367,-3.5247998,-0.0412,-6.5367
172847371843636,-3.5235,0.504,-3.8353,-3.5235,0.504,-3.8353
172847381823324,-0.5985,-2.2746,-3.8760998,-0.5985,-2.2746,-3.8760998
172847391834261,3.8054998,-4.7437997,-9.997499,3.8054998,-4.7437997,-9.997499
172847401845199,5.0308,-6.0365996,-11.2397995,5.0308,-6.0365996,-11.2397995
172847411824886,3.2055,-8.709,-12.456599,3.2055,-8.709,-12.456599
172847421837386,1.0141,-11.4692,-13.8616,1.0141,-11.4692,-13.8616
172847431817074,-2.3875,-9.6332,-11.956699,-2.3875,-9.6332,-11.956699
172847441828011,4.4877,-11.381499,9.870299,4.4877,-11.381499,9.870299
172847451838949,9.078,-16.1439,-0.43269998,9.078,-16.1439,-0.43269998
172847461818636,3.3286998,-12.701099,-17.1703,3.3286998,-12.701099,-17.1703
172847471829574,-5.1284,-6.0987,-12.878799,-5.1284,-6.0987,-12.878799
172847481840511,-13.1189995,-0.1995,-1.2737,-13.1189995,-0.1995,-1.2737
172847491820199,-14.6156,0.5022,-0.3953,-14.6156,0.5022,-0.3953
172847501831136,-5.2552,6.5992,-4.6707997,-5.2552,6.5992,-4.6707997
172847511842074,7.2879996,29.6441,1.8032999,7.2879996,29.6441,1.8032999
172847521823324,16.183699,28.623798,-3.4747,16.183699,28.623798,-3.4747
172847531834261,7.5985,-1.7802,-10.0439,7.5985,-1.7802,-10.0439
172847541845199,-9.0442,-9.8266,-2.5488,-9.0442,-9.8266,-2.5488
172847551824886,-16.9578,2.3200998,-1.5609,-16.9578,2.3200998,-1.5609
172847561835824,-11.9318,11.0286,-2.3339,-11.9318,11.0286,-2.3339
172847571846761,-3.4255998,10.919399,-2.8889,-3.4255998,10.919399,-2.8889
172847581826449,0.6114,12.667299,-1.3482,0.6114,12.667299,-1.3482
172847591837386,-3.0293,19.0124,5.703,-3.0293,19.0124,5.703
172847601817074,-2.5523,18.5045,7.4392,-2.5523,18.5045,7.4392
172847611828011,0.7442,18.9411,10.0550995,0.7442,18.9411,10.0550995
172847621838949,6.0677,20.6423,14.6024,6.0677,20.6423,14.6024
172847631820199,14.236099,20.8422,16.8758,14.236099,20.8422,16.8758
172847641831136,18.3962,19.0075,18.1631,18.3962,19.0075,18.1631
172847651842074,18.476099,14.069799,21.2855,18.476099,14.069799,21.2855
172847661821761,26.8608,1.8074,13.222799,26.8608,1.8074,13.222799
172847671832699,41.973,-11.5603,4.8048,41.973,-11.5603,4.8048
172847681843636,33.0513,-5.4048,-10.201,33.0513,-5.4048,-10.201
172847691823324,7.9013996,5.0301,-10.9248,7.9013996,5.0301,-10.9248
172847701834261,-8.806399,2.8762999,14.8935995,-8.806399,2.8762999,14.8935995
172847711845199,-11.3194,-4.7978,11.0637,-11.3194,-4.7978,11.0637
172847721826449,-1.0002999,-6.6233997,10.8157,-1.0002999,-6.6233997,10.8157
172847731835824,15.415999,-9.0161,17.1392,15.415999,-9.0161,17.1392
172847741817074,24.2481,-10.5727,12.0204,24.2481,-10.5727,12.0204
172847751828011,27.235699,-10.6992,6.8234997,27.235699,-10.6992,6.8234997
172847761838949,24.0704,-7.5491,6.5376997,24.0704,-7.5491,6.5376997
172847771818636,17.4233,-3.6476,3.2897,17.4233,-3.6476,3.2897
172847781829574,12.7009,-1.6001999,-0.5469,12.7009,-1.6001999,-0.5469
172847791840511,10.370399,0.7273,-3.5049,10.370399,0.7273,-3.5049
172847801820199,10.4691,4.3041997,-3.8088,10.4691,4.3041997,-3.8088
172847811831136,12.4437,7.6712,-5.0164,12.4437,7.6712,-5.0164
172847821843636,12.162399,9.946099,-9.4744,12.162399,9.946099,-9.4744
172847831821761,8.7448,12.3656,-13.4539995,8.7448,12.3656,-13.4539995
172847841834261,5.4898996,15.194799,-19.998,5.4898996,15.194799,-19.998
172847851845199,12.8146,16.7817,-26.794498,12.8146,16.7817,-26.794498
172847861824886,13.396299,12.889,-37.2982,13.396299,12.889,-37.2982
172847871835824,5.9505,4.4214,-46.0762,5.9505,4.4214,-46.0762
172847881846761,-5.1191,-1.4301,-47.3572,-5.1191,-1.4301,-47.3572
172847891828011,-12.7736,-1.7545999,-36.839,-12.7736,-1.7545999,-36.839
172847901837386,-10.008599,1.4818,-24.3991,-10.008599,1.4818,-24.3991
172847911817074,-1.7063999,4.1225,-23.1101,-1.7063999,4.1225,-23.1101
172847921828011,-11.814799,10.6993,-20.7397,-11.814799,10.6993,-20.7397
172847931840511,-30.390299,12.1566,-17.6302,-30.390299,12.1566,-17.6302
172847941820199,-33.1548,8.8853,-22.8097,-33.1548,8.8853,-22.8097
172847951831136,-22.2052,5.7827,-11.617,-22.2052,5.7827,-11.617
172847961842074,-8.2822,0.6634,-8.9618,-8.2822,0.6634,-8.9618
172847971821761,1.7679,-0.9242,-15.313,1.7679,-0.9242,-15.313
172847981832699,9.3765,1.9984,-13.9042,9.3765,1.9984,-13.9042
172847991843636,7.1889997,6.5464,-8.029799,7.1889997,6.5464,-8.029799
172848001823324,-5.0241,7.1833,-4.743,-5.0241,7.1833,-4.743
172848011835824,-15.823199,5.4003,-2.1964,-15.823199,5.4003,-2.1964
172848021845199,-21.0206,4.0085,-0.063599996,-21.0206,4.0085,-0.063599996
172848031826449,-20.508999,3.9513,1.6703,-20.508999,3.9513,1.6703
172848041837386,-14.6730995,3.327,2.3623,-14.6730995,3.327,2.3623
172848051817074,-9.2549,2.0572,2.4761999,-9.2549,2.0572,2.4761999
172848061828011,-6.5256,1.3735,2.2202,-6.5256,1.3735,2.2202
172848071838949,-6.2634,1.0979999,2.0161,-6.2634,1.0979999,2.0161
172848081818636,-6.3273997,0.4114,2.5305998,-6.3273997,0.4114,2.5305998
172848091829574,-6.4512997,0.4739,1.1593,-6.4512997,0.4739,1.1593
172848101840511,-5.8171,2.2684999,4.4748,-5.8171,2.2684999,4.4748
172848111820199,-5.8859,2.904,10.3125,-5.8859,2.904,10.3125
172848121831136,-6.5227,3.4415,10.4147,-6.5227,3.4415,10.4147
172848131842074,-6.9356,0.2841,12.5938,-6.9356,0.2841,12.5938
172848141823324,-1.4629999,-4.9266,7.3820996,-1.4629999,-4.9266,7.3820996
172848151834261,5.2984,-2.9452999,0.78319997,5.2984,-2.9452999,0.78319997
172848161845199,3.4334,5.305,10.2130995,3.4334,5.305,10.2130995
172848171824886,-0.049399998,7.7725997,9.4182,-0.049399998,7.7725997,9.4182
172848181835824,-1.7393,8.9928,-2.5829,-1.7393,8.9928,-2.5829
172848191846761,-0.3913,8.4902,1.5374,-0.3913,8.4902,1.5374
172848201826449,1.9489,5.0369,-3.8565,1.9489,5.0369,-3.8565
172848211837386,2.3012,1.2149,-5.1194997,2.3012,1.2149,-5.1194997
172848221817074,-1.3354,-1.3697,-2.5607998,-1.3354,-1.3697,-2.5607998
172848231828011,-3.8012998,-2.0558,-3.3755,-3.8012998,-2.0558,-3.3755
172848241840511,-3.8516,-0.5216,-2.2035,-3.8516,-0.5216,-2.2035
172848251820199,-2.7145998,0.84169996,-2.4462,-2.7145998,0.84169996,-2.4462
172848261831136,-1.2203,1.2518,-1.8348999,-1.2203,1.2518,-1.8348999
172848271842074,-0.2618,1.5292,-1.5275999,-0.2618,1.5292,-1.5275999
172848281821761,-0.6231,1.6077,-1.7771,-0.6231,1.6077,-1.7771
172848291832699,-1.1536,1.1707,-2.3377,-1.1536,1.1707,-2.3377
172848301843636,-2.0592,0.9015,-2.2623,-2.0592,0.9015,-2.2623
172848311823324,-2.3687,0.9443,-1.8671,-2.3687,0.9443,-1.8671
172848321834261,-0.9981,0.7369,-1.4663,-0.9981,0.7369,-1.4663
172848331846761,0.3599,0.226,-1.1740999,0.3599,0.226,-1.1740999
172848341824886,0.5904,-0.1836,-0.8868,0.5904,-0.1836,-0.8868
172848351837386,0.59279996,-0.5682,-1.0996,0.59279996,-0.5682,-1.0996
172848361817074,1.0206,-0.9091,-1.0661,1.0206,-0.9091,-1.0661
172848371828011,1.4815999,-1.0594,-0.8811,1.4815999,-1.0594,-0.8811
172848381838949,2.1724,-1.0512999,-0.6477,2.1724,-1.0512999,-0.6477
172848391818636,3.0802,-1.0645,-0.46519998,3.0802,-1.0645,-0.46519998
172848401829574,3.2069,-0.97819996,-0.55509996,3.2069,-0.97819996,-0.55509996
172848411840511,2.6687,-0.6864,-0.57449996,2.6687,-0.6864,-0.57449996
172848421820199,1.9225999,-0.44959998,-0.7028,1.9225999,-0.44959998,-0.7028
172848431831136,1.3553,-0.33359998,-0.6784,1.3553,-0.33359998,-0.6784
172848441843636,1.1618,-0.2051,-0.4432,1.1618,-0.2051,-0.4432
172848451823324,1.518,-0.049999997,-0.56769997,1.518,-0.049999997,-0.56769997
172848461834261,1.7447,-0.0583,-0.5668,1.7447,-0.0583,-0.5668
172848471845199,1.6294999,0.0379,-0.59389997,1.6294999,0.0379,-0.59389997
172848481824886,1.5913,0.1872,-0.66889995,1.5913,0.1872,-0.66889995
172848491835824,1.4674,0.0285,-0.43129998,1.4674,0.0285,-0.43129998
172848501846761,0.91139996,-0.0099,-0.30339998,0.91139996,-0.0099,-0.30339998
172848511826449,0.6518,0.1648,-0.38889998,0.6518,0.1648,-0.38889998
172848521837386,0.8444,0.2349,-0.4802,0.8444,0.2349,-0.4802
172848531818636,1.0518,0.3215,-0.8214,1.0518,0.3215,-0.8214
172848541829574,1.2479,0.2556,-0.7101,1.2479,0.2556,-0.7101
172848551840511,1.7382,-0.1583,-0.6256,1.7382,-0.1583,-0.6256
172848561820199,1.9573,-0.262,-0.7874,1.9573,-0.262,-0.7874
172848571831136,1.7940999,-0.127,-0.93899995,1.7940999,-0.127,-0.93899995
172848581842074,1.4469999,-0.2409,-0.80619997,1.4469999,-0.2409,-0.80619997
172848591821761,1.1486,-0.4003,-0.6954,1.1486,-0.4003,-0.6954
172848601832699,0.4711,-0.0265,-0.5067,0.4711,-0.0265,-0.5067
172848611843636,0.6422,0.010199999,-0.6516,0.6422,0.010199999,-0.6516
172848621823324,1.1931,-0.2024,-0.6649,1.1931,-0.2024,-0.6649
172848631835824,1.6738,-0.33229998,-0.79249996,1.6738,-0.33229998,-0.79249996
172848641845199,1.8288,-0.4364,-0.4917,1.8288,-0.4364,-0.4917
172848651826449,1.8513,-0.45859998,-0.59209996,1.8513,-0.45859998,-0.59209996
172848661837386,1.683,-0.17189999,-0.2374,1.683,-0.17189999,-0.2374
172848671817074,1.6922,-0.20369999,-0.2445,1.6922,-0.20369999,-0.2445
172848681828011,1.6585,-0.3281,-0.3708,1.6585,-0.3281,-0.3708
172848691838949,1.3284999,-0.1933,-0.338,1.3284999,-0.1933,-0.338
172848701818636,0.91279995,-0.0841,-0.41149998,0.91279995,-0.0841,-0.41149998
172848711829574,0.7543,-0.086799994,-0.43649998,0.7543,-0.086799994,-0.43649998
172848721840511,0.7862,-0.105399996,-0.4206,0.7862,-0.105399996,-0.4206
172848731820199,0.91179997,-0.1374,-0.46519998,0.91179997,-0.1374,-0.46519998
172848741831136,0.92829996,-0.1556,-0.42949998,0.92829996,-0.1556,-0.42949998
172848751842074,0.9066,-0.1287,-0.35619998,0.9066,-0.1287,-0.35619998
172848761823324,0.8764,-0.0986,-0.2313,0.8764,-0.0986,-0.2313
172848771834261,1.0127,-0.1501,-0.060599998,1.0127,-0.1501,-0.060599998
172848781845199,1.0267999,-0.16849999,-0.248,1.0267999,-0.16849999,-0.248
172848791824886,0.8494,-0.0139999995,-0.20359999,0.8494,-0.0139999995,-0.20359999
172848801835824,0.73719996,-0.1416,-0.0064999997,0.73719996,-0.1416,-0.0064999997
172848811846761,0.7183,-0.242,-0.2058,0.7183,-0.242,-0.2058
172848821826449,0.6289,-0.1338,-0.205,0.6289,-0.1338,-0.205
172848831837386,0.61899996,-0.096599996,-0.156,0.61899996,-0.096599996,-0.156
172848841818636,0.6271,-0.096099995,-0.22209999,0.6271,-0.096099995,-0.22209999
172848851829574,0.616,-0.0881,-0.2507,0.616,-0.0881,-0.2507
172848861840511,0.5299,0.0099,-0.2216,0.5299,0.0099,-0.2216
172848871820199,0.6243,-0.030599998,-0.2669,0.6243,-0.030599998,-0.2669
172848881831136,0.49969998,-0.0504,-0.3005,0.49969998,-0.0504,-0.3005
172848891862386,0.3644,0.0469,-0.2701,0.3644,0.0469,-0.2701
172848901821761,0.3663,0.077,-0.2898,0.3663,0.077,-0.2898
172848911832699,0.43829998,-0.0515,-0.3168,0.43829998,-0.0515,-0.3168
172848921843636,0.53029996,-0.1091,-0.3373,0.53029996,-0.1091,-0.3373
172848931823324,0.6788,-0.061199997,-0.3078,0.6788,-0.061199997,-0.3078
172848941835824,0.70489997,-0.0692,-0.3011,0.70489997,-0.0692,-0.3011
172848951846761,0.66609997,-0.1389,-0.28239998,0.66609997,-0.1389,-0.28239998
172848961826449,0.68259996,-0.2059,-0.1915,0.68259996,-0.2059,-0.1915
172848971837386,0.83059996,-0.16759999,-0.21069999,0.83059996,-0.16759999,-0.21069999
172848981817074,0.92759997,-0.2042,-0.2634,0.92759997,-0.2042,-0.2634
172848991828011,0.8997,-0.2052,-0.22379999,0.8997,-0.2052,-0.22379999
172849001838949,0.8447,-0.1441,-0.2375,0.8447,-0.1441,-0.2375
172849011818636,0.8484,-0.096099995,-0.2636,0.8484,-0.096099995,-0.2636
172849021829574,0.759,-0.1433,-0.218,0.759,-0.1433,-0.218
172849031842074,0.6569,-0.1249,-0.1847,0.6569,-0.1249,-0.1847
172849041820199,0.55689996,-0.0749,-0.17889999,0.55689996,-0.0749,-0.17889999
172849051831136,0.51489997,-0.0858,-0.18239999,0.51489997,-0.0858,-0.18239999
172849061843636,0.4967,-0.0655,-0.21419999,0.4967,-0.0655,-0.21419999
172849071823324,0.5329,0.0019999999,-0.2155,0.5329,0.0019999999,-0.2155
172849081834261,0.48499998,-0.0363,-0.22489999,0.48499998,-0.0363,-0.22489999
172849091845199,0.3744,-0.0471,-0.2548,0.3744,-0.0471,-0.2548
172849101824886,0.274,-0.0175,-0.1963,0.274,-0.0175,-0.1963
172849111837386,0.2992,-0.028099999,-0.1953,0.2992,-0.028099999,-0.1953
172849121846761,0.29459998,0.011399999,-0.1671,0.29459998,0.011399999,-0.1671
172849131828011,0.299,0.020499999,-0.22739999,0.299,0.020499999,-0.22739999
172849141837386,0.312,-0.0082,-0.1881,0.312,-0.0082,-0.1881
172849151818636,0.3249,-0.0775,-0.13949999,0.3249,-0.0775,-0.13949999
172849161829574,0.3549,-0.0668,-0.19749999,0.3549,-0.0668,-0.19749999
172849171840511,0.3473,-0.057499997,-0.2083,0.3473,-0.057499997,-0.2083
172849181820199,0.33789998,-0.056599997,-0.1783,0.33789998,-0.056599997,-0.1783
172849191831136,0.37849998,-0.0275,-0.2068,0.37849998,-0.0275,-0.2068
172849201842074,0.3294,-0.0166,-0.28939998,0.3294,-0.0166,-0.28939998
172849211821761,0.212,-0.0071,-0.2399,0.212,-0.0071,-0.2399
172849221832699,0.1765,-0.0358,-0.1986,0.1765,-0.0358,-0.1986
172849231845199,0.23449999,-0.0654,-0.19839999,0.23449999,-0.0654,-0.19839999
172849241824886,0.3198,-0.074,-0.1778,0.3198,-0.074,-0.1778
172849251835824,0.435,-0.074,-0.1783,0.435,-0.074,-0.1783
172849261846761,0.4558,-0.0525,-0.1778,0.4558,-0.0525,-0.1778
172849271826449,0.44349998,-0.0231,-0.16839999,0.44349998,-0.0231,-0.16839999
172849281837386,0.48369998,-0.0506,-0.139,0.48369998,-0.0506,-0.139
172849291817074,0.57949996,-0.070199996,-0.19999999,0.57949996,-0.070199996,-0.19999999
172849301828011,0.53999996,-0.0583,-0.16839999,0.53999996,-0.0583,-0.16839999
172849311838949,0.51919997,-0.0779,-0.14739999,0.51919997,-0.0779,-0.14739999
172849321820199,0.5304,-0.0857,-0.17369999,0.5304,-0.0857,-0.17369999
172849331829574,0.5408,-0.0466,-0.1575,0.5408,-0.0466,-0.1575
172849341840511,0.4587,-0.044999998,-0.163,0.4587,-0.044999998,-0.163
172849351821761,0.4016,-0.0453,-0.17539999,0.4016,-0.0453,-0.17539999
172849361831136,0.2769,-0.0052,-0.1794,0.2769,-0.0052,-0.1794
172849371843636,0.26909998,-0.0053999997,-0.17189999,0.26909998,-0.0053999997,-0.17189999
172849381823324,0.2814,-0.0437,-0.1662,0.2814,-0.0437,-0.1662
172849391834261,0.3026,-0.053799998,-0.1582,0.3026,-0.053799998,-0.1582
172849401845199,0.3612,-0.062299997,-0.114999995,0.3612,-0.062299997,-0.114999995
172849411824886,0.41189998,-0.0822,-0.1743,0.41189998,-0.0822,-0.1743
172849421835824,0.34379998,-0.0613,-0.15799999,0.34379998,-0.0613,-0.15799999
172849431848324,0.3071,-0.0224,-0.1387,0.3071,-0.0224,-0.1387
172849441826449,0.30949998,-0.040999997,-0.1704,0.30949998,-0.040999997,-0.1704
172849451838949,0.273,-0.021699999,-0.17109999,0.273,-0.021699999,-0.17109999
172849461818636,0.23889999,-0.021,-0.1629,0.23889999,-0.021,-0.1629
172849471829574,0.23179999,-0.0213,-0.1928,0.23179999,-0.0213,-0.1928
172849481840511,0.2367,-0.020499999,-0.1741,0.2367,-0.020499999,-0.1741
172849491820199,0.2393,0.008599999,-0.1532,0.2393,0.008599999,-0.1532
172849501831136,0.2723,0.0095,-0.1452,0.2723,0.0095,-0.1452
172849511842074,0.2845,-4.0E-4,-0.1345,0.2845,-4.0E-4,-0.1345
172849521821761,0.2588,-0.0093,-0.1269,0.2588,-0.0093,-0.1269
172849531832699,0.25169998,-0.029299999,-0.1369,0.25169998,-0.029299999,-0.1369
172849541843636,0.2367,-0.0284,-0.1287,0.2367,-0.0284,-0.1287
172849551824886,0.22,-0.0288,-0.1496,0.22,-0.0288,-0.1496
172849561835824,0.18699999,-0.018299999,-0.14989999,0.18699999,-0.018299999,-0.14989999
172849571846761,0.1704,-0.0285,-0.15169999,0.1704,-0.0285,-0.15169999
172849581826449,0.1576,-0.0278,-0.1611,0.1576,-0.0278,-0.1611
172849591837386,0.1502,-0.028099999,-0.15269999,0.1502,-0.028099999,-0.15269999
172849601817074,0.1281,-0.0177,-0.14289999,0.1281,-0.0177,-0.14289999
172849611828011,0.169,-0.0081,-0.16219999,0.169,-0.0081,-0.16219999
172849621838949,0.174,-0.056199998,-0.18959999,0.174,-0.056199998,-0.18959999
172849631818636,0.175,-0.0464,-0.1971,0.175,-0.0464,-0.1971
172849641829574,0.1795,-0.0552,-0.16659999,0.1795,-0.0552,-0.16659999
172849651842074,0.1899,-0.065,-0.2033,0.1899,-0.065,-0.2033
172849661821761,0.2032,-0.0541,-0.1533,0.2032,-0.0541,-0.1533
172849671832699,0.21339999,-0.0442,-0.15079999,0.21339999,-0.0442,-0.15079999
172849681843636,0.18789999,-0.023599999,-0.1503,0.18789999,-0.023599999,-0.1503
172849691823324,0.1884,-0.0137,-0.1085,0.1884,-0.0137,-0.1085
172849701834261,0.2304,-0.0026999998,-0.11889999,0.2304,-0.0026999998,-0.11889999
172849711845199,0.2602,-0.0224,-0.1479,0.2602,-0.0224,-0.1479
172849721824886,0.1951,-0.040799998,-0.1374,0.1951,-0.040799998,-0.1374
172849731835824,0.1371,-0.0311,-0.1183,0.1371,-0.0311,-0.1183
172849741815511,0.114099994,-9.0E-4,-0.0994,0.114099994,-9.0E-4,-0.0994
172849751826449,0.1735,-0.010799999,-0.1274,0.1735,-0.010799999,-0.1274
172849761838949,0.1871,-0.0095999995,-0.1266,0.1871,-0.0095999995,-0.1266
172849771818636,0.2069,-0.0389,-0.1235,0.2069,-0.0389,-0.1235
172849781829574,0.2193,-0.0278,-0.1038,0.2193,-0.0278,-0.1038
172849791840511,0.1997,-0.0276,-0.1188,0.1997,-0.0276,-0.1188
172849801820199,0.16499999,-0.0069,-0.117699996,0.16499999,-0.0069,-0.117699996
172849811831136,0.1356,-0.0064999997,-0.1296,0.1356,-0.0064999997,-0.1296
172849821842074,0.141,-0.015299999,-0.1183,0.141,-0.015299999,-0.1183
172849831821761,0.1705,-0.024799999,-0.1415,0.1705,-0.024799999,-0.1415
172849841832699,0.16499999,-0.0235,-0.15779999,0.16499999,-0.0235,-0.15779999
172849851845199,0.1161,-0.0037,-0.16399999,0.1161,-0.0037,-0.16399999
172849861824886,0.0835,-0.012399999,-0.1695,0.0835,-0.012399999,-0.1695
172849871835824,0.1418,-0.0121,-0.1548,0.1418,-0.0121,-0.1548
172849881846761,0.1733,-0.039499998,-0.21319999,0.1733,-0.039499998,-0.21319999
172849891826449,0.1338,-0.0296,-0.2026,0.1338,-0.0296,-0.2026
172849901837386,0.0997,-0.028299998,-0.1603,0.0997,-0.028299998,-0.1603
172849911817074,0.089499995,-0.023699999,-0.18859999,0.089499995,-0.023699999,-0.18859999
172849921828011,0.0755,-0.0127,-0.1661,0.0755,-0.0127,-0.1661
172849931840511,0.0841,-0.0223,-0.1558,0.0841,-0.0223,-0.1558
172849941818636,0.0984,-0.0308,-0.1347,0.0984,-0.0308,-0.1347
172849951829574,0.116,-9.999999E-4,-0.13159999,0.116,-9.999999E-4,-0.13159999
172849961842074,0.100499995,4.0E-4,-0.1776,0.100499995,4.0E-4,-0.1776
172849971821761,0.0883,-0.0088,-0.1742,0.0883,-0.0088,-0.1742
172849981832699,0.101799995,-0.026899999,-0.1716,0.101799995,-0.026899999,-0.1716
172849991843636,0.1284,-0.0164,-0.1961,0.1284,-0.0164,-0.1961
172850001823324,0.1308,-0.0148,-0.1458,0.1308,-0.0148,-0.1458
172850011834261,0.1182,-0.014099999,-0.1312,0.1182,-0.014099999,-0.1312
172850021845199,0.1117,-0.0026999998,-0.1875,0.1117,-0.0026999998,-0.1875
172850031824886,0.118499994,0.037,-0.1545,0.118499994,0.037,-0.1545
172850041837386,0.1498,0.0092,-0.1161,0.1498,0.0092,-0.1161
172850051817074,0.1175,0.009699999,-0.1639,0.1175,0.009699999,-0.1639
172850061828011,0.0534,0.030599998,-0.106,0.0534,0.030599998,-0.106
172850071838949,0.080699995,0.0209,-0.1275,0.080699995,0.0209,-0.1275
172850081818636,0.112799995,0.022499999,-0.1378,0.112799995,0.022499999,-0.1378
172850091829574,0.109299995,0.0229,-0.13759999,0.109299995,0.0229,-0.13759999
172850101840511,0.120799996,0.0050999997,-0.16669999,0.120799996,0.0050999997,-0.16669999
172850111820199,0.0779,0.0251,-0.15869999,0.0779,0.0251,-0.15869999
172850121831136,0.052199997,0.0069,-0.1498,0.052199997,0.0069,-0.1498
172850131842074,0.1068,0.0074,-0.151,0.1068,0.0074,-0.151
172850141821761,0.1558,-4.9999997E-4,-0.1051,0.1558,-4.9999997E-4,-0.1051
172850151834261,0.1902,0.0099,-0.1339,0.1902,0.0099,-0.1339
172850161845199,0.1892,0.0413,-0.14549999,0.1892,0.0413,-0.14549999
172850171823324,0.1353,0.0323,-0.0854,0.1353,0.0323,-0.0854
172850181835824,0.117199995,0.0242,-0.1557,0.117199995,0.0242,-0.1557
172850191846761,0.0933,0.054199997,-0.12629999,0.0933,0.054199997,-0.12629999
172850201826449,0.0765,0.0067,-0.13849999,0.0765,0.0067,-0.13849999
172850211837386,0.033099998,-0.0222,-0.1116,0.033099998,-0.0222,-0.1116
172850221817074,0.0749,0.0084999995,-0.106,0.0749,0.0084999995,-0.106
172850231828011,0.1192,0.0286,-0.1083,0.1192,0.0286,-0.1083
172850241838949,0.1485,-0.0087,-0.103099994,0.1485,-0.0087,-0.103099994
172850251820199,0.1634,-0.0277,-0.1134,0.1634,-0.0277,-0.1134
172850261829574,0.2102,-0.006,-0.1083,0.2102,-0.006,-0.1083
172850271842074,0.2358,0.0042,-0.12889999,0.2358,0.0042,-0.12889999
172850281821761,0.1768,-0.033,-0.14199999,0.1768,-0.033,-0.14199999
172850291832699,0.1047,-0.012999999,-0.1529,0.1047,-0.012999999,-0.1529
172850301843636,0.0982,0.0079,-0.1278,0.0982,0.0079,-0.1278
172850311823324,0.0954,-0.0018,-0.1033,0.0954,-0.0018,-0.1033
172850321835824,0.0924,-9.999999E-4,-0.0898,0.0924,-9.999999E-4,-0.0898
172850331846761,0.081,0.0179,-0.1003,0.081,0.0179,-0.1003
172850341824886,0.0846,0.0093,-0.106,0.0846,0.0093,-0.106
172850351837386,0.0735,-9.999999E-4,-0.1073,0.0735,-9.999999E-4,-0.1073
172850361817074,0.0964,0.0099,-0.093899995,0.0964,0.0099,-0.093899995
172850371828011,0.094,0.0098,-0.1305,0.094,0.0098,-0.1305
172850381838949,0.0592,0.0109,-0.116299994,0.0592,0.0109,-0.116299994
172850391818636,0.0468,0.0109,-0.1121,0.0468,0.0109,-0.1121
172850401829574,0.0704,0.012,-0.1082,0.0704,0.012,-0.1082
172850411840511,0.0435,-0.015299999,-0.1107,0.0435,-0.015299999,-0.1107
172850421820199,0.047799997,-0.0241,-0.0976,0.047799997,-0.0241,-0.0976
172850431831136,0.0642,-0.023899999,-0.111499995,0.0642,-0.023899999,-0.111499995
172850441842074,0.096499994,-0.022599999,-0.088999994,0.096499994,-0.022599999,-0.088999994
172850451821761,0.122899994,-0.042099997,-0.1139,0.122899994,-0.042099997,-0.1139
172850461834261,0.1055,-0.0211,-0.1007,0.1055,-0.0211,-0.1007
172850471845199,0.103099994,-0.0309,-0.1158,0.103099994,-0.0309,-0.1158
172850481824886,0.106,-0.0394,-0.111899994,0.106,-0.0394,-0.111899994
172850491835824,0.113699995,-0.0297,-0.1182,0.113699995,-0.0297,-0.1182
172850501846761,0.097799994,-0.0187,-0.114099994,0.097799994,-0.0187,-0.114099994
172850511826449,0.10569999,-0.0286,-0.12,0.10569999,-0.0286,-0.12
172850521837386,0.1187,-0.0273,-0.12529999,0.1187,-0.0273,-0.12529999
172850531817074,0.13669999,-0.0175,-0.100899994,0.13669999,-0.0175,-0.100899994
172850541828011,0.1299,-0.025999999,-0.116299994,0.1299,-0.025999999,-0.116299994
172850551838949,0.1087,-0.0163,-0.151,0.1087,-0.0163,-0.151
172850561820199,0.0748,-0.0252,-0.0985,0.0748,-0.0252,-0.0985
172850571831136,0.103199996,-0.0254,-0.094399996,0.103199996,-0.0254,-0.094399996
172850581842074,0.1361,-0.0242,-0.100899994,0.1361,-0.0242,-0.100899994
172850591821761,0.145,-0.0244,-0.0959,0.145,-0.0244,-0.0959
172850601832699,0.13,-0.0233,-0.1019,0.13,-0.0233,-0.1019
172850611843636,0.1008,-0.0335,-0.1268,0.1008,-0.0335,-0.1268
172850621823324,0.0403,-0.0034999999,-0.1222,0.0403,-0.0034999999,-0.1222
172850631835824,0.0796,-0.0233,-0.1348,0.0796,-0.0233,-0.1348
172850641846761,0.0765,-0.0321,-0.16749999,0.0765,-0.0321,-0.16749999
172850651824886,0.0267,-0.0123,-0.1269,0.0267,-0.0123,-0.1269
172850661837386,0.015899999,-0.0021,-0.1039,0.015899999,-0.0021,-0.1039
172850671817074,0.0449,-0.021699999,-0.1241,0.0449,-0.021699999,-0.1241
172850681828011,0.052199997,-0.0308,-0.1107,0.052199997,-0.0308,-0.1107
172850691838949,0.062,-0.0115,-0.0758,0.062,-0.0115,-0.0758
172850701818636,0.078499995,-0.0207,-0.083399996,0.078499995,-0.0207,-0.083399996
172850711829574,0.0782,-0.0013,-0.116,0.0782,-0.0013,-0.116
172850721840511,0.037299998,-8.0E-4,-0.0844,0.037299998,-8.0E-4,-0.0844
172850731820199,0.037,-0.0106,-0.0753,0.037,-0.0106,-0.0753
172850741831136,0.054399997,-0.0298,-0.0642,0.054399997,-0.0298,-0.0642
172850751843636,0.073699996,-0.0299,-0.0659,0.073699996,-0.0299,-0.0659
172850761821761,0.070999995,-0.019399999,-0.0927,0.070999995,-0.019399999,-0.0927
172850771834261,0.0222,-1.0E-4,-0.0469,0.0222,-1.0E-4,-0.0469
172850781845199,0.021399999,-0.0195,-0.046099998,0.021399999,-0.0195,-0.046099998
172850791824886,0.031799998,-0.02,-0.0512,0.031799998,-0.02,-0.0512
172850801835824,0.0402,-0.0099,-0.040799998,0.0402,-0.0099,-0.040799998
172850811846761,0.0209,-0.010199999,-0.053999998,0.0209,-0.010199999,-0.053999998
172850821826449,-0.0084,-0.010199999,-0.043199997,-0.0084,-0.010199999,-0.043199997
172850831837386,0.0016,-0.03,-0.0558,0.0016,-0.03,-0.0558
172850841818636,0.0011,-0.010199999,-0.0448,0.0011,-0.010199999,-0.0448
172850851828011,0.0109,-7.0E-4,-0.0486,0.0109,-7.0E-4,-0.0486
172850861840511,0.019299999,-4.0E-4,-0.047199998,0.019299999,-4.0E-4,-0.047199998
172850871820199,0.0195,-0.020399999,-0.0815,0.0195,-0.020399999,-0.0815
172850881831136,-0.011,-4.0E-4,-0.060099997,-0.011,-4.0E-4,-0.060099997
172850891843636,-7.0E-4,-0.0106,-0.0639,-7.0E-4,-0.0106,-0.0639
172850901821761,0.0359,-2.0E-4,-0.0616,0.0359,-2.0E-4,-0.0616
172850911832699,0.0545,-0.0116,-0.036,0.0545,-0.0116,-0.036
172850921845199,0.0513,-0.0109,-0.0444,0.0513,-0.0109,-0.0444
172850931823324,0.0603,-0.0111,-0.0777,0.0603,-0.0111,-0.0777
172850941834261,0.047399998,-0.0104,-0.0464,0.047399998,-0.0104,-0.0464
172850951846761,0.0466,-0.020299999,-0.039699998,0.0466,-0.020299999,-0.039699998
172850961826449,0.062699996,-0.0392,-0.0473,0.062699996,-0.0392,-0.0473
172850971837386,0.062299997,-2.0E-4,-0.1008,0.062299997,-2.0E-4,-0.1008
172850981817074,0.0685,-0.0191,-0.0493,0.0685,-0.0191,-0.0493
172850991828011,0.0488,-0.048899997,-0.0545,0.0488,-0.048899997,-0.0545
172851001838949,0.046299998,-0.0188,-0.061499998,0.046299998,-0.0188,-0.061499998
172851011818636,0.0657,-0.0092,-0.0552,0.0657,-0.0092,-0.0552
172851021829574,0.0626,-0.0379,-0.061899997,0.0626,-0.0379,-0.061899997
172851031842074,0.062,-0.018299999,-0.0628,0.062,-0.018299999,-0.0628
172851041820199,0.0405,0.0018,-0.078499995,0.0405,0.0018,-0.078499995
172851051831136,0.020499999,-0.0274,-0.0585,0.020499999,-0.0274,-0.0585
172851061843636,0.0288,-0.0367,-0.074099995,0.0288,-0.0367,-0.074099995
172851071823324,0.0383,-0.0268,-0.063099995,0.0383,-0.0268,-0.063099995
172851081834261,0.0367,-0.0165,-0.0598,0.0367,-0.0165,-0.0598
172851091845199,0.036599997,-0.0262,-0.0691,0.036599997,-0.0262,-0.0691
172851101824886,0.035299998,-0.0061,-0.074999996,0.035299998,-0.0061,-0.074999996
172851111835824,0.016099999,-0.016099999,-0.0667,0.016099999,-0.016099999,-0.0667
172851121846761,0.006,-0.0158,-0.053999998,0.006,-0.0158,-0.053999998
172851131826449,0.016099999,-0.015999999,-0.0844,0.016099999,-0.015999999,-0.0844
172851141837386,0.024999999,0.0039999997,-0.089899994,0.024999999,0.0039999997,-0.089899994
172851151817074,0.0253,-0.0156,-0.0712,0.0253,-0.0156,-0.0712
172851161829574,-0.0042,-0.015299999,-0.0867,-0.0042,-0.015299999,-0.0867
172851171840511,0.015299999,-0.0055,-0.0677,0.015299999,-0.0055,-0.0677
172851181818636,0.0241,-0.0050999997,-0.0836,0.0241,-0.0050999997,-0.0836
172851191831136,-0.0150999995,-0.0052,-0.0651,-0.0150999995,-0.0052,-0.0651
172851201842074,0.0041,0.014699999,-0.0813,0.0041,0.014699999,-0.0813
172851211821761,0.0233,0.005,-0.1006,0.0233,0.005,-0.1006
172851221832699,0.012399999,-0.024,-0.059,0.012399999,-0.024,-0.059
172851231845199,0.060799997,-0.0139999995,-0.0771,0.060799997,-0.0139999995,-0.0771
172851241823324,0.32459998,-0.011899999,-0.1024,0.32459998,-0.011899999,-0.1024
172851251834261,0.4331,-0.0121,-0.122999996,0.4331,-0.0121,-0.122999996
172851261846761,-0.0055,-0.0025,-0.1002,-0.0055,-0.0025,-0.1002
172851271826449,-0.5018,0.0163,0.0451,-0.5018,0.0163,0.0451
172851281837386,-0.52059996,0.0616,0.06,-0.52059996,0.0616,0.06
172851291817074,-0.22489999,0.0121,0.047,-0.22489999,0.0121,0.047
172851301828011,-0.0673,-0.027199998,-0.0123,-0.0673,-0.027199998,-0.0123
172851311838949,-0.1188,-0.046499997,-0.024,-0.1188,-0.046499997,-0.024
172851321818636,-0.16659999,-0.1153,-0.0423,-0.16659999,-0.1153,-0.0423
172851331829574,-0.052899998,0.1695,-0.0831,-0.052899998,0.1695,-0.0831
172851341842074,0.3148,-0.023899999,-0.0802,0.3148,-0.023899999,-0.0802
172851351820199,0.35999998,-0.1705,-0.0624,0.35999998,-0.1705,-0.0624
172851361831136,0.2323,-0.051099997,-0.022699999,0.2323,-0.051099997,-0.022699999
172851371843636,0.1427,0.0176,-0.0639,0.1427,0.0176,-0.0639
172851381823324,0.0804,0.018099999,0.0037999998,0.0804,0.018099999,0.0037999998
172851391834261,-0.0277,-0.0016,-0.0084,-0.0277,-0.0016,-0.0084
172851401845199,0.0105,-0.0013,-0.0558,0.0105,-0.0013,-0.0558
172851411824886,-0.0098,0.0084999995,0.0021,-0.0098,0.0084999995,0.0021
172851421835824,-0.029299999,-0.0111,-0.0078,-0.029299999,-0.0111,-0.0078
172851431846761,0.048499998,-0.0307,-0.0191,0.048499998,-0.0307,-0.0191
172851441826449,0.16,-0.0295,-0.0656,0.16,-0.0295,-0.0656
172851451838949,0.1595,-0.0491,-0.086399995,0.1595,-0.0491,-0.086399995
172851461818636,0.0874,-0.0287,-0.0643,0.0874,-0.0287,-0.0643
172851471828011,0.068399996,4.0E-4,-0.0557,0.068399996,4.0E-4,-0.0557
172851481840511,0.0669,-0.0286,-0.0254,0.0669,-0.0286,-0.0254
172851491820199,-0.069299996,-0.14649999,0.17989999,-0.069299996,-0.14649999,0.17989999
172851501831136,-0.2652,0.0778,-0.1664,-0.2652,0.0778,-0.1664
172851511842074,0.1977,0.1656,0.086799994,0.1977,0.1656,0.086799994
172851521821761,0.077199996,-0.049399998,-0.0482,0.077199996,-0.049399998,-0.0482
172851531832699,-0.089099996,-0.118,0.0117999995,-0.089099996,-0.118,0.0117999995
172851541843636,-0.075899996,0.0385,-0.0915,-0.075899996,0.0385,-0.0915
172851551824886,0.1011,-4.9999997E-4,-0.0991,0.1011,-4.9999997E-4,-0.0991
172851561834261,0.117,-0.039,-0.047399998,0.117,-0.039,-0.047399998
172851571845199,0.088599995,0.0,-0.0683,0.088599995,0.0,-0.0683
172851581826449,0.011,0.0098,-0.065299995,0.011,0.0098,-0.065299995
172851591837386,-0.0657,-0.0297,0.0116,-0.0657,-0.0297,0.0116
172851601817074,-0.0625,-0.0106999995,0.0206,-0.0625,-0.0106999995,0.0206
172851611828011,-0.0512,0.047599997,-0.0411,-0.0512,0.047599997,-0.0411
172851621838949,0.0077,-0.0307,-0.0105,0.0077,-0.0307,-0.0105
172851631818636,-0.030299999,0.0081,-0.0514,-0.030299999,0.0081,-0.0514
172851641829574,-0.029099999,-0.011399999,-0.0486,-0.029099999,-0.011399999,-0.0486
172851651840511,0.059299998,-0.040799998,-0.0579,0.059299998,-0.040799998,-0.0579
172851661820199,0.1144,-5.9999997E-4,-0.0923,0.1144,-5.9999997E-4,-0.0923
172851671831136,0.075399995,0.0188,-0.0532,0.075399995,0.0188,-0.0532
172851681843636,0.0352,-0.0591,-0.0598,0.0352,-0.0591,-0.0598
172851691821761,0.3204,-0.0495,0.0276,0.3204,-0.0495,0.0276
172851701834261,-1.094,0.08,0.5058,-1.094,0.08,0.5058
172851711845199,-0.5717,-0.057699997,-0.3575,-0.5717,-0.057699997,-0.3575
172851721824886,1.5943999,0.1375,-0.1042,1.5943999,0.1375,-0.1042
172851731835824,0.23719999,-0.17549999,-0.0534,0.23719999,-0.17549999,-0.0534
172851741846761,-0.25239998,-0.1475,-0.0492,-0.25239998,-0.1475,-0.0492
172851751826449,-0.19119999,0.1267,-0.1453,-0.19119999,0.1267,-0.1453
172851761837386,-0.0409,0.0184,0.0222,-0.0409,0.0184,0.0222
172851771818636,0.29479998,-0.1095,-0.0186,0.29479998,-0.1095,-0.0186
172851781828011,0.1915,-0.0101,-0.0914,0.1915,-0.0101,-0.0914
172851791840511,-0.1195,-9.0E-4,-0.0241,-0.1195,-9.0E-4,-0.0241
172851801820199,-0.2554,0.0071,-0.0028,-0.2554,0.0071,-0.0028
172851811831136,-0.20369999,0.0263,-0.0313,-0.20369999,0.0263,-0.0313
172851821842074,-0.20549999,0.0053999997,0.0378,-0.20549999,0.0053999997,0.0378
172851831821761,-0.0578,0.0055,-0.0484,-0.0578,0.0055,-0.0484
172851841834261,0.0669,-0.0328,-0.053099997,0.0669,-0.0328,-0.053099997
172851851843636,0.056599997,-0.052199997,-0.0506,0.056599997,-0.052199997,-0.0506
172851861824886,0.0074,-0.0026999998,-0.0453,0.0074,-0.0026999998,-0.0453
172851871835824,0.076299995,0.0267,-0.0633,0.076299995,0.0267,-0.0633
172851881845199,0.0263,-0.0411,-0.0072,0.0263,-0.0411,-0.0072
172851891826449,0.026899999,-0.0413,-0.0075999997,0.026899999,-0.0413,-0.0075999997
172851901837386,0.016999999,-0.021399999,-0.0047,0.016999999,-0.021399999,-0.0047
172851911817074,0.018,-0.011399999,-0.0396,0.018,-0.011399999,-0.0396
172851921828011,0.037299998,-0.030499998,-0.0338,0.037299998,-0.030499998,-0.0338
172851931838949,0.0376,-0.0398,-0.0061999997,0.0376,-0.0398,-0.0061999997
172851941818636,0.0186,-0.0101,-0.0015,0.0186,-0.0101,-0.0015
172851951829574,0.0,-0.0195,-0.0139,0.0,-0.0195,-0.0139
172851961840511,-0.0561,-0.039,-0.0273,-0.0561,-0.039,-0.0273
172851971820199,-0.054899998,-0.0191,-0.021699999,-0.054899998,-0.0191,-0.021699999
172851981831136,0.0426,-0.008599999,-0.0438,0.0426,-0.008599999,-0.0438
172851991843636,0.1223,-0.0184,-0.06,0.1223,-0.0184,-0.06
172852001823324,0.062299997,0.0021,-0.080699995,0.062299997,0.0021,-0.080699995
172852011834261,-0.0433,-0.0177,-0.0201,-0.0433,-0.0177,-0.0201
172852021845199,-0.2113,-0.0285,0.0233,-0.2113,-0.0285,0.0233
172852031824886,-0.16,7.0E-4,-0.0422,-0.16,7.0E-4,-0.0422
172852041835824,-0.030399999,9.999999E-4,-0.0349,-0.030399999,9.999999E-4,-0.0349
172852051846761,0.0581,-0.047399998,-0.057499997,0.0581,-0.047399998,-0.057499997
172852061826449,0.0087,-0.0368,-0.0486,0.0087,-0.0368,-0.0486
172852071838949,-0.1582,-0.036,-0.0109,-0.1582,-0.036,-0.0109
172852081818636,-0.1629,-0.0166,-0.0046,-0.1629,-0.0166,-0.0046
172852091829574,-0.0951,0.0233,0.022699999,-0.0951,0.0233,0.022699999
172852101840511,-0.1503,-0.025799999,0.047,-0.1503,-0.025799999,0.047
172852111820199,0.0037999998,-0.0343,-0.0713,0.0037999998,-0.0343,-0.0713
172852121831136,0.2674,0.0077,-0.1085,0.2674,0.0077,-0.1085
172852131842074,0.3342,-0.04,-0.0984,0.3342,-0.04,-0.0984
172852141821761,0.3328,-0.0761,-0.17279999,0.3328,-0.0761,-0.17279999
172852151832699,-0.2058,0.042099997,-0.106,-0.2058,0.042099997,-0.106
172852161843636,-0.24589999,0.0411,-0.0326,-0.24589999,0.0411,-0.0326
172852171823324,-0.109,0.0415,0.15699999,-0.109,0.0415,0.15699999
172852181835824,0.0448,-0.0857,0.1634,0.0448,-0.0857,0.1634
172852191846761,0.0925,-0.1048,0.1273,0.0925,-0.1048,0.1273
172852201826449,0.174,-0.0251,0.0998,0.174,-0.0251,0.0998
172852211837386,0.1643,-0.014699999,0.016999999,0.1643,-0.014699999,0.016999999
172852221817074,0.103099994,0.035099998,0.0708,0.103099994,0.035099998,0.0708
172852231828011,0.0748,0.065299995,-0.0176,0.0748,0.065299995,-0.0176
172852241838949,-0.058599997,0.046,-0.026999999,-0.058599997,0.046,-0.026999999
172852251818636,-0.2826,0.0075999997,-0.1437,-0.2826,0.0075999997,-0.1437
172852261829574,-0.44399998,-0.081199996,-0.1655,-0.44399998,-0.081199996,-0.1655
172852271842074,0.3303,-0.051099997,-0.119799994,0.3303,-0.051099997,-0.119799994
172852281820199,0.45069999,-0.0861,-0.1453,0.45069999,-0.0861,-0.1453
172852291831136,0.0391,-0.105399996,-0.0637,0.0391,-0.105399996,-0.0637
