49508661526333,0.019320965,-0.050210953,-0.041275978
49508669491421,0.052212,-0.14445734,-0.11854935
49508677364956,0.038138628,-0.10233688,-0.08291197
49508685238492,-0.020085335,0.05724287,0.04462576
49508693203580,-0.0436306,0.13788366,0.10727501
49508701107632,-0.044977665,0.16687393,0.12900877
49508708981167,-0.058523178,0.23486614,0.18227243
49508716854703,-0.059672117,0.24344969,0.18935204
49508724728238,-0.05577755,0.19681835,0.15299511
49508732662808,-0.06013584,0.19367695,0.15106678
49508740536343,-0.05419731,0.1710825,0.13424826
49508748501431,-0.028236866,0.092092514,0.07286739
49508756405484,-0.031718254,0.11628723,0.09190893
49508764309537,-0.036861062,0.13976145,0.10891771
49508772274624,-0.02209115,0.0807066,0.061256886
49508780148160,-0.011112452,0.037301064,0.028132439
49508788082730,-0.008040905,0.027487278,0.019964695
49508795986783,-0.031738043,0.11421299,0.078969
49508803860318,-0.040845394,0.16143894,0.105018616
49508811764371,-0.040168405,0.18672562,0.10772276
49508819668423,-0.07462895,0.37157726,0.1836586
49508827633511,-0.062371492,0.2749977,0.11881614
49508835507046,-0.0066833496,0.032198906,0.012894392
49508843380581,-0.014680743,0.08680439,0.031190634
49508851376187,-0.082656145,0.5553036,0.18243837
49508859249722,-0.13758826,1.0222635,0.28577638
49508867184292,-0.22608519,1.5127115,0.3331859
49508875088345,-0.2936164,1.6267376,0.21709168
49508882992398,-0.3036338,1.4679174,0.08996934
49508890957486,-0.26172447,0.9194355,-0.034260273
49508898831021,-0.544997,1.3850641,-0.20031977
49508906704556,-1.1218967,2.5570784,-0.60443187
49508914608609,-0.97248435,3.4033623,-1.0018694
49508922512662,-0.9331409,4.9890623,-1.5235977
49508930477749,-0.82795846,6.9459953,-1.3376235
49508938351285,-0.19665281,8.979205,-2.7086246
49508946285855,0.19508125,9.83534,-3.0809147
49508954159390,-0.021865794,9.248885,-4.0571675
49508962032925,-0.55720747,9.78506,-5.365583
49508969967496,-1.2418739,10.255048,-6.0842834
49508977871548,-1.2270412,9.673984,-6.517135
49508985714566,-0.2068355,10.009023,-5.3584456
49508993618619,1.0760336,9.418466,-6.015296
49509001492154,1.7261345,7.9724474,-3.4000657
49509009487759,2.391394,6.7705317,-0.9160913
49509017361294,1.235616,3.8101606,-0.49704027
49509025295865,0.83687735,1.9276114,0.121849656
49509033199917,0.26049805,0.7260885,0.23070717
49509041073453,-0.035244226,-0.1785841,-0.10515833
49509049038540,-0.0011279583,0.002860546,0.0031394958
49509056942593,-0.50601053,0.47033215,0.6861453
49509064846646,-1.2975669,0.99866724,1.7288418
49509072750699,-1.0279083,0.76940084,1.5502276
49509080624234,-0.820663,0.5771344,1.1790905
49509088589322,-0.7139144,0.48978877,1.0015359
49509096462857,-0.7740288,0.5038841,1.0130534
49509104397427,-0.19735861,0.13968945,0.27370977
49509112301480,0.029861927,-0.02338314,-0.04069805
49509120175015,0.512887,-0.73142004,-0.9015522
49509128109585,0.4574194,-1.1695509,-1.0578418
49509135983121,0.5209749,-1.2250633,-0.9568896
49509143948208,0.60519934,-1.4893827,-0.8737464
49509151791226,0.50493836,-1.5021672,-0.6445813
49509159664761,0.33692706,-1.3673868,-0.4741776
49509167599331,0.18282855,-1.624918,-0.4528122
49509175472867,-0.12448853,-1.6212778,-0.31122303
49509183376919,-0.25617528,-1.0568314,-0.17977774
49509191280972,-0.25801945,-0.72006893,-0.1009959
49509199154507,-0.36001825,-0.5407233,0.37850475
49509207089078,0.6672697,0.7303891,-0.5781002
49509214993130,2.869368,3.0622597,-3.5089068
49509222958218,3.553739,10.023462,0.07722714
49509230801236,-1.1438079,8.048987,-0.06402652
49509243801724,0.29281494,5.8392296,-0.6970068
49509251675259,2.080282,9.5580225,-1.151712
49509259640347,1.0850794,7.4188766,-1.2429249
49509267544400,1.0920932,8.675372,-1.431878
49509275417935,1.0140835,8.322815,-1.4210734
49509283321988,0.4436676,7.0935993,-1.4256375
49509291226040,0.75217414,6.9168053,-1.578964
49509299130093,1.3022374,7.184,-1.4758656
49509307003628,1.4839042,7.2317924,-1.2796048
49509314907681,1.2836845,6.4591503,-1.1826527
49509322842251,1.1618699,5.675235,-1.1528772
49509330715787,1.2242045,4.945822,-1.0821834
49509338680874,1.377696,4.5022364,-1.0915651
49509346554410,1.2589805,4.0348873,-0.9712472
49509354427945,1.108222,3.6396265,-0.92783403
49509362393033,1.3846772,3.8228378,-0.90431476
49509370236050,2.1243026,4.8603,-1.1568489
49509378201138,3.0446749,6.19242,-1.4172363
49509386105191,4.0969105,7.6308413,-1.3961644
49509393978726,4.5327287,8.1504755,-1.1504523
49509401974331,4.0642004,7.0995092,-1.0147228
49509409847867,3.6551676,5.462926,-0.99044347
49509417812955,3.389954,5.451273,-0.5153207
49509425717007,1.9048219,3.8742647,-0.42810637
49509433590542,1.5682292,2.3117151,-0.100369126
49509441555630,1.8055601,2.243617,-0.027175747
49509449398648,2.608273,2.1691222,-0.45277536
49509457363736,5.0167313,2.5732756,-1.3337646
49509465267788,4.81981,2.2525854,-2.0117714
49509473141324,1.7502003,1.3714709,-1.5211039
49509481106412,0.030394435,0.09160137,-0.1257639
49509488979947,-0.17776203,0.5811,-0.8391614
49509496914517,-1.2821312,1.0431523,-1.6812005
49509504757535,-4.9645853,0.8240341,-2.8052592
49509512661587,-7.2797413,-0.5291664,-2.496152
49509520596158,1.7375255,0.014116496,1.1299033
49509528469693,-3.4718168,-1.2273602,5.4571066
49509536404263,-3.7432609,0.034875352,2.2862592
49509544308316,-3.2744799,0.12282528,1.1184978
49509552242886,-3.570499,0.16617489,1.3339779
49509560207974,-4.1264086,0.6469369,4.7646046
49509568112027,1.4842103,-0.13157916,6.5736814
49509575955044,3.023157,-0.46833727,4.3159933
49509583859097,2.426165,-0.5768311,2.4715686
49509591763150,1.4060278,-0.27927244,1.0832553
49509599728238,0.79260826,-0.054037005,0.77398777
49509607632290,0.5891409,-0.031801358,1.0232067
49509615566861,2.249535,-2.1020947,3.4037924
49509623440396,1.1754746,-4.1092067,1.209173
49509631374966,-0.20363128,-2.2169104,1.5719252
49509639340054,0.001024723,0.0022878647,-0.0018210411
49509647213589,3.0336366,4.951549,-2.584521
49509655087124,3.8941453,8.307278,-3.5309815
49509662960660,-5.4750395,7.742668,-3.5203302
49509670834195,-11.000578,6.806093,-4.3638954
49509678799283,-11.2680435,6.2299776,-5.7934666
49509686672818,-10.157113,4.249201,-6.2552958
49509694637906,-8.268416,3.4731874,-5.51169
49509702511441,-5.0041428,5.2324877,-4.1332455
49509710384976,-3.4816322,7.072587,-2.7902832
49509718350064,-2.4179816,7.994485,-1.6857369
49509726223599,-0.55488753,8.64176,-0.8292105
49509734188687,0.9625349,8.678652,-0.18306541
49509742062222,1.2861977,8.058479,0.59170985
49509749935757,-0.14935446,7.170026,0.58031034
49509757870328,-2.1874785,6.370899,0.60198855
49509765743863,-3.7296154,5.936223,1.6150877
49509773708951,-5.3396482,6.000718,3.039421
49509781582486,-5.987937,5.030447,1.8157798
49509789456021,-4.430343,5.156517,4.5953393
49509797451626,-3.6971774,5.6081486,5.4152374
49509805355679,-3.3659008,5.712268,6.5405035
49509813320767,-3.522793,5.346756,7.8445396
49509821194302,-3.8666449,4.6622534,8.652956
49509829098355,-3.7145052,4.012595,8.686468
49509837063443,-3.5126395,3.7485123,9.380428
49509844936978,-3.8836522,3.569868,9.084019
49509852779996,-4.2849913,3.509366,8.06689
49509860653531,-4.92362,3.2792587,7.761141
49509868527066,-5.318384,3.365491,8.830545
49509876461636,-6.1046886,3.0110512,4.7350645
49509884396206,-6.9357295,2.7219296,5.545631
49509892330777,-8.266503,1.6948748,1.6983509
49509900204312,-8.549296,1.0358553,1.6024233
49509908138882,-6.465027,2.0508375,0.3550459
49509916103970,-4.7259836,3.2562332,-0.8657348
49509924008023,-2.2410657,4.873681,-1.8709686
49509931851040,-0.015780449,6.8386393,-3.224825
49509939724576,1.261802,8.138176,-5.3154917
49509947598111,1.2008494,8.679715,-7.3169985
49509955532681,1.3990397,8.103713,-9.51307
49509963467251,3.977518,6.1240044,-11.627416
49509971401822,8.425623,3.2100067,-11.778334
49509979305874,7.7347145,0.08643532,-11.146484
49509987240445,3.908363,-0.48942184,-9.275924
49509995175015,2.1056528,1.5179281,-8.92318
49510003079068,0.55223644,3.3426256,-8.997175
49510010952603,-3.146595,3.4377117,-7.4922295
49510018856656,-4.9096937,2.7141504,-8.72501
49510026760708,-3.8921833,1.3683891,-9.24853
49510034725796,-5.2005086,-0.5403943,-9.668753
49510042599331,-5.5134363,-1.7526059,-8.292321
49510050533902,-0.52315646,-1.024445,-6.971097
49510058407437,5.1852813,-0.45867205,-5.6686215
49510066311490,7.9087963,-1.9069314,-5.969729
49510074246060,9.750881,-3.4281688,-5.9286284
49510082150113,9.030489,-3.9454956,-8.001877
49510090084683,6.4427934,-4.337105,-11.136574
49510097958218,2.760915,-3.5851107,-11.652881
49510105831753,-2.1221976,-3.8425283,-11.705941
49510113766324,-6.157153,-3.3046598,-11.030626
49510121639859,-9.254331,-2.819018,-9.1429405
49510129513394,-8.055313,-1.3865604,-7.8012505
49510137417447,-5.1850133,-0.17795086,-6.881638
49510145290982,-2.7164035,-0.010518074,-5.4817905
49510153256070,0.85274696,-0.28102112,-4.618612
49510161129605,4.08508,-0.64642715,-3.8408017
49510169064175,5.5187616,-0.62220764,-3.1101382
49510176937710,4.360632,-0.30293465,-3.2070448
49510184811246,2.4219248,-0.19107723,-2.057746
49510192745816,1.4983581,-0.29706383,4.429188
49510200619351,-0.12010667,0.24385929,3.022502
49510208584439,-2.298376,2.2675552,0.46076035
49510216457974,-5.5541453,3.0900574,1.0491166
49510224362027,-8.736512,4.7808247,1.8148627
49510232296597,-7.1294985,3.9560623,3.0906272
49510240200650,-4.7882605,1.6786022,3.483149
49510248135220,-3.5123477,0.59061146,3.8877642
49510256039273,-2.731453,0.5989561,4.223501
49510263912808,-3.3520014,1.0209332,4.6939144
49510271847378,-3.080194,1.7007322,5.441332
49510279720913,-3.0832872,2.4051752,5.500188
49510287686001,-3.4536994,2.4013796,5.439562
49510295590054,-3.8485215,2.1320095,5.2679605
49510303463589,-3.9376483,1.4598246,4.908687
49510311428677,-3.4989684,0.65250397,4.286356
49510319271695,-3.6190567,-0.1318512,4.131258
49510327236783,-4.1872506,-0.41941166,3.5418005
49510335140835,-4.6752157,-0.8200016,3.0069537
49510343014371,-3.8072672,-0.65704536,2.535684
49510350979458,-2.789067,-0.341156,2.193129
49510358852994,-2.1972494,-0.2465353,2.0935225
49510366787564,-1.7323182,-0.21592808,1.6568196
49510374691617,-0.7337498,-0.4402609,1.3336148
49510382565152,-0.118067145,-0.72630787,0.6922109
49510390499722,-0.09070897,-1.0623894,0.39402866
49510398373257,-0.0843513,-1.3292575,0.13588691
49510406277310,0.1631642,-1.5320859,-0.15843415
49510414150845,0.09619987,-1.7000885,-0.61728954
49510422024380,-0.059366822,-1.7688656,-0.7115946
49510429989468,-0.31234753,-1.7520308,-0.46698403
49510437832486,-0.26268446,-1.6324682,-0.4014356
49510445767056,0.030461311,-1.3634505,-0.2065134
49510453640591,0.37254387,-0.9225931,0.40118814
49510461483609,-0.08147192,-0.4718418,0.3557415
49510469448697,-0.2653309,-0.36869144,0.57515097
49510477352749,-0.114160776,-0.39047718,0.5591271
49510485317837,-0.27920437,-0.69532585,0.525877
49510493191372,-0.7506136,-1.1395783,0.41246462
49510501064908,-1.3032823,-1.4313288,0.24252057
49510509029996,-1.3793396,-1.6782827,-0.09504247
49510516903531,-1.383149,-1.8713236,-0.09710932
49510524868619,-1.6114463,-1.7650647,-0.23949671
49510532772671,-1.5472617,-1.5368905,-0.009447336
49510540676724,-1.3794857,-1.1225576,0.2205813
49510548641812,-1.1547207,-0.856822,0.5984318
49510556515347,-0.7935629,-0.51221275,0.9063175
49510564480435,-0.2218926,-0.22552967,1.2934363
49510572323453,0.025507808,-0.0059919357,1.5823259
49510580196988,0.11868596,0.12053013,1.7991395
49510588131558,0.41270196,0.18537807,2.0130677
49510596066128,0.23552,0.011313438,1.9612122
49510604000699,0.038306832,-0.021368027,1.8690233
49510611904751,-0.34631157,-0.20650578,1.7781913
49510619778287,-0.6757109,-0.496377,1.7603304
49510627743374,-0.92914903,-0.8221235,1.4884901
49510635616910,-1.1855519,-1.1548133,1.4578292
49510643581997,-0.97958624,-1.1792865,1.1047325
49510651455533,-0.986161,-0.9671707,1.0704575
49510659298550,-1.0505701,-0.8245802,1.0842474
49510667233121,-0.9423412,-0.70609474,1.0890219
49510675106656,-0.97842586,-0.5369749,1.0793915
49510683010708,-0.9096663,-0.50324726,1.2405779
49510690884244,-0.8229252,-0.33936787,1.3453827
49510698788296,-0.59868276,-0.2781086,1.4763479
49510706722867,-0.73378706,-0.2785988,1.6359453
49510714596402,-0.84841263,-0.20466995,1.6425734
49510722561490,-0.6536385,-0.17981815,1.4737282
49510730465542,-0.659219,-0.23672295,1.0545893
49510738369595,-0.9931239,-0.36496162,0.6785445
49510746334683,-1.1100596,-0.6508312,0.61411524
49510754208218,-1.160503,-0.97528124,0.09871292
49510762081753,-0.6794132,-1.2327595,-0.08956146
49510769955288,-0.22190309,-1.1832428,-0.35780144
49510777828824,-0.15760577,-0.9776454,-0.4613943
49510785763394,-0.04728198,-0.8231635,-0.31364584
49510793636929,-0.008198619,-0.69538975,-0.30005503
49510801602017,0.007871866,-0.49651718,-0.45344067
49510809475552,0.10847628,-0.22338486,-0.17924881
49510817349087,0.09015143,0.09621143,0.28712225
49510825314175,0.0046093464,0.4328661,0.051062107
49510833218228,0.36494958,0.3212366,0.21275854
49510841183316,0.2192539,0.19882488,-0.057009697
49510849056851,-0.41260707,-0.2929945,-0.29679346
49510856930386,-0.5819129,-0.7969699,-0.4364786
49510864864956,-0.4559294,-1.0231533,-0.26913214
49510872769009,-0.8027457,-0.9705734,-0.34357786
49510880642544,-0.87457883,-0.95649195,-0.02233696
49510888516080,-0.21552372,-0.5110822,0.30607605
49510896420132,-0.040302992,0.0102033615,0.6611085
49510904385220,-0.048673987,0.49143887,0.94909954
49510912258755,0.09979832,0.5481558,0.98381424
49510920193326,0.019671917,0.325675,0.8533149
49510928097378,0.13259661,-0.041499138,1.0740032
49510935970913,-0.17710125,-0.11614418,0.6154814
49510943874966,-0.55421674,-0.30620766,0.6644411
49510951779019,-0.6626103,-0.6542311,-0.30153847
49510959652554,-0.89715505,-1.0575876,-0.1849432
49510967495572,-1.3505085,-1.207344,-0.4067068
49510975338589,-1.9834819,-1.093246,-0.5930505
49510983273160,-1.2640691,-0.89123917,-0.27275133
49510991146695,-0.2308929,-0.2563753,-0.12918854
49510999142300,0.005520582,-0.09749699,0.6426759
49511006985318,0.16030335,-0.22876263,0.6406803
49511014889371,0.3730495,-0.5955982,0.5228691
49511022854458,0.4690143,-1.0123711,0.69494915
49511030697476,-0.3638245,-1.1271167,0.26699543
49511038662564,-1.2909503,-0.9829216,0.4969592
49511046566617,-1.5667249,-0.7460432,0.07073593
49511054470669,-1.7800978,-0.5751476,-0.29423904
49511062435757,-1.5167528,-0.6516223,-0.3149519
49511070309292,-1.390559,-0.7043643,-0.18569183
49511078182828,-1.3094925,-0.70908403,-0.32321978
49511086056363,-0.9692869,-0.58854103,0.09512091
49511093929898,-0.74866045,-0.22560072,0.2659726
49511101925503,-0.9249984,0.13790321,0.11289883
49511109799038,-0.55292594,0.012381554,0.75664043
49511117764126,-0.29182613,-0.16324711,0.56519175
49511125607144,-0.58605134,-0.36250496,0.53948355
49511133511197,-0.5120195,-0.6023288,0.64844847
49511141476285,-0.408314,-0.6179395,0.8430028
49511149380337,-0.5679593,-0.5679431,0.58356667
49511157223355,-0.80153584,-0.50736475,0.43281794
49511165127408,-0.9641957,-0.5869107,0.430768
49511173000943,-1.3366673,-0.70822954,0.3326702
49511180996548,-1.8287356,-0.89796066,0.295403
49511188931119,-1.8262994,-0.75465775,0.030182838
49511196865689,-1.4384625,-0.5746932,0.33572817
49511204769742,-1.0923629,-0.22937584,0.78048754
49511212765347,-0.7446487,0.0624609,1.0608082
49511220699917,-0.37764597,0.3414936,1.0143971
49511228573453,0.19084191,0.35314465,0.9631829
49511236477505,0.36173224,0.28728485,0.77850866
49511244351040,-0.04044652,0.107437134,0.61496687
49511252255093,0.005259514,-0.099933624,0.4068265
49511260189663,0.10719037,-0.31675768,-0.014919281
49511268124234,0.12815905,-0.47097874,-0.21285391
49511276058804,0.13995957,-0.53804445,-0.049086094
49511283932339,0.3021357,-0.49285793,-0.2882886
49511291866910,0.716032,-0.2962618,-0.3639636
49511299801480,1.2769274,-0.05649805,0.0049333572
49511307675015,1.1048737,0.31695127,-0.1428566
49511315609585,0.690495,0.2626071,-0.12813425
49511323483121,0.89755297,0.08882666,-0.6375389
49511331387173,1.2860862,-0.17490053,-0.026901245
49511339352261,0.8958049,-0.4168806,-0.757607
49511347225796,0.35152078,-0.48527718,-0.22044611
49511355190884,0.1295526,-0.4345379,-0.51251936
49511363064419,-0.025122881,-0.45891,-0.527792
49511370937955,-0.15381885,-0.68285084,-0.41264868
49511378903042,-0.1472385,-0.8314209,-0.15728903
49511386776578,0.10136771,-0.610744,-0.10119867
49511394680630,0.3642285,-0.1502204,0.1722498
49511402584683,0.72846067,0.3685398,0.5217023
49511410519253,0.9054533,0.5266595,0.38483906
49511418484341,1.1066376,0.38456726,0.14180183
49511426357876,1.2384808,0.257195,-0.0801239
49511434322964,0.3891977,0.1953206,-0.058072567
49511442196499,0.0076851845,0.4454794,0.30294275
49511450070035,-0.0044903755,0.90237236,0.13385677
49511458035122,0.22217846,0.9454179,0.238338
49511465939175,0.29518497,0.6483393,0.29878712
