26274308831924,-2.8752536E-4,0.025082588,-0.0013831258,-2.8752536E-4,0.025082588,-0.0013831258
26274316735977,-6.0768425E-4,0.035022736,-0.0010896921,-6.0768425E-4,0.035022736,-0.0010896921
26274324609512,4.3708086E-4,-0.019599915,5.195737E-4,4.3708086E-4,-0.019599915,5.195737E-4
26274332513565,6.3180923E-4,-0.04512596,0.0023836493,6.3180923E-4,-0.04512596,0.0023836493
26274340356582,0.0076697916,-0.016363144,0.0060375333,0.0076697916,-0.016363144,0.0060375333
26274348291153,-1.4207512E-4,0.014332771,-5.9983134E-4,-1.4207512E-4,0.014332771,-5.9983134E-4
26274356164688,1.378581E-4,-0.014328003,5.493462E-4,1.378581E-4,-0.014328003,5.493462E-4
26274364038223,2.6322156E-4,-0.027220726,0.0010634363,2.6322156E-4,-0.027220726,0.0010634363
26274371942276,-0.007899232,-0.039203644,0.0058079064,-0.007899232,-0.039203644,0.0058079064
26274379876846,3.124848E-4,-0.03464985,0.0012613237,3.124848E-4,-0.03464985,0.0012613237
26274387750381,4.5903027E-5,-0.006105423,2.0873547E-4,4.5903027E-5,-0.006105423,2.0873547E-4
26274395654434,-3.9175153E-5,-0.0032777786,-5.155802E-6,-3.9175153E-5,-0.0032777786,-5.155802E-6
26274403558487,6.5431E-5,-0.014565468,5.1662326E-4,6.5431E-5,-0.014565468,5.1662326E-4
26274411462539,4.1803718E-4,-0.026591301,0.0011530817,4.1803718E-4,-0.026591301,0.0011530817
26274419366592,2.0237267E-4,-0.018788338,9.328425E-4,2.0237267E-4,-0.018788338,9.328425E-4
26274427270645,9.996146E-4,-0.05015087,0.002580285,9.996146E-4,-0.05015087,0.002580285
26274435144180,0.002215892,-0.07063484,0.003653586,0.002215892,-0.07063484,0.003653586
26274443048233,4.657209E-4,-0.01840496,0.0012001991,4.657209E-4,-0.01840496,0.0012001991
26274450921768,-5.6259334E-4,0.030026436,-0.0012882054,-5.6259334E-4,0.030026436,-0.0012882054
26274458795303,-2.4844706E-4,0.03616333,-0.0013715327,-2.4844706E-4,0.03616333,-0.0013715327
26274466699356,1.2648106E-4,-0.004904747,2.8184056E-4,1.2648106E-4,-0.004904747,2.8184056E-4
26274474603408,-2.6755035E-5,0.003074646,-9.9509954E-5,-2.6755035E-5,0.003074646,-9.9509954E-5
26274482476944,-2.1502376E-5,0.0017271042,-6.312132E-5,-2.1502376E-5,0.0017271042,-6.312132E-5
26274490380996,2.5233626E-4,-0.017225266,7.265806E-4,2.5233626E-4,-0.017225266,7.265806E-4
26274498285049,5.3326786E-4,-0.022393227,0.0012417436,5.3326786E-4,-0.022393227,0.0012417436
26274506158584,5.669445E-4,-0.018583298,0.0010319352,5.669445E-4,-0.018583298,0.0010319352
26274514032119,-6.7055225E-6,0.0024290085,-8.34465E-5,-6.7055225E-6,0.0024290085,-8.34465E-5
26274521905654,-8.1926584E-5,0.0040979385,-2.0000339E-4,-8.1926584E-5,0.0040979385,-2.0000339E-4
26274529809707,5.875975E-4,-0.027929306,0.0012747347,5.875975E-4,-0.027929306,0.0012747347
26274537713760,7.594228E-4,-0.03023529,0.0012174547,7.594228E-4,-0.03023529,0.0012174547
26274545648330,2.97606E-4,-0.011805534,4.5138597E-4,2.97606E-4,-0.011805534,4.5138597E-4
26274553521865,-2.747178E-4,0.011316299,-4.2882562E-4,-2.747178E-4,0.011316299,-4.2882562E-4
26274561425918,3.9160252E-4,-0.014855385,7.169843E-4,3.9160252E-4,-0.014855385,7.169843E-4
26274569329971,6.930828E-4,-0.022922516,0.0010734797,6.930828E-4,-0.022922516,0.0010734797
26274577203506,5.02795E-4,-0.018379211,7.469058E-4,5.02795E-4,-0.018379211,7.469058E-4
26274585107559,5.1930547E-5,-0.0049352646,1.7359853E-4,5.1930547E-5,-0.0049352646,1.7359853E-4
26274592981094,1.1167675E-4,-0.012104988,4.46409E-4,1.1167675E-4,-0.012104988,4.46409E-4
26274600854629,5.69582E-4,-0.03882885,0.0015064478,5.69582E-4,-0.03882885,0.0015064478
26274608758682,0.0011408329,-0.042871475,0.0017974377,0.0011408329,-0.042871475,0.0017974377
26274616662735,6.145239E-4,-0.019217491,7.1543455E-4,6.145239E-4,-0.019217491,7.1543455E-4
26274624566787,-5.5518746E-4,0.021029472,-7.379353E-4,-5.5518746E-4,0.021029472,-7.379353E-4
26274632470840,5.014241E-4,-0.029382706,6.707907E-4,5.014241E-4,-0.029382706,6.707907E-4
26274640374893,8.7521225E-4,-0.097130775,0.0032209158,8.7521225E-4,-0.097130775,0.0032209158
26274648278945,-1.1982862E-5,0.0358572,-0.0019518733,-1.1982862E-5,0.0358572,-0.0019518733
26274656152481,-3.3660978E-4,0.05452919,-0.0026331544,-3.3660978E-4,0.05452919,-0.0026331544
26274664056533,0.0020785183,-0.09048748,0.0035380125,0.0020785183,-0.09048748,0.0035380125
26274671960586,0.002937436,-0.10094261,0.0045594573,0.002937436,-0.10094261,0.0045594573
26274679864639,8.5893273E-4,-0.036611557,0.0012688339,8.5893273E-4,-0.036611557,0.0012688339
26274687768692,3.488958E-4,-0.017807007,7.331073E-4,3.488958E-4,-0.017807007,7.331073E-4
26274695642227,9.730458E-5,-0.0053367615,2.1541119E-4,9.730458E-5,-0.0053367615,2.1541119E-4
26274703546279,-4.401803E-5,0.0029392242,-1.5217066E-4,-4.401803E-5,0.0029392242,-1.5217066E-4
26274711450332,5.315244E-4,-0.025734901,0.0010982156,5.315244E-4,-0.025734901,0.0010982156
26274719323867,0.0014443398,-0.04483986,0.0030765831,0.0014443398,-0.04483986,0.0030765831
26274727227920,5.426705E-4,-0.033260345,0.0013758838,5.426705E-4,-0.033260345,0.0013758838
26274735131973,2.874881E-4,-0.022691727,0.0010764003,2.874881E-4,-0.022691727,0.0010764003
26274743036026,2.84791E-4,-0.021165848,0.0010487735,2.84791E-4,-0.021165848,0.0010487735
26274750970596,4.877299E-4,-0.021819115,7.8490376E-4,4.877299E-4,-0.021819115,7.8490376E-4
26274758844131,2.4415553E-4,-0.011969566,3.5724044E-4,2.4415553E-4,-0.011969566,3.5724044E-4
26274766748184,-0.0015243143,0.014410019,3.464222E-4,-0.0015243143,0.014410019,3.464222E-4
26274774652237,-1.8182397E-4,0.009585381,-4.6151876E-4,-1.8182397E-4,0.009585381,-4.6151876E-4
26274782525772,-2.0864606E-4,0.010903358,-5.531907E-4,-2.0864606E-4,0.010903358,-5.531907E-4
26274790429824,7.456541E-4,-0.030636787,0.001411289,7.456541E-4,-0.030636787,0.001411289
26274798303360,0.0010493994,-0.04768181,0.002153337,0.0010493994,-0.04768181,0.002153337
26274806207412,6.7539513E-4,-0.037239075,0.0014851689,6.7539513E-4,-0.037239075,0.0014851689
26274814141983,-9.980798E-5,0.0045776367,-1.9484758E-4,-9.980798E-5,0.0045776367,-1.9484758E-4
26274822015518,-3.6932528E-4,0.012285233,-3.246069E-4,-3.6932528E-4,0.012285233,-3.246069E-4
26274829889053,2.8131902E-4,-0.022084236,9.4893575E-4,2.8131902E-4,-0.022084236,9.4893575E-4
26274837793106,5.4869056E-4,-0.032622337,0.0015228689,5.4869056E-4,-0.032622337,0.0015228689
26274845697158,4.221648E-4,-0.022426605,0.0010689497,4.221648E-4,-0.022426605,0.0010689497
26274853570694,4.235357E-4,-0.027571678,0.0011094809,4.235357E-4,-0.027571678,0.0011094809
26274861474746,3.3085048E-4,-0.02610588,9.175539E-4,3.3085048E-4,-0.02610588,9.175539E-4
26274869378799,-0.008860648,-0.026050568,-0.0016319156,-0.008860648,-0.026050568,-0.0016319156
26274877252334,3.0511618E-4,-0.016525269,5.644858E-4,3.0511618E-4,-0.016525269,5.644858E-4
26274885156387,1.3485551E-4,-0.0075569153,3.0091405E-4,1.3485551E-4,-0.0075569153,3.0091405E-4
26274893060440,5.8951974E-4,-0.021849632,8.196533E-4,5.8951974E-4,-0.021849632,8.196533E-4
26274900933975,2.078563E-4,-0.010025978,3.039837E-4,2.078563E-4,-0.010025978,3.039837E-4
26274908838028,-2.7951598E-4,0.018463135,-6.2021613E-4,-2.7951598E-4,0.018463135,-6.2021613E-4
26274916742080,-2.367869E-4,0.020636559,-6.8965554E-4,-2.367869E-4,0.020636559,-6.8965554E-4
26274924615615,-6.8344176E-5,0.00538826,-1.2642145E-4,-6.8344176E-5,0.00538826,-1.2642145E-4
26274932489151,2.9088557E-4,-0.018234253,8.2981586E-4,2.9088557E-4,-0.018234253,8.2981586E-4
26274940393203,3.56704E-4,-0.012623787,5.7685375E-4,3.56704E-4,-0.012623787,5.7685375E-4
26274948297256,-0.0015073717,-0.012479782,0.004524946,-0.0015073717,-0.012479782,0.004524946
26274956170791,0.003709361,0.0020284653,-0.005883336,0.003709361,0.0020284653,-0.005883336
26274964074844,4.3205917E-4,-0.022091866,0.0011028647,4.3205917E-4,-0.022091866,0.0011028647
26274971978897,3.5881996E-4,-0.03339672,0.0020461082,3.5881996E-4,-0.03339672,0.0020461082
26274979882949,7.0402026E-4,-0.03554058,0.0016472936,7.0402026E-4,-0.03554058,0.0016472936
26274987787002,5.377829E-4,-0.029164314,0.0011857152,5.377829E-4,-0.029164314,0.0011857152
26274995660537,0.007883444,-0.04101467,0.00768739,0.007883444,-0.04101467,0.00768739
26275003564590,6.701499E-4,-0.038398743,0.0015468597,6.701499E-4,-0.038398743,0.0015468597
26275011438125,-6.301701E-5,0.009805679,-4.2271614E-4,-6.301701E-5,0.009805679,-4.2271614E-4
26275019372695,-4.5752525E-4,0.028410912,-7.391274E-4,-4.5752525E-4,0.028410912,-7.391274E-4
26275027276748,-0.0010120422,0.050481796,-0.0012446344,-0.0010120422,0.050481796,-0.0012446344
26275035150283,-0.004041001,0.19164276,-0.0015322939,-0.004041001,0.19164276,-0.0015322939
26275043054336,-0.005624771,0.26575756,0.0017443076,-0.005624771,0.26575756,0.0017443076
26275050927871,-0.0046149343,0.26214218,0.0053586513,-0.0046149343,0.26214218,0.0053586513
26275058801406,-0.0011639148,0.064798355,-9.303689E-4,-0.0011639148,0.064798355,-9.303689E-4
26275066705459,-1.4068186E-4,0.006972313,-3.799796E-5,-1.4068186E-4,0.006972313,-3.799796E-5
26275074578994,2.6020221E-5,0.027427673,3.941357E-4,2.6020221E-5,0.027427673,3.941357E-4
26275082483047,-0.0020344853,0.13055706,0.0029218197,-0.0020344853,0.13055706,0.0029218197
26275090387100,-0.003026396,0.13929367,0.004518181,-0.003026396,0.13929367,0.004518181
26275098321670,3.7228316E-4,-0.05220127,-0.005574584,3.7228316E-4,-0.05220127,-0.005574584
26275106256240,-0.004464574,-0.3725338,-0.02748251,-0.004464574,-0.3725338,-0.02748251
26275114129776,-0.0052172244,-0.30017376,-5.276669E-4,-0.0052172244,-0.30017376,-5.276669E-4
26275122033828,0.0011958778,0.030463219,0.0021911263,0.0011958778,0.030463219,0.0021911263
26275129937881,0.005292535,0.13900185,0.0032297373,0.005292535,0.13900185,0.0032297373
26275137841934,4.3819845E-4,0.075621605,-0.0031378865,4.3819845E-4,0.075621605,-0.0031378865
26275145745987,0.0020047203,-0.17888832,-0.0040127784,0.0020047203,-0.17888832,-0.0040127784
26275153650039,0.004128292,-0.3955965,0.010866374,0.004128292,-0.3955965,0.010866374
26275161554092,-0.00348375,-0.39100266,0.006262079,-0.00348375,-0.39100266,0.006262079
26275169458145,-0.0074275136,-0.3604803,0.0060272366,-0.0074275136,-0.3604803,0.0060272366
26275177362197,-0.0011119135,-0.26123333,0.01273495,-0.0011119135,-0.26123333,0.01273495
26275185266250,0.0026186854,-0.22282028,0.01271373,0.0026186854,-0.22282028,0.01271373
26275193139785,0.010274768,-0.22269154,0.012718618,0.010274768,-0.22269154,0.012718618
26275201043838,0.02716422,-0.37944221,0.0120869875,0.02716422,-0.37944221,0.0120869875
26275208917373,0.049765706,-0.51333714,0.057922482,0.049765706,-0.51333714,0.057922482
26275216821426,0.05435002,-0.5444946,0.07852912,0.05435002,-0.5444946,0.07852912
26275224725479,0.032286108,-0.5145273,0.04722905,0.032286108,-0.5145273,0.04722905
26275232660049,0.015155852,-0.46761322,0.03669828,0.015155852,-0.46761322,0.03669828
26275240533584,0.006071523,-0.4111328,0.07405329,0.006071523,-0.4111328,0.07405329
26275248407119,-0.003647618,-0.3924408,0.07610059,-0.003647618,-0.3924408,0.07610059
26275256311172,-0.006039083,-0.32450008,0.069880724,-0.006039083,-0.32450008,0.069880724
26275264215225,-0.0015113354,-0.17850018,0.043663025,-0.0015113354,-0.17850018,0.043663025
26275272119278,0.001094073,-0.033672333,0.008228302,0.001094073,-0.033672333,0.008228302
26275279992813,-0.015401304,0.20850658,-0.05827117,-0.015401304,0.20850658,-0.05827117
26275287866348,-0.014303207,0.14490032,-0.04256606,-0.014303207,0.14490032,-0.04256606
26275295800918,-9.713173E-4,0.009347916,-0.0025906563,-9.713173E-4,0.009347916,-0.0025906563
26275303674453,0.0039156675,-0.046295166,0.01252532,0.0039156675,-0.046295166,0.01252532
26275311547988,0.41302902,0.060977936,0.3195269,0.41302902,0.060977936,0.3195269
26275319452041,0.5798739,0.14843369,0.7748655,0.5798739,0.14843369,0.7748655
26275327356094,0.78743726,0.2089529,0.72578514,0.78743726,0.2089529,0.72578514
26275335260147,1.017441,0.22074795,1.2796458,1.017441,0.22074795,1.2796458
26275343164199,1.1758099,0.25823212,1.3767354,1.1758099,0.25823212,1.3767354
26275351007217,1.282211,0.39589024,1.0441767,1.282211,0.39589024,1.0441767
26275358911270,1.2418989,0.67463875,0.63917327,1.2418989,0.67463875,0.63917327
26275366815322,1.0462226,0.9268694,0.5229492,1.0462226,0.9268694,0.5229492
26275374719375,0.66600966,0.85808754,0.436476,0.66600966,0.85808754,0.436476
26275382623428,0.18387493,0.724946,0.3212917,0.18387493,0.724946,0.3212917
26275390527481,0.099827886,0.77341557,0.58533096,0.099827886,0.77341557,0.58533096
26275398431533,0.4153545,0.94365406,0.57042146,0.4153545,0.94365406,0.57042146
26275406305069,0.9346291,1.13556,0.16314077,0.9346291,1.13556,0.16314077
26275414209121,1.4121201,1.097333,0.3410673,1.4121201,1.097333,0.3410673
26275422113174,1.6686487,0.8215437,0.92370534,1.6686487,0.8215437,0.92370534
26275430017227,1.9162517,0.60053444,0.9975939,1.9162517,0.60053444,0.9975939
26275437921279,2.1322985,0.6088209,1.3449422,2.1322985,0.6088209,1.3449422
26275445794815,2.456835,0.73174,1.4281683,2.456835,0.73174,1.4281683
26275453698867,2.6077094,0.75851727,1.7281451,2.6077094,0.75851727,1.7281451
26275461602920,2.6501417,0.7593355,2.2780373,2.6501417,0.7593355,2.2780373
26275469537490,2.5104356,0.8157854,2.6666608,2.5104356,0.8157854,2.6666608
26275477411026,2.1794322,0.8726082,3.238021,2.1794322,0.8726082,3.238021
26275485284561,2.1324542,0.7810993,4.293127,2.1324542,0.7810993,4.293127
26275493188613,2.2474484,0.51060295,5.2278666,2.2474484,0.51060295,5.2278666
26275501092666,2.5967312,0.2557211,6.252825,2.5967312,0.2557211,6.252825
26275508966201,3.285898,0.062080383,7.9406347,3.285898,0.062080383,7.9406347
26275516900772,4.0778055,-0.028835297,9.695023,4.0778055,-0.028835297,9.695023
26275524804824,5.196599,0.29093075,10.821652,5.196599,0.29093075,10.821652
26275532708877,6.273841,1.0268612,11.351072,6.273841,1.0268612,11.351072
26275540612930,7.3132715,2.081193,10.609206,7.3132715,2.081193,10.609206
26275548486465,8.110701,3.0410986,8.017496,8.110701,3.0410986,8.017496
26275556360000,7.6270742,2.7864504,4.438813,7.6270742,2.7864504,4.438813
26275564233535,7.2744145,1.954874,1.573613,7.2744145,1.954874,1.573613
26275572137588,7.2557473,2.2840748,0.18838835,7.2557473,2.2840748,0.18838835
26275580072158,5.514988,3.7536612,1.9761574,5.514988,3.7536612,1.9761574
26275588006729,3.8753395,6.7796803,2.6763988,3.8753395,6.7796803,2.6763988
26275595880264,6.176228,8.363358,3.2561662,6.176228,8.363358,3.2561662
26275603753799,6.5328064,4.437665,0.67498684,6.5328064,4.437665,0.67498684
26275611657852,5.1752133,0.54011726,-0.9102268,5.1752133,0.54011726,-0.9102268
26275619531387,3.3206997,-0.9584193,-1.3363667,3.3206997,-0.9584193,-1.3363667
26275627435440,2.5262797,0.24059772,-0.19144249,2.5262797,0.24059772,-0.19144249
26275635339492,2.8315012,1.8188744,-0.41967058,2.8315012,1.8188744,-0.41967058
26275643213028,2.74936,1.6682062,-3.0707269,2.74936,1.6682062,-3.0707269
26275651147598,1.1458101,0.48683453,-3.225525,1.1458101,0.48683453,-3.225525
26275659021133,0.074191615,-0.5696125,-0.8701453,0.074191615,-0.5696125,-0.8701453
26275666894668,0.06711159,-1.1765347,-0.33085728,0.06711159,-1.1765347,-0.33085728
26275674798721,0.55464435,-1.4046345,-0.35463047,0.55464435,-1.4046345,-0.35463047
26275682702774,2.1670785,-1.133677,0.55742073,2.1670785,-1.133677,0.55742073
26275690606826,4.1470795,-0.8697691,1.29019,4.1470795,-0.8697691,1.29019
26275698480362,5.3554277,-0.712842,0.5561013,5.3554277,-0.712842,0.5561013
26275706323379,5.392284,-0.7404909,-0.79974985,5.392284,-0.7404909,-0.79974985
26275714227432,4.432952,-0.7390199,-0.71173143,4.432952,-0.7390199,-0.71173143
26275722131485,2.6142523,-0.97621727,-0.39298773,2.6142523,-0.97621727,-0.39298773
26275730035537,0.5039289,-1.1585307,-0.8082371,0.5039289,-1.1585307,-0.8082371
26275737939590,-1.3433545,-1.4181552,-1.1658721,-1.3433545,-1.4181552,-1.1658721
26275745813125,-2.3745615,-1.7386642,-1.0549273,-2.3745615,-1.7386642,-1.0549273
26275753717178,-2.3621118,-1.9130216,-0.5307059,-2.3621118,-1.9130216,-0.5307059
26275761590713,-1.5680965,-2.0237832,-0.84401035,-1.5680965,-2.0237832,-0.84401035
26275769494766,-0.6432526,-2.1561794,-1.5201287,-0.6432526,-2.1561794,-1.5201287
26275777368301,0.21993951,-2.3703241,-1.2264223,0.21993951,-2.3703241,-1.2264223
26275785241836,1.2294286,-2.6531744,-2.149807,1.2294286,-2.6531744,-2.149807
26275793145889,1.3917483,-2.879016,-4.151336,1.3917483,-2.879016,-4.151336
26275801049942,1.1177686,-2.9392004,-3.9250898,1.1177686,-2.9392004,-3.9250898
26275808953994,0.408553,-3.0887914,-3.5065908,0.408553,-3.0887914,-3.5065908
26275816858047,-0.5403022,-3.318068,-4.5978093,-0.5403022,-3.318068,-4.5978093
26275824792617,-0.79255176,-4.06197,-6.3973646,-0.79255176,-4.06197,-6.3973646
26275832696670,0.06990502,-4.0884585,1.0558796,0.06990502,-4.0884585,1.0558796
26275840570205,0.93828857,-8.117888,0.15733695,0.93828857,-8.117888,0.15733695
26275848504776,4.445484,-5.8645124,-16.44037,4.445484,-5.8645124,-16.44037
26275856378311,7.132541,-1.499268,-14.963828,7.132541,-1.499268,-14.963828
26275864251846,4.827944,-1.0130396,-7.450101,4.827944,-1.0130396,-7.450101
26275872155899,-1.5883652,-2.9395862,-5.5362263,-1.5883652,-2.9395862,-5.5362263
26275880029434,-6.178828,-4.881314,-8.354425,-6.178828,-4.881314,-8.354425
26275887964004,-7.6344657,-5.682301,-11.098949,-7.6344657,-5.682301,-11.098949
26275895837539,-7.2775893,-5.770297,-9.498817,-7.2775893,-5.770297,-9.498817
26275903711074,-6.2005796,-5.8066635,-6.6743984,-6.2005796,-5.8066635,-6.6743984
26275911615127,-4.1142035,-6.655125,-7.0769424,-4.1142035,-6.655125,-7.0769424
26275919519180,-1.4444013,-7.154829,-8.495046,-1.4444013,-7.154829,-8.495046
26275927423233,1.4055598,-6.5330935,-7.117448,1.4055598,-6.5330935,-7.117448
26275935327285,3.9922857,-5.780179,-5.067668,3.9922857,-5.780179,-5.067668
26275943200820,5.8299785,-5.377819,-5.2950535,5.8299785,-5.377819,-5.2950535
26275951104873,5.6461678,-5.4484367,-4.087933,5.6461678,-5.4484367,-4.087933
26275959008926,4.0027814,-5.6559687,-1.5121837,4.0027814,-5.6559687,-1.5121837
26275966912979,2.1507442,-5.9317245,1.190048,2.1507442,-5.9317245,1.190048
26275974817031,1.9918402,-6.189954,1.5965586,1.9918402,-6.189954,1.5965586
26275982690567,5.562325,-3.905243,6.7355967,5.562325,-3.905243,6.7355967
26275990625137,11.997431,-0.1310463,10.365399,11.997431,-0.1310463,10.365399
26275998498672,14.822761,2.7148447,12.4772625,14.822761,2.7148447,12.4772625
26276006372207,12.3687,4.3183193,12.709007,12.3687,4.3183193,12.709007
26276014276260,13.898153,12.009789,15.207112,13.898153,12.009789,15.207112
26276022180313,11.756001,20.421993,13.577978,11.756001,20.421993,13.577978
26276030053848,-0.49971595,23.512726,1.3610868,-0.49971595,23.512726,1.3610868
26276037927383,-12.309135,12.862205,4.630447,-12.309135,12.862205,4.630447
26276045800918,-9.641233,-2.1261,3.1951451,-9.641233,-2.1261,3.1951451
26276053704971,-3.1240797,-10.337853,-11.602095,-3.1240797,-10.337853,-11.602095
26276061639541,0.6749059,-11.673557,-21.435822,0.6749059,-11.673557,-21.435822
26276069543594,-3.921031,-7.290541,-8.149639,-3.921031,-7.290541,-8.149639
26276077386612,-9.562178,-3.2524471,-4.427151,-9.562178,-3.2524471,-4.427151
26276085290664,-11.465554,0.93733454,-7.8713365,-11.465554,0.93733454,-7.8713365
26276093194717,-9.3674,6.0733066,-4.934842,-9.3674,6.0733066,-4.934842
26276101129287,-8.460544,8.632463,0.4439993,-8.460544,8.632463,0.4439993
26276109002822,-9.517171,5.9878087,1.999856,-9.517171,5.9878087,1.999856
26276116845840,-7.648149,2.300117,-4.412147,-7.648149,2.300117,-4.412147
26276124780410,-5.509811,0.9370718,-10.751817,-5.509811,0.9370718,-10.751817
26276132653945,-4.3506584,1.2012215,-9.279118,-4.3506584,1.2012215,-9.279118
26276140557998,-3.1606631,2.4083185,-4.919804,-3.1606631,2.4083185,-4.919804
26276148431533,-1.9354808,4.2671084,-5.54206,-1.9354808,4.2671084,-5.54206
26276156305069,-0.8691546,7.552377,-4.3044753,-0.8691546,7.552377,-4.3044753
26276164209121,1.4749581,11.857338,1.695096,1.4749581,11.857338,1.695096
26276172113174,2.3739386,15.966804,8.328517,2.3739386,15.966804,8.328517
26276180078262,2.4234018,16.386696,16.284363,2.4234018,16.386696,16.284363
26276187982315,-1.4204066,11.679621,16.349634,-1.4204066,11.679621,16.349634
26276195855850,-4.176136,7.0298834,14.576087,-4.176136,7.0298834,14.576087
26276203759903,-5.0096917,5.264441,14.450243,-5.0096917,5.264441,14.450243
26276211663955,-5.8269353,6.15814,17.617525,-5.8269353,6.15814,17.617525
26276219598526,-6.7561164,6.943591,16.98588,-6.7561164,6.943591,16.98588
26276227502578,-7.6945744,6.348688,13.299944,-7.6945744,6.348688,13.299944
26276235376113,-6.491924,4.193368,7.2367425,-6.491924,4.193368,7.2367425
26276243280166,-0.89978826,2.8215013,4.359992,-0.89978826,2.8215013,4.359992
26276251184219,5.9305286,3.9141846,0.5605521,5.9305286,3.9141846,0.5605521
26276259057754,9.99948,4.821174,-1.8410606,9.99948,4.821174,-1.8410606
26276266961807,11.894345,4.3658133,2.9166756,11.894345,4.3658133,2.9166756
26276274835342,10.6466465,2.2800446,3.3462968,10.6466465,2.2800446,3.3462968
26276282708877,9.487363,1.8806076,10.029645,9.487363,1.8806076,10.029645
26276290582412,8.158476,2.510878,10.813978,8.158476,2.510878,10.813978
26276298455947,4.8768253,2.753182,3.473782,4.8768253,2.753182,3.473782
26276306360000,3.3370504,2.8929281,1.2014961,3.3370504,2.8929281,1.2014961
26276314264053,4.2027044,2.8450913,3.6534007,4.2027044,2.8450913,3.6534007
26276322198623,6.566066,2.3012562,4.6285396,6.566066,2.3012562,4.6285396
26276330133194,8.066254,1.263102,4.647541,8.066254,1.263102,4.647541
26276338006729,7.4158707,0.4229145,4.3834147,7.4158707,0.4229145,4.3834147
26276345910781,5.0918245,-0.54299116,3.7609706,5.0918245,-0.54299116,3.7609706
26276353845352,2.6655555,-1.7126608,2.6301246,2.6655555,-1.7126608,2.6301246
26276361749404,1.4891543,-2.1554623,1.7911735,1.4891543,-2.1554623,1.7911735
26276369653457,0.8983937,-1.8910618,0.3825078,0.8983937,-1.8910618,0.3825078
26276377557510,0.6271131,-1.5579958,-0.5331812,0.6271131,-1.5579958,-0.5331812
26276385431045,0.5341259,-1.1182141,-0.06489563,0.5341259,-1.1182141,-0.06489563
26276393304580,-0.34308255,-1.0241666,-1.2320194,-0.34308255,-1.0241666,-1.2320194
26276401208633,-2.0295148,-1.0501957,-1.3312397,-2.0295148,-1.0501957,-1.3312397
26276409082168,-3.663284,-0.82746696,-0.4803424,-3.663284,-0.82746696,-0.4803424
26276416955703,-4.030531,-0.18870592,-0.6248126,-4.030531,-0.18870592,-0.6248126
26276424859756,-3.5833652,0.65595055,0.94772625,-3.5833652,0.65595055,0.94772625
26276432702774,-3.6479204,1.5125093,-0.14870119,-3.6479204,1.5125093,-0.14870119
26276440606826,-4.0717764,1.9445791,-0.8877497,-4.0717764,1.9445791,-0.8877497
26276448480362,-3.7112687,3.5667639,0.20570135,-3.7112687,3.5667639,0.20570135
26276456353897,-4.7694893,4.785861,-11.064851,-4.7694893,4.785861,-11.064851
26276464257949,-23.765259,-3.7262316,-4.4166093,-23.765259,-3.7262316,-4.4166093
26276472131485,-27.389904,-4.4331574,13.50506,-27.389904,-4.4331574,13.50506
26276480005020,-17.708796,-1.555891,5.328424,-17.708796,-1.555891,5.328424
26276487909072,-8.192837,-1.2045736,-6.5440164,-8.192837,-1.2045736,-6.5440164
26276495843643,-1.0561464,-1.0575442,-6.258744,-1.0561464,-1.0575442,-6.258744
26276503717178,4.242079,-0.25729656,4.3913355,4.242079,-0.25729656,4.3913355
26276511590713,4.8238635,-1.594532,0.3845632,4.8238635,-1.594532,0.3845632
26276519494766,1.9624056,-3.102066,-7.3137984,1.9624056,-3.102066,-7.3137984
26276527398819,-4.2765393,-3.122838,-1.8758779,-4.2765393,-3.122838,-1.8758779
26276535272354,-10.2519245,-2.8876338,0.7521231,-10.2519245,-2.8876338,0.7521231
26276543176406,-14.74082,-3.253871,-3.9890206,-14.74082,-3.253871,-3.9890206
26276551080459,-17.13444,-4.3662076,-1.5447857,-17.13444,-4.3662076,-1.5447857
26276558953994,-16.992214,-5.273657,-0.3718586,-16.992214,-5.273657,-0.3718586
26276566858047,-13.03056,-4.6400976,-1.1487758,-13.03056,-4.6400976,-1.1487758
26276574762100,-7.811165,-3.7642374,1.3858154,-7.811165,-3.7642374,1.3858154
26276582666153,-1.8594785,-3.1307383,4.977758,-1.8594785,-3.1307383,4.977758
26276590539688,2.8754413,-3.2390685,5.063804,2.8754413,-3.2390685,5.063804
26276598443740,6.5110216,-5.2015467,2.4446828,6.5110216,-5.2015467,2.4446828
26276606347793,14.801928,-3.9145079,1.6795874,14.801928,-3.9145079,1.6795874
26276614282363,12.855747,-6.4212275,0.49178576,12.855747,-6.4212275,0.49178576
26276622186416,2.7278805,-9.403527,-4.603493,2.7278805,-9.403527,-4.603493
26276630090469,-12.480613,-8.8350315,-9.288709,-12.480613,-8.8350315,-9.288709
26276637994522,-13.039114,0.4154234,13.275749,-13.039114,0.4154234,13.275749
26276645868057,11.575268,15.163215,10.883634,11.575268,15.163215,10.883634
26276653772110,18.77429,22.376095,-9.163956,18.77429,22.376095,-9.163956
26276661645645,6.944099,22.276901,-2.9066257,6.944099,22.276901,-2.9066257
26276669519180,-16.894524,12.065716,-3.6606002,-16.894524,12.065716,-3.6606002
26276677392715,-46.91702,-0.6732936,6.676701,-46.91702,-0.6732936,6.676701
26276685327285,-32.60312,-10.031836,-0.7636118,-32.60312,-10.031836,-0.7636118
26276693261856,-7.926923,-11.454308,-14.821823,-7.926923,-11.454308,-14.821823
26276701165908,12.232972,-5.460535,-9.498787,12.232972,-5.460535,-9.498787
26276709008926,20.918118,3.0451593,-5.5413303,20.918118,3.0451593,-5.5413303
26276716912979,20.978361,10.344604,1.8887172,20.978361,10.344604,1.8887172
26276724817031,24.10272,16.39955,-1.4119878,24.10272,16.39955,-1.4119878
26276732721084,21.939045,15.128443,-5.815447,21.939045,15.128443,-5.815447
26276740625137,14.521052,10.390329,13.673167,14.521052,10.390329,13.673167
26276748559707,10.879311,8.779615,14.501323,10.879311,8.779615,14.501323
26276756463760,11.203408,13.185026,5.455172,11.203408,13.185026,5.455172
26276764398330,12.816095,17.919733,13.567183,12.816095,17.919733,13.567183
26276772271865,13.179698,18.707779,24.150517,13.179698,18.707779,24.150517
26276780175918,12.65126,14.095965,16.750332,12.65126,14.095965,16.750332
26276788079971,11.950177,8.965387,11.208403,11.950177,8.965387,11.208403
26276795953506,12.812735,6.199839,16.86169,12.812735,6.199839,16.86169
26276803827041,12.698166,4.5683584,8.667981,12.698166,4.5683584,8.667981
26276811731094,10.95561,3.8056917,1.5146871,10.95561,3.8056917,1.5146871
26276819635147,7.106266,3.5188708,4.665537,7.106266,3.5188708,4.665537
26276827508682,2.7959585,2.7347965,1.9298301,2.7959585,2.7347965,1.9298301
26276835412735,0.9589689,0.72065544,7.018307,0.9589689,0.72065544,7.018307
26276843316787,4.7125077,0.3805108,20.296577,4.7125077,0.3805108,20.296577
26276851190322,14.806412,3.408536,22.514292,14.806412,3.408536,22.514292
26276859094375,24.826519,6.399904,12.981466,24.826519,6.399904,12.981466
26276866998428,26.30355,7.346708,-0.32796574,26.30355,7.346708,-0.32796574
26276874902481,20.324427,7.421969,-9.628689,20.324427,7.421969,-9.628689
26276882806533,12.484613,7.1506205,-8.546424,12.484613,7.1506205,-8.546424
26276890680069,4.5117693,5.1655626,-4.479903,4.5117693,5.1655626,-4.479903
26276898584121,-2.4864688,1.7263131,-1.7886114,-2.4864688,1.7263131,-1.7886114
26276906488174,-7.502027,-1.6608205,-0.14204788,-7.502027,-1.6608205,-0.14204788
26276914392227,-9.830306,-4.223193,-0.031917572,-9.830306,-4.223193,-0.031917572
26276922265762,-9.576836,-4.726897,-0.8441324,-9.576836,-4.726897,-0.8441324
26276930200332,-6.4653473,-3.2194765,-0.5724783,-6.4653473,-3.2194765,-0.5724783
26276938104385,-2.5879202,-1.2694111,-1.8674297,-2.5879202,-1.2694111,-1.8674297
26276945977920,-0.08633798,-0.5637708,-4.064446,-0.08633798,-0.5637708,-4.064446
26276953881973,1.2518921,-1.1404967,-4.1968203,1.2518921,-1.1404967,-4.1968203
26276961786026,1.7068723,-2.2569847,-2.7150865,1.7068723,-2.2569847,-2.7150865
26276969720596,2.062428,-3.3048613,-1.9993939,2.062428,-3.3048613,-1.9993939
26276977624649,2.5953686,-3.3806129,-1.3648467,2.5953686,-3.3806129,-1.3648467
26276985498184,2.5460167,-2.6710453,-2.771257,2.5460167,-2.6710453,-2.771257
26276993402237,1.5072304,-2.1113505,-5.536808,1.5072304,-2.1113505,-5.536808
26277001306289,-0.21101034,-2.244214,-7.770363,-0.21101034,-2.244214,-7.770363
26277009179824,-1.9106588,-2.190639,-8.570466,-1.9106588,-2.190639,-8.570466
26277017083877,-3.940184,-2.2702312,-9.19746,-3.940184,-2.2702312,-9.19746
26277024987930,-5.586363,-2.6533632,-10.763571,-5.586363,-2.6533632,-10.763571
26277032861465,-6.7618623,-2.80962,-12.325243,-6.7618623,-2.80962,-12.325243
26277040735000,-7.291176,-3.0811582,-13.703762,-7.291176,-3.0811582,-13.703762
26277048608535,-6.465472,-3.6946173,-12.461624,-6.465472,-3.6946173,-12.461624
26277056512588,-4.3122864,-4.6716747,-10.767694,-4.3122864,-4.6716747,-10.767694
26277064416641,-1.7690616,-5.919485,-9.867241,-1.7690616,-5.919485,-9.867241
26277072320694,-0.8325477,-7.6575127,-15.299971,-0.8325477,-7.6575127,-15.299971
26277080194229,0.39698362,-8.053484,-6.4158363,0.39698362,-8.053484,-6.4158363
26277088067764,0.5313105,-10.936294,-10.597956,0.5313105,-10.936294,-10.597956
26277095971817,3.460957,-10.020464,-16.724686,3.460957,-10.020464,-16.724686
26277103875869,7.375604,-5.3576527,-12.835253,7.375604,-5.3576527,-12.835253
26277111779922,5.0802827,-4.2166653,-10.676931,5.0802827,-4.2166653,-10.676931
26277119714492,0.8897779,-6.0894246,-11.67869,0.8897779,-6.0894246,-11.67869
26277127649063,-2.038665,-8.786778,-14.39469,-2.038665,-8.786778,-14.39469
26277135553115,-4.30307,-11.749433,-12.4162445,-4.30307,-11.749433,-12.4162445
26277143457168,-4.1071377,-12.896843,-5.290389,-4.1071377,-12.896843,-5.290389
26277151391738,-0.8034996,-12.0369,-1.2188134,-0.8034996,-12.0369,-1.2188134
26277159265274,2.1814632,-12.867943,-3.512147,2.1814632,-12.867943,-3.512147
26277167138809,3.9597228,-16.077118,-0.41680384,3.9597228,-16.077118,-0.41680384
26277175042862,8.710199,-17.650887,13.116762,8.710199,-17.650887,13.116762
26277182946914,16.258911,-16.200403,-2.7035532,16.258911,-16.200403,-2.7035532
26277190820449,15.182907,-0.81819534,-26.095411,15.182907,-0.81819534,-26.095411
26277198724502,13.996277,14.059516,-19.466648,13.996277,14.059516,-19.466648
26277206598037,10.3396435,24.567469,11.464142,10.3396435,24.567469,11.464142
26277214502090,-0.4189452,25.755701,3.4412994,-0.4189452,25.755701,3.4412994
26277222345108,-5.0021696,25.545639,-15.378271,-5.0021696,25.545639,-15.378271
26277230279678,-13.755749,18.79768,18.5018,-13.755749,18.79768,18.5018
26277238183731,-28.843544,8.486715,20.59718,-28.843544,8.486715,20.59718
26277246087783,-28.473255,1.1835766,-3.5379596,-28.473255,1.1835766,-3.5379596
26277253991836,-19.806803,1.2120461,-6.8981085,-19.806803,1.2120461,-6.8981085
26277261865371,-15.571432,7.1569247,2.4620237,-15.571432,7.1569247,2.4620237
26277269738906,-14.778221,13.332603,3.533671,-14.778221,13.332603,3.533671
26277277612442,-15.39698,16.956312,4.5772233,-15.39698,16.956312,4.5772233
26277285485977,-14.736311,18.510342,8.13682,-14.736311,18.510342,8.13682
26277293420547,-11.205599,19.45272,7.645186,-11.205599,19.45272,7.645186
26277301324600,-6.446362,21.251242,16.211878,-6.446362,21.251242,16.211878
26277309228653,-0.9730808,21.437998,23.294003,-0.9730808,21.437998,23.294003
26277317132705,-0.6854761,17.885376,23.713549,-0.6854761,17.885376,23.713549
26277325006240,-2.1471176,10.408577,19.831835,-2.1471176,10.408577,19.831835
26277332879776,0.32132033,5.1420174,17.470259,0.32132033,5.1420174,17.470259
26277340783828,3.5431285,1.9799542,10.44656,3.5431285,1.9799542,10.44656
26277348718399,5.172893,0.46382856,4.527562,5.172893,0.46382856,4.527562
26277356622451,7.4092627,0.96875286,3.9372396,7.4092627,0.96875286,3.9372396
26277364495987,6.1764235,1.2983322,2.1225348,6.1764235,1.2983322,2.1225348
26277372430557,10.993091,0.3037448,8.208746,10.993091,0.3037448,8.208746
26277380334610,10.460304,4.6448803,7.8871574,10.460304,4.6448803,7.8871574
26277388269180,3.9431345,6.461304,9.867466,3.9431345,6.461304,9.867466
26277396173233,-0.5413202,4.1217947,8.075068,-0.5413202,4.1217947,8.075068
26277404046768,-3.423422,-1.9926968,2.673624,-3.423422,-1.9926968,2.673624
26277411950820,-1.2199992,-7.0173635,4.907839,-1.2199992,-7.0173635,4.907839
26277419885391,3.514544,-9.688603,7.461588,3.514544,-9.688603,7.461588
26277427789444,8.10115,-10.603022,5.5876822,8.10115,-10.603022,5.5876822
26277435693496,10.441578,-9.949708,2.5134542,10.441578,-9.949708,2.5134542
26277443567031,10.739104,-8.74111,-0.53927565,10.739104,-8.74111,-0.53927565
26277451471084,9.748589,-7.663259,-1.8374243,9.748589,-7.663259,-1.8374243
26277459375137,7.9174366,-7.7724957,1.5194597,7.9174366,-7.7724957,1.5194597
26277467279190,4.5697336,-8.551966,4.0436926,4.5697336,-8.551966,4.0436926
26277475183242,1.4404011,-9.495381,4.26191,1.4404011,-9.495381,4.26191
26277483056778,-1.1484942,-9.627119,4.111067,-1.1484942,-9.627119,4.111067
26277490960830,-3.5032213,-7.2489853,1.7086403,-3.5032213,-7.2489853,1.7086403
26277498864883,-4.734609,-2.6630068,-4.400668,-4.734609,-2.6630068,-4.400668
26277506768936,-5.64597,1.5288839,-5.767511,-5.64597,1.5288839,-5.767511
26277514703506,-6.85141,4.5146637,-5.527657,-6.85141,4.5146637,-5.527657
26277522577041,-7.673455,5.743846,-7.4382577,-7.673455,5.743846,-7.4382577
26277530481094,-7.3058505,5.054331,-7.007369,-7.3058505,5.054331,-7.007369
26277538385147,-7.4595394,3.9602184,-11.641163,-7.4595394,3.9602184,-11.641163
26277546289199,-6.1237082,3.3261023,-10.776243,-6.1237082,3.3261023,-10.776243
26277554193252,-7.3200865,5.598488,-14.383082,-7.3200865,5.598488,-14.383082
26277562127822,-9.092405,8.223166,-12.144497,-9.092405,8.223166,-12.144497
26277570001358,-18.48497,3.8752794,9.618591,-18.48497,3.8752794,9.618591
26277577874893,-19.073215,1.4233875,7.080932,-19.073215,1.4233875,7.080932
26277585778945,-11.729885,1.3064461,-10.439335,-11.729885,1.3064461,-10.439335
26277593652481,-4.0928497,2.4210768,-10.369762,-4.0928497,2.4210768,-10.369762
26277601526016,1.0019171,4.19273,-1.8868046,1.0019171,4.19273,-1.8868046
26277609399551,5.7868004,5.8198385,9.013596,5.7868004,5.8198385,9.013596
26277617273086,7.870165,6.0094404,6.1179724,7.870165,6.0094404,6.1179724
26277625177139,4.894104,4.6151514,-3.2014925,4.894104,4.6151514,-3.2014925
26277633081192,0.64102936,3.3882008,-2.9319384,0.64102936,3.3882008,-2.9319384
26277640985244,-2.3504708,2.753706,-0.39416456,-2.3504708,2.753706,-0.39416456
26277648889297,-6.262687,1.792223,-0.695106,-6.262687,1.792223,-0.695106
26277656793350,-10.541661,0.27821064,0.79377687,-10.541661,0.27821064,0.79377687
26277664697403,-13.601023,-1.5039091,0.83295786,-13.601023,-1.5039091,0.83295786
26277672601455,-14.420091,-2.9134145,-1.9284165,-14.420091,-2.9134145,-1.9284165
26277680474990,-13.333799,-1.2729144,-3.319791,-13.333799,-1.2729144,-3.319791
26277688379043,-15.555622,2.7903242,-3.1990938,-15.555622,2.7903242,-3.1990938
26277696283096,-19.948029,7.9911013,7.7351813,-19.948029,7.9911013,7.7351813
26277704156631,-10.932616,9.999692,21.398897,-10.932616,9.999692,21.398897
26277712091201,7.0909414,8.184763,19.184813,7.0909414,8.184763,19.184813
26277720025772,15.245827,4.6218653,5.791752,15.245827,4.6218653,5.791752
26277727929824,16.87491,4.326062,-10.915841,16.87491,4.326062,-10.915841
26277735803360,16.219673,7.0206146,-10.179768,16.219673,7.0206146,-10.179768
26277743707412,6.6503606,4.8752155,5.4173126,6.6503606,4.8752155,5.4173126
26277751580947,-3.5341806,0.4593668,12.932062,-3.5341806,0.4593668,12.932062
26277759454483,-11.804226,-2.7961059,1.581472,-11.804226,-2.7961059,1.581472
26277767358535,-14.663149,-4.6911197,-3.300138,-14.663149,-4.6911197,-3.300138
26277775262588,-11.334287,-4.6872797,-2.1037707,-11.334287,-4.6872797,-2.1037707
26277783166641,-7.0725965,-2.5897517,-2.840089,-7.0725965,-2.5897517,-2.840089
26277791070694,-5.3672066,-0.49599934,-5.184347,-5.3672066,-0.49599934,-5.184347
26277798974746,-3.2698975,0.41635323,-3.5264032,-3.2698975,0.41635323,-3.5264032
26277806848281,-0.16307026,1.1068068,-2.9528787,-0.16307026,1.1068068,-2.9528787
26277814752334,3.034395,1.5693159,-5.7993717,3.034395,1.5693159,-5.7993717
26277822625869,4.299666,1.941946,-5.4905024,4.299666,1.941946,-5.4905024
26277830529922,3.5185158,1.374424,-0.9586046,3.5185158,1.374424,-0.9586046
26277838433975,2.9460976,0.830863,1.2434921,2.9460976,0.830863,1.2434921
26277846307510,2.8832343,0.6626787,0.20444584,2.8832343,0.6626787,0.20444584
26277854181045,2.4456873,0.9099121,-2.1402879,2.4456873,0.9099121,-2.1402879
26277862085098,1.5858029,1.116971,-1.255589,1.5858029,1.116971,-1.255589
26277869989151,0.6742361,1.1768427,-0.035241127,0.6742361,1.1768427,-0.035241127
26277877862686,0.23453939,0.9194441,0.22926998,0.23453939,0.9194441,0.22926998
26277885766738,-0.25473404,0.2946949,0.63258815,-0.25473404,0.2946949,0.63258815
26277893670791,-0.5082418,-0.31875515,0.87799,-0.5082418,-0.31875515,0.87799
26277901574844,0.16075599,-0.4469309,1.7374775,0.16075599,-0.4469309,1.7374775
26277909478897,1.3709595,-0.32157993,2.4797256,1.3709595,-0.32157993,2.4797256
26277917413467,2.2121964,-0.1692295,1.8581244,2.2121964,-0.1692295,1.8581244
26277925317520,2.4261708,-0.0528965,1.4871328,2.4261708,-0.0528965,1.4871328
26277933191055,1.8566637,-0.009735107,2.287787,1.8566637,-0.009735107,2.287787
26277941095108,1.4089112,-0.062021255,3.984746,1.4089112,-0.062021255,3.984746
26277948999160,0.93997395,-0.30782032,3.6020033,0.93997395,-0.30782032,3.6020033
26277956872695,1.0302751,-0.2081337,3.5943177,1.0302751,-0.2081337,3.5943177
26277964776748,1.3493721,0.14730358,4.1903095,1.3493721,0.14730358,4.1903095
26277972650283,1.7474773,0.39362717,3.761389,1.7474773,0.39362717,3.761389
26277980523819,1.7271252,0.30803204,3.4784305,1.7271252,0.30803204,3.4784305
26277988427871,1.5615656,0.14610386,3.8210409,1.5615656,0.14610386,3.8210409
26277996301406,1.3287609,0.14351273,3.13776,1.3287609,0.14351273,3.13776
26278004205459,1.0726023,0.3055706,2.0145154,1.0726023,0.3055706,2.0145154
26278012109512,0.38279527,0.08041382,2.3662841,0.38279527,0.08041382,2.3662841
26278020013565,-0.13404658,-0.22561932,2.3369923,-0.13404658,-0.22561932,2.3369923
26278027917617,-0.3044456,-0.35989952,1.7936598,-0.3044456,-0.35989952,1.7936598
26278035791153,-0.03686154,-0.012191772,1.9899575,-0.03686154,-0.012191772,1.9899575
26278043695205,0.48059052,0.28616238,1.89906,0.48059052,0.28616238,1.89906
26278051599258,1.2089217,0.41609573,1.4126582,1.2089217,0.41609573,1.4126582
26278059503311,1.8160515,0.40083218,1.4552916,1.8160515,0.40083218,1.4552916
26278067407363,2.0618615,0.33160877,1.2187387,2.0618615,0.33160877,1.2187387
26278075341934,1.8688114,0.3126688,1.8180233,1.8688114,0.3126688,1.8180233
26278083215469,1.7594005,0.60573196,1.263105,1.7594005,0.60573196,1.263105
26278091089004,1.4039898,0.7443943,-0.20511127,1.4039898,0.7443943,-0.20511127
26278098993057,0.6144705,0.6270199,-1.2082331,0.6144705,0.6270199,-1.2082331
26278106897110,-0.18118235,0.5006504,-1.4594162,-0.18118235,0.5006504,-1.4594162
26278114770645,-0.8513552,0.3903637,-1.2716305,-0.8513552,0.3903637,-1.2716305
26278122674697,-0.81130594,0.21277142,-1.7337041,-0.81130594,0.21277142,-1.7337041
26278130578750,-0.24975054,0.2549219,-2.566513,-0.24975054,0.2549219,-2.566513
26278138513320,0.5962257,0.50580883,-1.9952288,0.5962257,0.50580883,-1.9952288
26278146447891,1.0125091,0.36446476,-1.0727189,1.0125091,0.36446476,-1.0727189
26278154382461,1.2477912,0.1721077,-0.86806726,1.2477912,0.1721077,-0.86806726
26278162255996,1.2906435,0.055693626,-0.90969706,1.2906435,0.055693626,-0.90969706
26278170129531,1.3097432,0.08156586,-0.1966188,1.3097432,0.08156586,-0.1966188
26278178003067,0.9956912,0.073031425,0.40607333,0.9956912,0.073031425,0.40607333
26278185907119,0.4221583,0.13527489,1.0250351,0.4221583,0.13527489,1.0250351
26278193780654,0.10041022,0.12298584,1.1809847,0.10041022,0.12298584,1.1809847
26278201684707,0.18092138,0.12213516,1.7132535,0.18092138,0.12213516,1.7132535
26278209588760,0.43754512,0.063570976,1.8204528,0.43754512,0.063570976,1.8204528
26278217492813,0.85307395,0.045918465,1.5349854,0.85307395,0.045918465,1.5349854
26278225396865,1.3367466,0.04722023,1.4206872,1.3367466,0.04722023,1.4206872
26278233270401,1.485736,0.041360855,1.3491502,1.485736,0.041360855,1.3491502
26278241174453,1.2690247,0.14778423,1.7412778,1.2690247,0.14778423,1.7412778
26278249078506,0.95570874,0.07440567,2.056135,0.95570874,0.07440567,2.056135
26278257013076,0.78223675,-0.07026291,1.6232468,0.78223675,-0.07026291,1.6232468
26278264886612,0.9588125,-0.061437607,1.6791502,0.9588125,-0.061437607,1.6791502
26278272760147,1.4592454,2.8419495E-4,1.6559464,1.4592454,2.8419495E-4,1.6559464
26278280664199,1.8082602,0.14825821,1.7256405,1.8082602,0.14825821,1.7256405
26278288598770,1.6438279,-0.14658928,0.95768833,1.6438279,-0.14658928,0.95768833
26278296502822,1.342093,-0.6099787,-1.9090502,1.342093,-0.6099787,-1.9090502
26278304376358,0.7674444,-0.14449024,0.10779333,0.7674444,-0.14449024,0.10779333
26278312219375,0.79324937,0.417881,1.7654529,0.79324937,0.417881,1.7654529
26278320123428,1.1204038,0.60818195,0.3445902,1.1204038,0.60818195,0.3445902
26278328027481,1.0253174,0.7911415,0.68324304,1.0253174,0.7911415,0.68324304
26278335901016,2.0075133,0.6890249,0.5891247,2.0075133,0.6890249,0.5891247
26278343805069,2.350585,0.50293636,0.5661745,2.350585,0.50293636,0.5661745
26278351678604,2.9855127,0.7044697,0.6146953,2.9855127,0.7044697,0.6146953
26278359582656,1.8482587,0.23510456,0.62281156,1.8482587,0.23510456,0.62281156
26278367486709,0.5410179,0.019062042,0.87504566,0.5410179,0.019062042,0.87504566
26278375421279,-0.60857695,-0.18738747,1.144298,-0.60857695,-0.18738747,1.144298
26278383325332,-1.2962643,-0.28320312,1.1774437,-1.2962643,-0.28320312,1.1774437
26278391198867,-7.114188,-1.7498398,0.7569146,-7.114188,-1.7498398,0.7569146
26278399133438,-2.0346837,0.3282423,0.3308308,-2.0346837,0.3282423,0.3308308
26278406976455,-0.9315764,-0.21376133,1.2716333,-0.9315764,-0.21376133,1.2716333
26278414911026,-0.8900479,-0.64142704,0.1356039,-0.8900479,-0.64142704,0.1356039
26278422815078,2.1059694,0.7996378,1.1766856,2.1059694,0.7996378,1.1766856
26278430688613,2.820323,0.4316101,0.7441703,2.820323,0.4316101,0.7441703
26278438592666,1.559842,-0.07986832,0.43438745,1.559842,-0.07986832,0.43438745
26278446496719,1.7096977,0.3319645,0.96723044,1.7096977,0.3319645,0.96723044
26278454400772,1.6143953,0.38179398,1.072442,1.6143953,0.38179398,1.072442
26278462304824,1.3693548,0.32168674,0.836838,1.3693548,0.32168674,0.836838
26278470208877,0.9471372,0.19223976,0.99063766,0.9471372,0.19223976,0.99063766
26278478112930,0.7371302,0.072636604,0.71303046,0.7371302,0.072636604,0.71303046
26278486016983,0.6336294,-0.03735733,0.6848229,0.6336294,-0.03735733,0.6848229
26278493921035,0.5322006,-0.082793236,0.69207895,0.5322006,-0.082793236,0.69207895
26278501825088,0.14999986,0.017956734,0.7092351,0.14999986,0.017956734,0.7092351
26278509759658,0.36358094,0.15226269,0.83115864,0.36358094,0.15226269,0.83115864
26278517633194,0.69738746,0.23668289,0.585335,0.69738746,0.23668289,0.585335
26278525506729,0.85100913,0.24956608,0.36438274,0.85100913,0.24956608,0.36438274
26278533441299,1.0142163,0.19781876,0.42836833,1.0142163,0.19781876,0.42836833
26278541345352,0.66725063,0.08731651,0.28291512,0.66725063,0.08731651,0.28291512
26278549218887,0.16552842,0.06143093,0.28120708,0.16552842,0.06143093,0.28120708
26278557092422,-0.33600518,-0.07667065,0.42134833,-0.33600518,-0.07667065,0.42134833
26278564965957,-0.94799316,-0.24775505,0.40973163,-0.94799316,-0.24775505,0.40973163
26278572870010,-0.467948,0.1058712,0.35172844,-0.467948,0.1058712,0.35172844
26278580774063,0.2568032,0.26549625,0.6256242,0.2568032,0.26549625,0.6256242
26278588647598,0.6544076,0.17607021,0.66652966,0.6544076,0.17607021,0.66652966
26278596551651,0.49451113,0.13481712,0.47157645,0.49451113,0.13481712,0.47157645
26278604455703,0.103517115,0.07687187,0.49262917,0.103517115,0.07687187,0.49262917
26278612359756,-0.21902072,-0.028647423,0.33093262,-0.21902072,-0.028647423,0.33093262
26278620263809,-0.098802626,-0.028407097,0.3384018,-0.098802626,-0.028407097,0.3384018
26278628137344,0.08315843,0.039281845,0.35931897,0.08315843,0.039281845,0.35931897
26278636041397,0.11452979,0.0018119812,0.36429858,0.11452979,0.0018119812,0.36429858
26278643945449,0.2218579,-0.01644516,0.32139516,0.2218579,-0.01644516,0.32139516
26278651849502,0.4947164,0.0992918,0.39242244,0.4947164,0.0992918,0.39242244
26278659753555,0.8463742,0.09761906,0.47656906,0.8463742,0.09761906,0.47656906
26278667627090,0.94288754,0.15086079,0.49973857,0.94288754,0.15086079,0.49973857
26278675561660,0.9138318,0.22536945,0.5380697,0.9138318,0.22536945,0.5380697
26278683496231,0.7983794,0.19656277,0.59384274,0.7983794,0.19656277,0.59384274
26278691430801,0.24098241,0.11978531,0.5090003,0.24098241,0.11978531,0.5090003
26278699365371,-0.11217761,0.10061836,0.4736309,-0.11217761,0.10061836,0.4736309
26278707238906,-0.05987817,0.0050315857,0.42017257,-0.05987817,0.0050315857,0.42017257
26278715173477,0.3529669,0.046250343,0.3964976,0.3529669,0.046250343,0.3964976
26278723077529,0.39110553,0.09520817,0.18882227,0.39110553,0.09520817,0.18882227
26278730981582,0.21595329,0.108587265,-0.014286518,0.21595329,0.108587265,-0.014286518
26278738885635,0.30654758,0.026053429,0.14590263,0.30654758,0.026053429,0.14590263
26278746759170,0.49209082,0.020044327,0.18809748,0.49209082,0.020044327,0.18809748
26278754663223,0.6502632,0.10236263,0.43946362,0.6502632,0.10236263,0.43946362
26278762567276,0.24957705,0.1556015,0.5939952,0.24957705,0.1556015,0.5939952
26278770471328,-0.4149208,0.10855293,0.29872906,-0.4149208,0.10855293,0.29872906
26278778375381,-0.7675503,-0.03862095,0.08060932,-0.7675503,-0.03862095,0.08060932
26278786279434,-0.8420331,-0.21880913,-0.41529393,-0.8420331,-0.21880913,-0.41529393
26278794152969,-0.52822024,-0.061924934,0.0076277256,-0.52822024,-0.061924934,0.0076277256
26278802026504,-0.346988,0.008816719,-0.053198814,-0.346988,0.008816719,-0.053198814
26278809900039,-0.31885874,0.10830784,-0.12347627,-0.31885874,0.10830784,-0.12347627
26278817804092,-0.06875855,0.1358242,0.09264135,-0.06875855,0.1358242,0.09264135
26278825738662,-0.0036209822,0.060311317,0.33212674,-0.0036209822,0.060311317,0.33212674
26278833642715,-0.02712971,0.013602257,0.47853732,-0.02712971,0.013602257,0.47853732
26278841516250,0.029957056,-0.018670082,0.60820544,0.029957056,-0.018670082,0.60820544
26278849420303,0.1527158,0.05946827,0.47288275,0.1527158,0.05946827,0.47288275
26278857324356,0.34073502,0.06347656,0.37565112,0.34073502,0.06347656,0.37565112
26278865228408,0.44601417,0.045887947,0.3998344,0.44601417,0.045887947,0.3998344
26278873132461,0.32595003,0.047465324,0.32340634,0.32595003,0.047465324,0.32340634
26278881036514,0.2231856,0.18787956,0.25899422,0.2231856,0.18787956,0.25899422
26278888940567,0.10664624,0.13908768,0.31660235,0.10664624,0.13908768,0.31660235
26278896875137,0.1407156,-0.05319786,0.16892052,0.1407156,-0.05319786,0.16892052
26278904748672,-0.23096013,0.15926743,-0.047157526,-0.23096013,0.15926743,-0.047157526
26278912652725,-0.1696065,0.20401573,0.14550805,-0.1696065,0.20401573,0.14550805
26278920587295,-0.29218045,-0.021909714,0.42152333,-0.29218045,-0.021909714,0.42152333
26278928491348,-0.569367,-0.16399384,0.3700781,-0.569367,-0.16399384,0.3700781
26278936364883,-0.47106752,-0.15017986,0.22636926,-0.47106752,-0.15017986,0.22636926
26278944268936,-0.30899334,-0.073908806,0.20060599,-0.30899334,-0.073908806,0.20060599
