26289404811119,6.3268E-5,-0.085030556,0.010080934,6.3268E-5,-0.085030556,0.010080934
26289412715172,-0.002232954,-0.11128521,0.0103853345,-0.002232954,-0.11128521,0.0103853345
26289420619225,-0.0028369427,-0.06564331,0.0047752857,-0.0028369427,-0.06564331,0.0047752857
26289428492760,0.0010097027,0.014574051,-0.0011074543,0.0010097027,0.014574051,-0.0011074543
26289436427330,0.007395208,0.088443756,-0.008514404,0.007395208,0.088443756,-0.008514404
26289444361901,-0.0023283958,-0.029441833,0.0033949614,-0.0023283958,-0.029441833,0.0033949614
26289452265953,-0.0058860183,-0.08979702,0.0099185705,-0.0058860183,-0.08979702,0.0099185705
26289460170006,-0.003009677,-0.051434517,0.005019784,-0.003009677,-0.051434517,0.005019784
26289468043541,0.0023848712,0.05249691,-0.006025195,0.0023848712,0.05249691,-0.006025195
26289475917076,0.0030411333,0.13406944,-0.02047944,0.0030411333,0.13406944,-0.02047944
26289483790611,7.394999E-4,0.11168957,-0.017712712,7.394999E-4,0.11168957,-0.017712712
26289491664147,-1.8191338E-4,-0.009898186,0.0012453794,-1.8191338E-4,-0.009898186,0.0012453794
26289499537682,-0.0026000142,-0.06422615,0.0054869056,-0.0026000142,-0.06422615,0.0054869056
26289507441734,2.2438169E-4,0.0051698685,-4.2557716E-4,2.2438169E-4,0.0051698685,-4.2557716E-4
26289515315270,8.5771084E-5,0.007481575,-7.646084E-4,8.5771084E-5,0.007481575,-7.646084E-4
26289523249840,8.738041E-5,-0.0046463013,5.520582E-4,8.738041E-5,-0.0046463013,5.520582E-4
26289531123375,1.4846027E-4,-0.008207321,9.726286E-4,1.4846027E-4,-0.008207321,9.726286E-4
26289538996910,4.296424E-5,0.03213024,-0.0036610365,4.296424E-5,0.03213024,-0.0036610365
26289546870445,1.6823411E-4,0.007616043,-8.3100796E-4,1.6823411E-4,0.007616043,-8.3100796E-4
26289554774498,-8.994043E-4,-0.024466515,0.0025504827,-8.994043E-4,-0.024466515,0.0025504827
26289562648033,-2.0799041E-4,-0.005367279,6.2286854E-4,-2.0799041E-4,-0.005367279,6.2286854E-4
26289570552086,-0.0013251305,-0.042067528,0.0050736666,-0.0013251305,-0.042067528,0.0050736666
26289578456139,-0.0014303327,-0.05783844,0.006415367,-0.0014303327,-0.05783844,0.006415367
26289586329674,0.0010381937,0.03472328,-0.0042055845,0.0010381937,0.03472328,-0.0042055845
26289594203209,2.6518106E-4,0.0072135925,-8.2826614E-4,2.6518106E-4,0.0072135925,-8.2826614E-4
26289602107262,-5.661249E-4,-0.018362999,0.0020679235,-5.661249E-4,-0.018362999,0.0020679235
26289610041832,0.21189308,0.95441055,-0.116870284,0.21189308,0.95441055,-0.116870284
26289617945885,0.023185968,0.17590141,-0.022164345,0.023185968,0.17590141,-0.022164345
26289625819420,-0.005611837,-0.1509943,0.01540488,-0.005611837,-0.1509943,0.01540488
26289633723473,0.019170761,-0.32985878,0.025709927,0.019170761,-0.32985878,0.025709927
26289641627526,0.015882552,-0.21097183,0.01646787,0.015882552,-0.21097183,0.01646787
26289649562096,0.002455324,-0.09376812,0.00842911,0.002455324,-0.09376812,0.00842911
26289657435631,-7.121116E-4,-0.028746605,0.003108263,-7.121116E-4,-0.028746605,0.003108263
26289665309166,0.0051718354,0.069042206,-0.008060098,0.0051718354,0.069042206,-0.008060098
26289673243736,0.010542333,0.114640236,-0.010119021,0.010542333,0.114640236,-0.010119021
26289681117272,0.001680553,0.023396492,-0.0016459823,0.001680553,0.023396492,-0.0016459823
26289688990807,-0.0027877986,-0.07801056,0.0070908666,-0.0027877986,-0.07801056,0.0070908666
26289696894859,-4.7564507E-4,-0.03601837,0.0044960976,-4.7564507E-4,-0.03601837,0.0044960976
26289704798912,-2.1031499E-4,-0.007986069,9.4783306E-4,-2.1031499E-4,-0.007986069,9.4783306E-4
26289712672447,1.13517046E-4,0.002231598,-2.2387505E-4,1.13517046E-4,0.002231598,-2.2387505E-4
26289720545983,-6.663799E-5,-7.7056885E-4,9.3340874E-5,-6.663799E-5,-7.7056885E-4,9.3340874E-5
26289728419518,1.9076467E-4,0.004743576,-4.658699E-4,1.9076467E-4,0.004743576,-4.658699E-4
26289736293053,-4.146397E-4,-0.012050629,0.0012475848,-4.146397E-4,-0.012050629,0.0012475848
26289744227623,-5.1137805E-4,-0.02358532,0.0024904609,-5.1137805E-4,-0.02358532,0.0024904609
26289752101158,-4.696548E-4,-0.016703606,0.0018844604,-4.696548E-4,-0.016703606,0.0018844604
26289759974693,-4.579425E-4,-0.006746292,9.855032E-4,-4.579425E-4,-0.006746292,9.855032E-4
26289767909264,-2.425313E-4,-0.00776577,8.3673E-4,-2.425313E-4,-0.00776577,8.3673E-4
26289775813317,-5.065799E-4,-0.018663406,0.0019973516,-5.065799E-4,-0.018663406,0.0019973516
26289783686852,-5.912483E-4,-0.01918602,0.0020498037,-5.912483E-4,-0.01918602,0.0020498037
26289791590904,-8.8506937E-4,-0.022533417,0.0023812056,-8.8506937E-4,-0.022533417,0.0023812056
26289799494957,-0.0015377998,-0.037462234,0.003899932,-0.0015377998,-0.037462234,0.003899932
26289807399010,-0.001002878,-0.02316475,0.002213657,-0.001002878,-0.02316475,0.002213657
26289815272545,-0.0011454225,-0.024004936,0.0023267865,-0.0011454225,-0.024004936,0.0023267865
26289823146080,2.1976233E-4,0.0054063797,-5.8496E-4,2.1976233E-4,0.0054063797,-5.8496E-4
26289831019615,6.092787E-4,0.015745163,-0.0018359423,6.092787E-4,0.015745163,-0.0018359423
26289838923668,6.2316656E-5,0.0010137558,-1.142025E-4,6.2316656E-5,0.0010137558,-1.142025E-4
26289846827721,6.965995E-4,-0.008208275,0.0025805235,6.965995E-4,-0.008208275,0.0025805235
26289854701256,-0.0011449158,-0.037294388,0.00392282,-0.0011449158,-0.037294388,0.00392282
26289862605309,-6.259382E-4,-0.016493797,0.0016721487,-6.259382E-4,-0.016493797,0.0016721487
26289870478844,-2.7954578E-4,-0.008098602,8.366108E-4,-2.7954578E-4,-0.008098602,8.366108E-4
26289878321861,-0.002094835,0.009028435,-0.0059127808,-0.002094835,0.009028435,-0.0059127808
26289886256432,2.5114417E-4,0.008519173,-0.0010052919,2.5114417E-4,0.008519173,-0.0010052919
26289894129967,5.2690506E-4,0.016098022,-0.0019205809,5.2690506E-4,0.016098022,-0.0019205809
26289902003502,1.1447072E-4,0.003285408,-4.181862E-4,1.1447072E-4,0.003285408,-4.181862E-4
26289909938072,-9.1281533E-4,-0.024191856,0.0021882653,-9.1281533E-4,-0.024191856,0.0021882653
26289917842125,-8.3747506E-4,-0.024554253,0.0022193193,-8.3747506E-4,-0.024554253,0.0022193193
26289925715660,-7.275045E-4,-0.020650864,0.0021332502,-7.275045E-4,-0.020650864,0.0021332502
26289933589195,-1.4603138E-5,-4.4441223E-4,5.042553E-5,-1.4603138E-5,-4.4441223E-4,5.042553E-5
26289941462731,6.585717E-4,0.020217896,-0.0021634102,6.585717E-4,0.020217896,-0.0021634102
26289949366783,-0.001072079,-0.029070854,0.0028553605,-0.001072079,-0.029070854,0.0028553605
26289957240318,-0.0010014176,-0.029177666,0.0032287836,-0.0010014176,-0.029177666,0.0032287836
26289965113854,0.0012467504,0.03501892,-0.004553199,0.0012467504,0.03501892,-0.004553199
26289972987389,0.0065972805,0.016361237,-0.0012322664,0.0065972805,0.016361237,-0.0012322664
26289980921959,-9.5650554E-4,-0.023534775,0.0028162003,-9.5650554E-4,-0.023534775,0.0028162003
26289988795494,-3.2570958E-4,-0.009569168,0.0010684729,-3.2570958E-4,-0.009569168,0.0010684729
26289996669029,-2.0894408E-4,-0.0066690445,7.2455406E-4,-2.0894408E-4,-0.0066690445,7.2455406E-4
26290004573082,4.5895576E-4,0.00880146,-7.596016E-4,4.5895576E-4,0.00880146,-7.596016E-4
26290012507652,-3.287196E-5,-5.9223175E-4,6.16312E-5,-3.287196E-5,-5.9223175E-4,6.16312E-5
26290020381188,2.1904707E-5,0.00666523,-5.978346E-4,2.1904707E-5,0.00666523,-5.978346E-4
26290028315758,0.0010685325,0.02508068,-0.0027981997,0.0010685325,0.02508068,-0.0027981997
26290036219811,-3.33637E-4,-0.00793457,8.813143E-4,-3.33637E-4,-0.00793457,8.813143E-4
26290044154381,-0.0016019642,-0.05015087,0.0051629543,-0.0016019642,-0.05015087,0.0051629543
26290052027916,-0.002333492,-0.07187939,0.007435441,-0.002333492,-0.07187939,0.007435441
26290059901451,-0.0015720725,-0.03685856,0.003952861,-0.0015720725,-0.03685856,0.003952861
26290067836022,-7.549226E-4,-0.019274712,0.0018863678,-7.549226E-4,-0.019274712,0.0018863678
26290075709557,1.9162893E-4,0.0062618256,-6.29127E-4,1.9162893E-4,0.0062618256,-6.29127E-4
26290083583092,2.3254752E-4,0.0066480637,-7.2300434E-4,2.3254752E-4,0.0066480637,-7.2300434E-4
26290091456627,-7.3194504E-5,-0.0018901825,1.9741058E-4,-7.3194504E-5,-0.0018901825,1.9741058E-4
26290099360680,4.4634938E-4,0.012663841,-0.001131773,4.4634938E-4,0.012663841,-0.001131773
26290107234215,6.518066E-4,0.012475967,-0.0014306307,6.518066E-4,0.012475967,-0.0014306307
26290115107750,-1.9988418E-4,-0.0057678223,7.213354E-4,-1.9988418E-4,-0.0057678223,7.213354E-4
26290122981285,2.848208E-4,0.008011818,-0.0010763407,2.848208E-4,0.008011818,-0.0010763407
26290130854820,8.2850456E-5,0.0025424957,-2.8932095E-4,8.2850456E-5,0.0025424957,-2.8932095E-4
26290138789391,-0.0010011494,-0.028345108,0.0032086372,-0.0010011494,-0.028345108,0.0032086372
26290146662926,-5.1271915E-4,-0.015729904,0.0018545389,-5.1271915E-4,-0.015729904,0.0018545389
26290154536461,0.0014447272,0.048631668,-0.0064377785,0.0014447272,0.048631668,-0.0064377785
26290162440514,0.0027980804,0.101706505,-0.0137296915,0.0027980804,0.101706505,-0.0137296915
26290170375084,0.0019941777,0.08277321,-0.00788182,0.0019941777,0.08277321,-0.00788182
26290178248619,-0.001021713,-0.03283596,0.0033677816,-0.001021713,-0.03283596,0.0033677816
26290186183190,-0.0029927492,-0.068039894,0.009179831,-0.0029927492,-0.068039894,0.009179831
26290194087242,-0.0027983189,-0.055454254,0.007911205,-0.0027983189,-0.055454254,0.007911205
26290201991295,-0.0014484227,-0.029165268,0.003657341,-0.0014484227,-0.029165268,0.003657341
26290209895348,4.453957E-4,0.009488106,-9.6178055E-4,4.453957E-4,0.009488106,-9.6178055E-4
26290217768883,0.0026803315,0.057118416,-0.005955696,0.0026803315,0.057118416,-0.005955696
26290225642418,0.00455153,0.11534977,-0.013343096,0.00455153,0.11534977,-0.013343096
26290233546471,0.0050337315,0.15065289,-0.016657114,0.0050337315,0.15065289,-0.016657114
26290241481041,0.0049200654,0.18207169,-0.016947925,0.0049200654,0.18207169,-0.016947925
26290249354576,0.004827261,0.1418848,-0.011733651,0.004827261,0.1418848,-0.011733651
26290257228111,-0.0024226308,-0.04620266,0.0037033558,-0.0024226308,-0.04620266,0.0037033558
26290265132164,-0.012100339,-0.2217331,0.022733808,-0.012100339,-0.2217331,0.022733808
26290273036217,-0.006058067,-0.1322279,0.013600349,-0.006058067,-0.1322279,0.013600349
26290280940270,-8.3351135E-4,-0.014799118,6.8834424E-4,-8.3351135E-4,-0.014799118,6.8834424E-4
26290288813805,-0.004539609,-0.06421471,0.0019851327,-0.004539609,-0.06421471,0.0019851327
26290296687340,-0.01091373,-0.15460777,0.012043953,-0.01091373,-0.15460777,0.012043953
26290304621910,-0.0055051446,-0.09714413,0.011211991,-0.0055051446,-0.09714413,0.011211991
26290312495445,0.0043476224,0.10227013,-0.00963825,0.0043476224,0.10227013,-0.00963825
26290320368981,0.0066034496,0.1897173,-0.012424886,0.0066034496,0.1897173,-0.012424886
26290328273033,0.009438515,0.2911167,-0.019812703,0.009438515,0.2911167,-0.019812703
26290336177086,0.0105730295,0.3073387,-0.017934203,0.0105730295,0.3073387,-0.017934203
26290344050621,0.004826665,0.070046425,0.007412553,0.004826665,0.070046425,0.007412553
26290351924156,-0.037025034,-0.44786358,0.0011534058,-0.037025034,-0.44786358,0.0011534058
26290359797692,-0.007416114,-0.44159508,0.099419594,-0.007416114,-0.44159508,0.099419594
26290367732262,-0.010853037,-0.48889542,0.044424295,-0.010853037,-0.48889542,0.044424295
26290375636315,-0.018623859,-0.45687962,0.008894682,-0.018623859,-0.45687962,0.008894682
26290383509850,-0.0117639005,-0.33755016,0.034778953,-0.0117639005,-0.33755016,0.034778953
26290391383385,-0.020205498,-0.32624912,0.02391702,-0.020205498,-0.32624912,0.02391702
26290399317955,-0.027403116,-0.3901348,0.039817452,-0.027403116,-0.3901348,0.039817452
26290407222008,0.018194973,-0.36922455,-0.21789742,0.018194973,-0.36922455,-0.21789742
26290415126061,-0.1427548,-0.2789812,-0.36893618,-0.1427548,-0.2789812,-0.36893618
26290422999596,-0.49362206,-0.29412556,-0.34575367,-0.49362206,-0.29412556,-0.34575367
26290430873131,-0.8701189,-0.3834877,-0.4860314,-0.8701189,-0.3834877,-0.4860314
26290438746666,-1.017103,-0.42960644,-0.3485564,-1.017103,-0.42960644,-0.3485564
26290446620201,-1.1575052,-0.5065203,-0.8921398,-1.1575052,-0.5065203,-0.8921398
26290454524254,-1.0884767,-0.542676,-1.8488343,-1.0884767,-0.542676,-1.8488343
26290462428307,-0.81033427,-0.45907402,-0.73843455,-0.81033427,-0.45907402,-0.73843455
26290470301842,-0.3639603,-0.59542847,-0.47505462,-0.3639603,-0.59542847,-0.47505462
26290478175377,-0.13983214,-0.7698555,-1.3215935,-0.13983214,-0.7698555,-1.3215935
26290486109947,-0.0472638,-0.47524452,-1.066808,-0.0472638,-0.47524452,-1.066808
26290494014000,-0.20552218,-0.21695042,-0.76263297,-0.20552218,-0.21695042,-0.76263297
26290501887535,-0.5102403,-0.2027874,-0.91125846,-0.5102403,-0.2027874,-0.91125846
26290509761070,-0.6354825,0.026741028,-1.5018132,-0.6354825,0.026741028,-1.5018132
26290517665123,-0.7761909,0.09788132,-1.0435929,-0.7761909,0.09788132,-1.0435929
26290525538658,-1.0507474,0.0037908554,-1.4406308,-1.0507474,0.0037908554,-1.4406308
26290533412193,-1.0363289,-0.040096283,-1.726403,-1.0363289,-0.040096283,-1.726403
26290541346764,-0.74605423,0.15295696,-1.0586617,-0.74605423,0.15295696,-1.0586617
26290549250817,-0.41084126,0.3243885,-1.1102395,-0.41084126,0.3243885,-1.1102395
26290557154869,-0.123460054,0.51479435,-1.1967119,-0.123460054,0.51479435,-1.1967119
26290565089440,-0.12406361,0.55403423,-1.5647124,-0.12406361,0.55403423,-1.5647124
26290572962975,-0.24497467,0.61177826,-1.1051286,-0.24497467,0.61177826,-1.1051286
26290580836510,-0.18638092,0.5709753,-0.92332995,-0.18638092,0.5709753,-0.92332995
26290588740563,0.3043319,0.5180845,-0.81231,0.3043319,0.5180845,-0.81231
26290596644615,0.9690026,0.6756811,-0.69817495,0.9690026,0.6756811,-0.69817495
26290604548668,1.820178,0.89514065,0.08506632,1.820178,0.89514065,0.08506632
26290612452721,2.0477033,0.90108776,0.25337029,2.0477033,0.90108776,0.25337029
26290620326256,2.1084347,1.0838442,0.79328537,2.1084347,1.0838442,0.79328537
26290628199791,2.2144766,1.1994934,1.2007569,2.2144766,1.1994934,1.2007569
26290636134361,2.405746,1.2676468,1.1882082,2.405746,1.2676468,1.1882082
26290644038414,2.707203,1.0677166,1.3564028,2.707203,1.0677166,1.3564028
26290651911949,3.0965278,0.54935646,2.610921,3.0965278,0.54935646,2.610921
26290659816002,3.7483325,0.16556549,3.6893551,3.7483325,0.16556549,3.6893551
26290667720055,4.9823165,0.009838104,4.4899583,4.9823165,0.009838104,4.4899583
26290675654625,5.8639746,-0.080495834,4.919233,5.8639746,-0.080495834,4.919233
26290683528160,6.044113,-0.1629858,6.625535,6.044113,-0.1629858,6.625535
26290691401695,5.529186,-0.31808758,7.887632,5.529186,-0.31808758,7.887632
26290699336266,4.6210923,-0.5878258,6.8471847,4.6210923,-0.5878258,6.8471847
26290707209801,4.7461634,-0.6277981,8.37682,4.7461634,-0.6277981,8.37682
26290715113854,5.1642866,-0.5011349,7.943777,5.1642866,-0.5011349,7.943777
26290723017906,5.8644495,-0.08588505,6.976444,5.8644495,-0.08588505,6.976444
26290730891442,7.2940717,-0.2765293,7.2499685,7.2940717,-0.2765293,7.2499685
26290738856529,8.495908,-1.0829268,5.532522,8.495908,-1.0829268,5.532522
26290746730065,11.355314,-1.3951244,4.973668,11.355314,-1.3951244,4.973668
26290754603600,11.973844,-0.45383453,3.6693637,11.973844,-0.45383453,3.6693637
26290762477135,11.237623,0.936491,4.926296,11.237623,0.936491,4.926296
26290770350670,9.846819,2.1162224,7.2589674,9.846819,2.1162224,7.2589674
26290778254723,8.951465,4.428439,1.5873356,8.951465,4.428439,1.5873356
26290786158776,10.642123,7.920512,-1.1545405,10.642123,7.920512,-1.1545405
26290794032311,12.443584,9.719815,-2.7257109,12.443584,9.719815,-2.7257109
26290801936363,11.813341,7.862133,-5.048367,11.813341,7.862133,-5.048367
26290809779381,9.53232,3.8734503,-8.500464,9.53232,3.8734503,-8.500464
26290817713951,8.125316,-0.013446808,-7.8769364,8.125316,-0.013446808,-7.8769364
26290825587486,2.7594323,-2.6241045,-5.0305824,2.7594323,-2.6241045,-5.0305824
26290833461022,-0.8906851,-3.2263331,-4.3028784,-0.8906851,-3.2263331,-4.3028784
26290841334557,-2.6753426,-2.3903599,-5.642256,-2.6753426,-2.3903599,-5.642256
26290849238609,-2.7800815,-1.4850998,-6.148915,-2.7800815,-1.4850998,-6.148915
26290857112145,-0.94693923,-0.7977114,-5.1536627,-0.94693923,-0.7977114,-5.1536627
26290864985680,0.4847268,-0.43489552,-6.8968115,0.4847268,-0.43489552,-6.8968115
26290872859215,1.2492607,-0.050190926,-4.863948,1.2492607,-0.050190926,-4.863948
26290880793785,0.81795573,-0.066025734,-4.7871294,0.81795573,-0.066025734,-4.7871294
26290888697838,-0.49295595,-0.67005825,-3.2584095,-0.49295595,-0.67005825,-3.2584095
26290896571373,-1.324453,-1.2481065,-2.7981858,-1.324453,-1.2481065,-2.7981858
26290904444908,-1.7459223,-1.3956952,-1.8143349,-1.7459223,-1.3956952,-1.8143349
26290912318443,-1.1777569,-1.2471857,-1.8237333,-1.1777569,-1.2471857,-1.8237333
26290920191979,-0.49243397,-1.4784102,-2.529087,-0.49243397,-1.4784102,-2.529087
26290928065514,0.82530403,-1.7840385,-2.5253139,0.82530403,-1.7840385,-2.5253139
26290936000084,2.0741441,-2.183732,-3.2410078,2.0741441,-2.183732,-3.2410078
26290943904137,2.8790834,-2.5615711,-4.8613205,2.8790834,-2.5615711,-4.8613205
26290951808190,3.56971,-2.7398481,-4.896287,3.56971,-2.7398481,-4.896287
26290959712242,3.5049438,-3.2541003,-5.5466523,3.5049438,-3.2541003,-5.5466523
26290967585777,2.496757,-4.4822593,-6.529556,2.496757,-4.4822593,-6.529556
26290975459313,1.6513788,-5.6021786,-10.662128,1.6513788,-5.6021786,-10.662128
26290983393883,0.8106532,-6.85386,1.8852334,0.8106532,-6.85386,1.8852334
26290991328453,-0.27265579,-13.311504,-8.956897,-0.27265579,-13.311504,-8.956897
26290999232506,3.6709843,-11.168818,-21.469719,3.6709843,-11.168818,-21.469719
26291007136559,5.8823853,-6.343442,-12.644588,5.8823853,-6.343442,-12.644588
26291015010094,2.459935,-5.539343,-7.4673023,2.459935,-5.539343,-7.4673023
26291022914147,-3.452127,-6.560639,-7.3915787,-3.452127,-6.560639,-7.3915787
26291030787682,-5.6527925,-7.977084,-6.4650087,-5.6527925,-7.977084,-6.4650087
26291038752770,-6.249207,-9.760507,-10.403571,-6.249207,-9.760507,-10.403571
26291046626305,-6.3198643,-9.78015,-12.878098,-6.3198643,-9.78015,-12.878098
26291054499840,-4.9663243,-8.355806,-7.490751,-4.9663243,-8.355806,-7.490751
26291062434410,-2.0406804,-7.403264,-2.4514942,-2.0406804,-7.403264,-2.4514942
26291070368981,1.6352429,-7.290369,-5.3311105,1.6352429,-7.290369,-5.3311105
26291078303551,3.6518955,-6.5759516,-7.8311996,3.6518955,-6.5759516,-7.8311996
26291086177086,4.0222263,-5.6021757,-5.81564,4.0222263,-5.6021757,-5.81564
26291094111656,3.706459,-5.7393956,-3.2690067,3.706459,-5.7393956,-3.2690067
26291101985192,1.9117148,-6.4425817,-1.1285281,1.9117148,-6.4425817,-1.1285281
26291109919762,0.918717,-6.9289246,-1.4525008,0.918717,-6.9289246,-1.4525008
26291117793297,0.01568538,-8.138137,-2.7387538,0.01568538,-8.138137,-2.7387538
26291125666832,3.1582313,-4.8515615,1.9821181,3.1582313,-4.8515615,1.9821181
26291133570885,12.897448,1.5520654,11.973206,12.897448,1.5520654,11.973206
26291141505455,21.115747,7.139521,3.9537003,21.115747,7.139521,3.9537003
26291149378990,22.639477,10.11602,6.0474834,22.639477,10.11602,6.0474834
26291157252526,15.759681,7.9259768,5.6768727,15.759681,7.9259768,5.6768727
26291165126061,5.417654,3.8473144,4.2091274,5.417654,3.8473144,4.2091274
26291173060631,-0.0623603,1.0461626,0.38895226,-0.0623603,1.0461626,0.38895226
26291180934166,-5.215,5.4129124,-1.9736967,-5.215,5.4129124,-1.9736967
26291188807701,-13.831126,8.936502,-6.627391,-13.831126,8.936502,-6.627391
26291196681236,-27.489609,9.78609,5.8681116,-27.489609,9.78609,5.8681116
26291204554772,-31.900002,11.74125,1.9400587,-31.900002,11.74125,1.9400587
26291212489342,-20.979645,10.846607,-5.851979,-20.979645,10.846607,-5.851979
26291220393395,-9.630085,2.9639025,-8.31783,-9.630085,2.9639025,-8.31783
26291228327965,-2.1657188,-2.0848808,-7.8504043,-2.1657188,-2.0848808,-7.8504043
26291236262535,0.84125555,-4.033608,-7.6802945,0.84125555,-4.033608,-7.6802945
26291244136070,1.8042583,-2.3418355,-6.380163,1.8042583,-2.3418355,-6.380163
26291252070641,5.3601227,3.4161062,-1.7364111,5.3601227,3.4161062,-1.7364111
26291260005211,9.60673,9.009875,-2.8483725,9.60673,9.009875,-2.8483725
26291267878746,11.71797,11.827282,-6.0063763,11.71797,11.827282,-6.0063763
26291275752281,12.489737,13.996902,-2.8111377,12.489737,13.996902,-2.8111377
26291283686852,9.3699,15.081945,-0.16659927,9.3699,15.081945,-0.16659927
26291291590904,2.346972,14.630578,-2.5657034,2.346972,14.630578,-2.5657034
26291299464440,-4.99737,14.669198,4.2985716,-4.99737,14.669198,4.2985716
26291307368492,-7.8523765,14.019142,15.483789,-7.8523765,14.019142,15.483789
26291315303063,-10.143659,11.221176,17.703575,-10.143659,11.221176,17.703575
26291323176598,-10.82276,7.8672485,14.368559,-10.82276,7.8672485,14.368559
26291331050133,-9.592904,5.795028,15.47005,-9.592904,5.795028,15.47005
26291338984703,-7.088086,4.505387,20.844585,-7.088086,4.505387,20.844585
26291346858238,-3.1380084,3.231288,14.194782,-3.1380084,3.231288,14.194782
26291354731774,-0.03302622,1.7249894,6.0290284,-0.03302622,1.7249894,6.0290284
26291362666344,1.811534,-0.12760448,3.67237,1.811534,-0.12760448,3.67237
26291370539879,3.475282,-0.5858884,1.0131402,3.475282,-0.5858884,1.0131402
26291378443932,2.5173435,0.3065982,1.0571885,2.5173435,0.3065982,1.0571885
26291386347984,2.065206,-0.0578866,3.7280297,2.065206,-0.0578866,3.7280297
26291394252037,2.3805466,-2.597423,0.8104491,2.3805466,-2.597423,0.8104491
26291402125572,5.182239,-3.3537586,3.5697048,5.182239,-3.3537586,3.5697048
26291409999108,6.8916736,-3.1641707,11.894684,6.8916736,-3.1641707,11.894684
26291417872643,5.7199244,-4.2555723,8.476141,5.7199244,-4.2555723,8.476141
26291425807213,4.2092876,-5.422043,4.4625115,4.2092876,-5.422043,4.4625115
26291433680748,3.1476238,-6.3587174,6.0147357,3.1476238,-6.3587174,6.0147357
26291441554283,3.353417,-6.1427593,7.3617663,3.353417,-6.1427593,7.3617663
26291449488854,4.779482,-4.869397,5.026697,4.779482,-4.869397,5.026697
26291457362389,6.382482,-3.186801,1.3872385,6.382482,-3.186801,1.3872385
26291465296959,7.174393,-1.9058442,-0.35886812,7.174393,-1.9058442,-0.35886812
26291473231529,6.777623,-1.6234765,0.16319036,6.777623,-1.6234765,0.16319036
26291481105065,6.2687597,-2.0545015,-0.5942874,6.2687597,-2.0545015,-0.5942874
26291488978600,6.7543774,-2.5086575,-1.0679488,6.7543774,-2.5086575,-1.0679488
26291496852135,7.647098,-2.9469075,-1.0082889,7.647098,-2.9469075,-1.0082889
26291504725670,7.6263723,-3.1499639,-0.74552727,7.6263723,-3.1499639,-0.74552727
26291512660240,6.5985155,-3.038402,-1.1776438,6.5985155,-3.038402,-1.1776438
26291520564293,5.565536,-2.7104926,-1.546617,5.565536,-2.7104926,-1.546617
26291528437828,4.8062353,-2.2966967,-2.8795447,4.8062353,-2.2966967,-2.8795447
26291536311363,3.769971,-1.8615756,-3.5475273,3.769971,-1.8615756,-3.5475273
26291544245934,2.4711156,-1.4404268,-3.000525,2.4711156,-1.4404268,-3.000525
26291552149986,0.6129771,-1.0434542,-3.9768548,0.6129771,-1.0434542,-3.9768548
26291560023522,-1.3523766,-0.40326023,-4.312144,-1.3523766,-0.40326023,-4.312144
26291567897057,-3.0904078,0.61281204,-3.7514358,-3.0904078,0.61281204,-3.7514358
26291575770592,-4.088098,2.5781946,-3.5937905,-4.088098,2.5781946,-3.5937905
26291583705162,-1.6786919,4.391568,-5.7217155,-1.6786919,4.391568,-5.7217155
26291591609215,-9.882033,1.3766422,-11.765915,-9.882033,1.3766422,-11.765915
26291599513268,-18.688742,-1.4460068,1.5187287,-18.688742,-1.4460068,1.5187287
26291607386803,-14.739307,2.35153,3.4117813,-14.739307,2.35153,3.4117813
26291615260338,-12.415428,3.2258844,0.95693755,-12.415428,3.2258844,0.95693755
26291623164391,-6.6836123,3.302518,3.1036143,-6.6836123,3.302518,3.1036143
26291631037926,-1.362533,3.4145317,-0.4292903,-1.362533,3.4145317,-0.4292903
26291638911461,2.6454163,2.4636698,-1.2267323,2.6454163,2.4636698,-1.2267323
26291646846031,3.9692018,0.8800764,-0.61099005,3.9692018,0.8800764,-0.61099005
26291654719567,2.866217,-0.36259556,-0.45404387,2.866217,-0.36259556,-0.45404387
26291662593102,-0.3721245,-2.060391,-1.1537614,-0.3721245,-2.060391,-1.1537614
26291670527672,-3.5790808,-1.7120943,-3.624609,-3.5790808,-1.7120943,-3.624609
26291678431725,-7.037339,-1.6021986,-1.3727698,-7.037339,-1.6021986,-1.3727698
26291686305260,-11.290059,-4.004994,1.3264942,-11.290059,-4.004994,1.3264942
26291694239830,-13.345096,-6.958791,1.3770394,-13.345096,-6.958791,1.3770394
26291702113365,-12.203429,-8.3999815,-0.57159424,-12.203429,-8.3999815,-0.57159424
26291709986901,-9.458986,-9.028656,2.372984,-9.458986,-9.028656,2.372984
26291717860436,-5.7161894,-9.949545,4.776325,-5.7161894,-9.949545,4.776325
26291725733971,-4.699128,-8.772381,-12.212614,-4.699128,-8.772381,-12.212614
26291733607506,-16.12324,-8.663019,-19.418306,-16.12324,-8.663019,-19.418306
26291741481041,-22.539621,-8.925378,10.068159,-22.539621,-8.925378,10.068159
26291749385094,-18.99669,-6.9631195,14.070623,-18.99669,-6.9631195,14.070623
26291757258629,-12.3350315,-6.3189516,-13.204184,-12.3350315,-6.3189516,-13.204184
26291765132164,-5.2730703,-0.6789737,-18.819376,-5.2730703,-0.6789737,-18.819376
26291773005699,-1.4574685,7.2993307,-4.1141486,-1.4574685,7.2993307,-4.1141486
26291780909752,2.3625114,11.276202,1.6509819,2.3625114,11.276202,1.6509819
26291788813805,10.398006,12.273478,-5.506292,10.398006,12.273478,-5.506292
26291796687340,15.524661,11.23761,-8.230694,15.524661,11.23761,-8.230694
26291804621910,17.124756,10.034501,-0.57449627,17.124756,10.034501,-0.57449627
26291812586998,14.938133,8.944161,8.105727,14.938133,8.944161,8.105727
26291820460533,11.197636,7.555812,3.9486372,11.197636,7.555812,3.9486372
26291828364586,7.7403812,7.775115,-5.8141108,7.7403812,7.775115,-5.8141108
26291836268639,3.6245513,9.534752,-3.9987082,3.6245513,9.534752,-3.9987082
26291844142174,1.2833532,10.458845,5.6737566,1.2833532,10.458845,5.6737566
26291852015709,-2.2496588,9.5505,7.2980404,-2.2496588,9.5505,7.2980404
26291859919762,-6.9519186,7.1231203,8.085304,-6.9519186,7.1231203,8.085304
26291867854332,-7.905115,5.6849394,15.472997,-7.905115,5.6849394,15.472997
26291875819420,-4.068062,6.1260605,19.758013,-4.068062,6.1260605,19.758013
26291883692955,2.1415248,7.1378293,14.45507,2.1415248,7.1378293,14.45507
26291891627526,10.900685,8.908098,17.028507,10.900685,8.908098,17.028507
26291899562096,18.216976,9.963898,19.781525,18.216976,9.963898,19.781525
26291907435631,21.965006,8.837609,15.284024,21.965006,8.837609,15.284024
26291915339684,22.309572,6.7967367,12.8200655,22.309572,6.7967367,12.8200655
26291923243736,20.27097,4.7399917,11.105206,20.27097,4.7399917,11.105206
26291931147789,14.8561,2.7854586,6.3894396,14.8561,2.7854586,6.3894396
26291939021324,9.553597,1.1010408,4.3250527,9.553597,1.1010408,4.3250527
26291946955895,4.600887,-0.52304983,3.076982,4.600887,-0.52304983,3.076982
26291954920983,1.2902524,-2.146459,1.3251982,1.2902524,-2.146459,1.3251982
26291962794518,-0.18182921,-2.615005,3.5987794,-0.18182921,-2.615005,3.5987794
26291970698570,3.7712688,-1.1787772,11.61414,3.7712688,-1.1787772,11.61414
26291978572106,12.972412,1.2550154,16.133076,12.972412,1.2550154,16.133076
26291986476158,26.082764,4.593633,15.872526,26.082764,4.593633,15.872526
26291994380211,30.01758,5.9183292,-2.145306,30.01758,5.9183292,-2.145306
26292002284264,24.03527,6.918106,-10.5962,24.03527,6.918106,-10.5962
26292010218834,16.339373,7.614774,-9.680085,16.339373,7.614774,-9.680085
26292018153404,7.96101,7.930414,-7.9661694,7.96101,7.930414,-7.9661694
26292026087975,0.3324756,5.6295943,-6.4427605,0.3324756,5.6295943,-6.4427605
26292034022545,-3.9680846,3.0283294,-5.310931,-3.9680846,3.0283294,-5.310931
26292041926598,-5.6607842,1.0669136,-4.4371595,-5.6607842,1.0669136,-4.4371595
26292049830651,-4.1032577,1.0384412,-3.4737778,-4.1032577,1.0384412,-3.4737778
26292057704186,-2.2262363,1.3494496,-5.7375546,-2.2262363,1.3494496,-5.7375546
26292065577721,-1.7246046,1.1803832,-6.292343,-1.7246046,1.1803832,-6.292343
26292073481774,-1.0517933,0.388381,-4.347088,-1.0517933,0.388381,-4.347088
26292081355309,-0.31772536,-0.8208046,-2.507266,-0.31772536,-0.8208046,-2.507266
26292089289879,0.5728995,-2.5561688,-1.5684457,0.5728995,-2.5561688,-1.5684457
26292097224449,2.571062,-4.021695,-2.1776314,2.571062,-4.021695,-2.1776314
26292105159020,4.252977,-4.702489,-4.2781897,4.252977,-4.702489,-4.2781897
26292113063072,4.337603,-4.998469,-6.6135063,4.337603,-4.998469,-6.6135063
26292120997643,1.350499,-5.987294,-8.557032,1.350499,-5.987294,-8.557032
26292128962731,-2.6506743,-7.0149727,-7.8209925,-2.6506743,-7.0149727,-7.8209925
26292136836266,-5.080264,-7.337887,-7.4109244,-5.080264,-7.337887,-7.4109244
26292144709801,-8.400891,-8.031989,-12.149139,-8.400891,-8.031989,-12.149139
26292152613854,-12.002495,-9.112849,-16.142561,-12.002495,-9.112849,-16.142561
26292160487389,-15.570836,-9.876927,-15.650442,-15.570836,-9.876927,-15.650442
26292168360924,-17.83831,-9.724966,-12.383839,-17.83831,-9.724966,-12.383839
26292176264977,-15.911768,-8.395207,-13.232613,-15.911768,-8.395207,-13.232613
26292184169029,-11.243364,-6.862038,-14.996174,-11.243364,-6.862038,-14.996174
26292192042565,-5.9928503,-5.6332626,-13.495708,-5.9928503,-5.6332626,-13.495708
26292199916100,-3.3077717,-7.1241617,-12.0814,-3.3077717,-7.1241617,-12.0814
26292207789635,0.38935554,-10.886546,-8.040626,0.38935554,-10.886546,-8.040626
26292215693688,8.112419,-7.2796555,-15.603829,8.112419,-7.2796555,-15.603829
26292223628258,10.877552,-6.0130243,-8.039507,10.877552,-6.0130243,-8.039507
26292231562828,13.120935,-5.9865656,-6.133164,13.120935,-5.9865656,-6.133164
26292239497399,13.6165695,-4.671257,-4.502408,13.6165695,-4.671257,-4.502408
26292247431969,6.7165513,-6.6616716,2.3716047,6.7165513,-6.6616716,2.3716047
26292255397057,-2.2918081,-10.992716,-1.969491,-2.2918081,-10.992716,-1.969491
26292263301109,-11.259917,-14.14653,-3.4696803,-11.259917,-14.14653,-3.4696803
26292271266197,-18.149197,-14.7321205,5.641597,-18.149197,-14.7321205,5.641597
26292279139733,-16.73604,-12.996014,10.754522,-16.73604,-12.996014,10.754522
26292287043785,-10.188969,-13.645362,1.1598549,-10.188969,-13.645362,1.1598549
26292295008873,-2.8750143,-13.452101,-5.0834303,-2.8750143,-13.452101,-5.0834303
26292302912926,11.413581,-7.8935823,8.02652,11.413581,-7.8935823,8.02652
26292310816979,24.591513,2.6060033,8.794225,24.591513,2.6060033,8.794225
26292318721031,27.548447,12.790303,-1.5629296,27.548447,12.790303,-1.5629296
26292326625084,18.862766,12.589941,-8.508978,18.862766,12.589941,-8.508978
26292334498619,6.6106515,8.025787,-0.7479453,6.6106515,8.025787,-0.7479453
26292342433190,1.4009192,5.6433973,-13.236433,1.4009192,5.6433973,-13.236433
26292350337242,-2.0590575,0.5229244,-19.546314,-2.0590575,0.5229244,-19.546314
26292358241295,-9.845805,-4.056255,-6.4764256,-9.845805,-4.056255,-6.4764256
26292366114830,-17.252699,-2.8586445,4.7370887,-17.252699,-2.8586445,4.7370887
26292373988365,-22.375313,3.5943365,4.60468,-22.375313,3.5943365,4.60468
26292381861901,-23.50003,12.064775,0.46357012,-23.50003,12.064775,0.46357012
26292389826988,-23.428953,16.015936,-3.392517,-23.428953,16.015936,-3.392517
26292397731041,-19.681578,11.62818,-5.271779,-19.681578,11.62818,-5.271779
26292405665611,-15.033728,6.3657846,-6.6457744,-15.033728,6.3657846,-6.6457744
26292413569664,-10.73827,7.1556473,1.6206241,-10.73827,7.1556473,1.6206241
26292421504234,-6.358113,12.024372,2.499319,-6.358113,12.024372,2.499319
26292429438805,-4.4203,17.633293,-0.1413722,-4.4203,17.633293,-0.1413722
26292437342858,-4.5198402,23.185766,2.3717113,-4.5198402,23.185766,2.3717113
26292445216393,-6.7715034,27.148163,9.55838,-6.7715034,27.148163,9.55838
26292453089928,-8.962346,29.936779,12.763033,-8.962346,29.936779,12.763033
26292460963463,-10.434526,32.091717,15.100436,-10.434526,32.091717,15.100436
26292468867516,-12.22613,32.98886,18.20705,-12.22613,32.98886,18.20705
26292476741051,-3.2959754,29.599625,37.21214,-3.2959754,29.599625,37.21214
26292484675621,6.443649,20.728714,41.846992,6.443649,20.728714,41.846992
26292492610192,4.2717075,8.007242,15.341735,4.2717075,8.007242,15.341735
26292500544762,0.23859555,-0.5909085,-9.716398,0.23859555,-0.5909085,-9.716398
26292508479332,5.8879466,0.12494135,2.9010968,5.8879466,0.12494135,2.9010968
26292516383385,7.6680284,2.175302,18.421162,7.6680284,2.175302,18.421162
26292524287438,11.743436,3.4768114,5.6938696,11.743436,3.4768114,5.6938696
26292532160973,21.292383,6.7954783,0.94151163,21.292383,6.7954783,0.94151163
26292540034508,16.285078,13.158436,8.270657,16.285078,13.158436,8.270657
26292547938561,5.4582148,15.0023,4.798653,5.4582148,15.0023,4.798653
26292555812096,-2.939733,10.946777,3.4396653,-2.939733,10.946777,3.4396653
26292563716149,-9.159465,1.402009,5.16498,-9.159465,1.402009,5.16498
26292571589684,-9.764912,-7.9024525,5.4338245,-9.764912,-7.9024525,5.4338245
26292579463219,-5.035447,-12.848571,2.4601784,-5.035447,-12.848571,2.4601784
26292587336754,4.561821,-13.42144,-2.3509083,4.561821,-13.42144,-2.3509083
26292595210289,15.756071,-12.471521,-3.1307874,15.756071,-12.471521,-3.1307874
26292603083824,24.15074,-10.516796,-0.30344486,24.15074,-10.516796,-0.30344486
26292610987877,25.085852,-9.271353,2.997503,25.085852,-9.271353,2.997503
26292618922447,19.041592,-9.169325,6.262164,19.041592,-9.169325,6.262164
26292626857018,12.25965,-8.166397,3.8276591,12.25965,-8.166397,3.8276591
26292634761070,6.421832,-6.0355525,-0.4896326,6.421832,-6.0355525,-0.4896326
26292642695641,1.4449236,-3.7703104,-0.52393866,1.4449236,-3.7703104,-0.52393866
26292650630211,-2.8253307,-1.6207094,-5.849846,-2.8253307,-1.6207094,-5.849846
26292658564781,-6.1916537,-0.16532803,-9.413808,-6.1916537,-0.16532803,-9.413808
26292666499352,-9.022883,0.14950848,-9.117754,-9.022883,0.14950848,-9.117754
26292674372887,-12.201118,-0.04409218,-9.956302,-12.201118,-0.04409218,-9.956302
26292682246422,-15.222066,-0.022974968,-12.271328,-15.222066,-0.022974968,-12.271328
26292690180992,-17.775291,0.9848633,-8.804336,-17.775291,0.9848633,-8.804336
26292698115563,-18.69203,3.0481606,-5.7632694,-18.69203,3.0481606,-5.7632694
26292706080651,-18.676622,4.7138205,-9.355513,-18.676622,4.7138205,-9.355513
26292713954186,-14.759719,5.580971,-6.394677,-14.759719,5.580971,-6.394677
26292721858238,-10.273644,7.285321,-10.622349,-10.273644,7.285321,-10.622349
26292729762291,-7.5970435,10.909977,-21.32012,-7.5970435,10.909977,-21.32012
26292737696861,-15.001914,6.6857367,-9.509851,-15.001914,6.6857367,-9.509851
26292745631432,-24.259922,0.67946815,21.529375,-24.259922,0.67946815,21.529375
26292753535484,-15.774164,-1.4216924,9.933121,-15.774164,-1.4216924,9.933121
26292761409020,-3.4447577,-0.6103077,-4.0048904,-3.4447577,-0.6103077,-4.0048904
26292769282555,5.705344,1.9292955,-4.2481775,5.705344,1.9292955,-4.2481775
26292777156090,10.598599,5.574584,2.7567823,10.598599,5.574584,2.7567823
26292785029625,11.754221,7.813365,7.084031,11.754221,7.813365,7.084031
26292792903160,6.96865,5.179675,0.7953334,6.96865,5.179675,0.7953334
26292800776695,0.071094275,1.6948843,-4.2458973,0.071094275,1.6948843,-4.2458973
26292808680748,-5.4818106,0.17592621,-5.3524942,-5.4818106,0.17592621,-5.3524942
26292816584801,-11.771328,-0.9504199,-3.6718934,-11.771328,-0.9504199,-3.6718934
26292824488854,-16.179493,-1.7941928,1.4214317,-16.179493,-1.7941928,1.4214317
26292832362389,-18.40335,-2.6782298,-1.5158024,-18.40335,-2.6782298,-1.5158024
26292840266442,-16.102886,-1.6817532,-6.052184,-16.102886,-1.6817532,-6.052184
26292848139977,-11.951357,0.08067989,-2.4507945,-11.951357,0.08067989,-2.4507945
26292856013512,-9.35136,0.16347504,6.0607185,-9.35136,0.16347504,6.0607185
26292863887047,-6.370016,0.08593464,6.542077,-6.370016,0.08593464,6.542077
26292871730065,-3.3785887,-0.56781673,0.70049405,-3.3785887,-0.56781673,0.70049405
26292879664635,-0.9301462,0.3284788,-2.9206278,-0.9301462,0.3284788,-2.9206278
26292887599205,-5.2318277,1.1506891,-3.5212803,-5.2318277,1.1506891,-3.5212803
26292895503258,-10.321251,1.9256458,6.123989,-10.321251,1.9256458,6.123989
26292903437828,-6.0362988,3.0321798,17.677591,-6.0362988,3.0321798,17.677591
26292911341881,1.7935475,4.6194916,10.710979,1.7935475,4.6194916,10.710979
26292919245934,4.9643717,7.027198,4.587777,4.9643717,7.027198,4.587777
26292927119469,7.1622906,7.7936516,5.3940845,7.1622906,7.7936516,5.3940845
26292934993004,9.087373,9.102276,-2.81006,9.087373,9.102276,-2.81006
26292942866539,6.9881406,11.21426,2.322279,6.9881406,11.21426,2.322279
26292950740074,-0.021969914,8.934674,6.1727834,-0.021969914,8.934674,6.1727834
26292958644127,-8.88315,4.420122,5.199869,-8.88315,4.420122,5.199869
26292966548180,-11.976223,-0.29806805,0.6523099,-11.976223,-0.29806805,0.6523099
26292974452233,-8.851438,-3.1665468,-8.157583,-8.851438,-3.1665468,-8.157583
26292982325768,-5.4927135,-3.3605156,-9.836599,-5.4927135,-3.3605156,-9.836599
26292990199303,-3.0746293,-1.4453821,-1.9750524,-3.0746293,-1.4453821,-1.9750524
26292998072838,-0.5850131,0.5396347,1.1828518,-0.5850131,0.5396347,1.1828518
26293005946373,2.0784256,1.5238342,-3.5991087,2.0784256,1.5238342,-3.5991087
26293013819908,4.243381,1.6073656,-6.75071,4.243381,1.6073656,-6.75071
26293021693443,5.4831862,1.5271368,-4.913482,5.4831862,1.5271368,-4.913482
26293029566979,5.241867,1.2538958,-0.19757462,5.241867,1.2538958,-0.19757462
26293037440514,4.015831,0.95525455,1.6711869,4.015831,0.95525455,1.6711869
26293045314049,2.2031412,0.92374325,1.7060294,2.2031412,0.92374325,1.7060294
26293053248619,0.9067559,0.888072,1.3269339,0.9067559,0.888072,1.3269339
26293061152672,-0.08871853,0.8569193,1.5686939,-0.08871853,0.8569193,1.5686939
26293069026207,-0.81782675,0.5830517,1.6427603,-0.81782675,0.5830517,1.6427603
26293076899742,-1.0930586,0.43809032,1.5623312,-1.0930586,0.43809032,1.5623312
26293084773277,-1.0879372,0.27562237,2.0043933,-1.0879372,0.27562237,2.0043933
26293092646813,-1.0294356,0.009263039,2.5160503,-1.0294356,0.009263039,2.5160503
26293100520348,-0.81263,-0.13597202,3.348448,-0.81263,-0.13597202,3.348448
26293108393883,-0.33204964,-0.02203846,4.1593504,-0.33204964,-0.02203846,4.1593504
26293116297936,0.46084225,0.06722641,4.447953,0.46084225,0.06722641,4.447953
26293124201988,1.140662,0.004160881,3.949909,1.140662,0.004160881,3.949909
26293132106041,1.4914842,-0.09455204,3.669307,1.4914842,-0.09455204,3.669307
26293140010094,1.7226205,-0.088051796,4.656034,1.7226205,-0.088051796,4.656034
26293147914147,1.9697015,0.05645752,4.4219193,1.9697015,0.05645752,4.4219193
26293155787682,1.9043868,0.34866047,3.530718,1.9043868,0.34866047,3.530718
26293163661217,1.4350841,0.44524384,3.2902193,1.4350841,0.44524384,3.2902193
26293171534752,0.552304,0.34623528,3.113966,0.552304,0.34623528,3.113966
26293179469322,0.34775186,0.3468151,3.3887517,0.34775186,0.3468151,3.3887517
26293187403893,0.3855515,0.15510654,2.6523452,0.3855515,0.15510654,2.6523452
26293195307945,0.03236115,-0.12474346,2.4985075,0.03236115,-0.12474346,2.4985075
26293203242516,0.28216445,0.11534119,3.0034332,0.28216445,0.11534119,3.0034332
26293211177086,0.82177556,0.7992439,2.8253207,0.82177556,0.7992439,2.8253207
26293219111656,1.3886666,1.2806149,2.556357,1.3886666,1.2806149,2.556357
26293226985192,1.4615504,1.1165476,1.6317086,1.4615504,1.1165476,1.6317086
26293234889244,1.1447172,0.6942854,0.7966285,1.1447172,0.6942854,0.7966285
26293242762779,1.0334823,0.3223381,1.1825795,1.0334823,0.3223381,1.1825795
26293250666832,0.7639942,0.1803894,1.6071265,0.7639942,0.1803894,1.6071265
26293258540367,0.63863146,0.40971565,1.7233027,0.63863146,0.40971565,1.7233027
26293266413902,1.097975,0.86913776,2.120277,1.097975,0.86913776,2.120277
26293274317955,1.4393635,0.9059782,1.4791398,1.4393635,0.9059782,1.4791398
26293282222008,1.3105208,0.72504234,0.8552239,1.3105208,0.72504234,0.8552239
26293290095543,1.0144882,0.52454185,0.97005653,1.0144882,0.52454185,0.97005653
26293297999596,0.64952284,0.4312601,1.4833605,0.64952284,0.4312601,1.4833605
26293305873131,0.46679997,0.46249008,1.8027638,0.46679997,0.46249008,1.8027638
26293313746666,0.36296093,0.58254623,1.2608128,0.36296093,0.58254623,1.2608128
26293321620201,0.21953535,0.62888336,0.14772964,0.21953535,0.62888336,0.14772964
26293329493736,0.26554966,0.6603346,0.4167192,0.26554966,0.6603346,0.4167192
26293337367272,0.61712515,0.3542986,0.9156103,0.61712515,0.3542986,0.9156103
26293345240807,0.4161603,-0.08972359,0.2321577,0.4161603,-0.08972359,0.2321577
26293353144859,0.44091642,-0.16781998,0.69215703,0.44091642,-0.16781998,0.69215703
26293361018395,0.69634724,-0.06612682,0.8172772,0.69634724,-0.06612682,0.8172772
26293368922447,0.66558015,0.109033585,1.4357159,0.66558015,0.109033585,1.4357159
26293376857018,0.88342315,0.29375553,1.7523285,0.88342315,0.29375553,1.7523285
26293384791588,0.8469648,0.3274498,1.9010427,0.8469648,0.3274498,1.9010427
26293392756676,0.30091226,0.2817545,2.0319395,0.30091226,0.2817545,2.0319395
26293400630211,-0.010271609,0.25235176,2.125247,-0.010271609,0.25235176,2.125247
26293408503746,0.23086938,0.3519411,2.4039352,0.23086938,0.3519411,2.4039352
26293416407799,0.64693,0.49480152,2.1583714,0.64693,0.49480152,2.1583714
26293424281334,1.2162349,0.64272213,1.8437121,1.2162349,0.64272213,1.8437121
26293432185387,1.6190476,0.5661011,1.0681548,1.6190476,0.5661011,1.0681548
26293440058922,1.7111831,0.43988895,0.2730143,1.7111831,0.43988895,0.2730143
26293447962975,1.2809839,0.37580776,0.43546534,1.2809839,0.37580776,0.43546534
26293455867027,0.64877564,0.26646042,0.64901924,0.64877564,0.26646042,0.64901924
26293463740563,0.2035172,0.08579826,0.11741686,0.2035172,0.08579826,0.11741686
26293471614098,-0.19901484,0.0010929108,0.010752201,-0.19901484,0.0010929108,0.010752201
26293479487633,-0.902269,-0.043019295,0.30646157,-0.902269,-0.043019295,0.30646157
26293487361168,-1.1648386,-0.010836601,0.98871875,-1.1648386,-0.010836601,0.98871875
26293495234703,-0.6753793,0.040696144,0.9573686,-0.6753793,0.040696144,0.9573686
26293503108238,0.14616668,0.058883667,0.7033782,0.14616668,0.058883667,0.7033782
26293511012291,0.7710278,0.14445972,0.9281492,0.7710278,0.14445972,0.9281492
26293518885826,1.2364008,0.23753452,1.6838163,1.2364008,0.23753452,1.6838163
26293526789879,1.3652859,0.24790668,1.7153362,1.3652859,0.24790668,1.7153362
26293534663414,1.2471566,0.26752377,1.4563992,1.2471566,0.26752377,1.4563992
26293542536949,1.1943338,0.31395817,1.2758185,1.1943338,0.31395817,1.2758185
26293550410484,0.9669786,0.33481216,1.2183472,0.9669786,0.33481216,1.2183472
26293558284020,0.4603362,0.27533627,1.2049078,0.4603362,0.27533627,1.2049078
26293566188072,0.0055614114,0.1698227,0.88010275,0.0055614114,0.1698227,0.88010275
26293574122643,-0.30797526,0.07264519,0.919243,-0.30797526,0.07264519,0.919243
26293582026695,-0.9848523,-0.0837183,1.0457503,-0.9848523,-0.0837183,1.0457503
26293589961266,-0.8782533,0.16685009,1.2080793,-0.8782533,0.16685009,1.2080793
26293597834801,1.0030814,0.21291351,-0.18155551,1.0030814,0.21291351,-0.18155551
26293605738854,3.7883549,0.49643803,-0.80342793,3.7883549,0.49643803,-0.80342793
26293613642906,2.3079414,0.3565054,2.8302462,2.3079414,0.3565054,2.8302462
26293621516442,0.40878868,-0.2585554,1.2874122,0.40878868,-0.2585554,1.2874122
26293629420494,-0.5216521,-0.25264072,0.00121212,-0.5216521,-0.25264072,0.00121212
26293637294029,-0.37353772,0.03692913,0.021588326,-0.37353772,0.03692913,0.021588326
26293645167565,-0.41235557,0.10429764,0.60040534,-0.41235557,0.10429764,0.60040534
26293653041100,-0.22127247,0.049703598,0.94502044,-0.22127247,0.049703598,0.94502044
26293660914635,-0.1468845,-0.022116661,1.1130954,-0.1468845,-0.022116661,1.1130954
26293668849205,-0.11000347,0.059247017,0.9267452,-0.11000347,0.059247017,0.9267452
26293676753258,-0.1377204,0.21749878,0.6982527,-0.1377204,0.21749878,0.6982527
26293684626793,0.14549875,0.43669605,0.019004107,0.14549875,0.43669605,0.019004107
26293692530846,0.38625473,0.4459896,-0.005730629,0.38625473,0.4459896,-0.005730629
26293700404381,-0.12794143,-0.29870892,0.28750587,-0.12794143,-0.29870892,0.28750587
26293708277916,-0.14209479,-0.2909956,-0.022571802,-0.14209479,-0.2909956,-0.022571802
26293716151451,0.964845,0.8845253,0.62454677,0.964845,0.8845253,0.62454677
26293724024986,0.46487695,0.097486496,0.012586832,0.46487695,0.097486496,0.012586832
26293731898522,0.4078179,0.011817932,0.24684644,0.4078179,0.011817932,0.24684644
26293739772057,0.13465762,-0.033061028,0.34717083,0.13465762,-0.033061028,0.34717083
26293747676109,-0.42197853,-0.05352211,0.071614265,-0.42197853,-0.05352211,0.071614265
26293755580162,-0.5998981,-0.04493141,0.032135963,-0.5998981,-0.04493141,0.032135963
26293763484215,-0.43990633,-0.0721159,0.04360938,-0.43990633,-0.0721159,0.04360938
26293771418785,-0.20077783,-0.05646515,0.33174992,-0.20077783,-0.05646515,0.33174992
26293779322838,0.18633771,-0.007470131,0.5304489,0.18633771,-0.007470131,0.5304489
26293787287926,0.49343354,0.05574894,0.59173775,0.49343354,0.05574894,0.59173775
26293795161461,0.5579818,0.14504528,0.7019974,0.5579818,0.14504528,0.7019974
26293803034996,0.370659,0.19830513,0.65592444,0.370659,0.19830513,0.65592444
26293810939049,0.054707706,0.21103668,0.40008342,0.054707706,0.21103668,0.40008342
26293818812584,-0.06861335,0.1304884,0.46818554,-0.06861335,0.1304884,0.46818554
26293826716637,-0.28302467,-0.038396835,0.36324346,-0.28302467,-0.038396835,0.36324346
26293834590172,-0.38619006,-0.06357956,0.3761841,-0.38619006,-0.06357956,0.3761841
26293842494225,-0.2123034,0.03340435,0.3101549,-0.2123034,0.03340435,0.3101549
26293850398277,-0.0014093518,0.120806694,0.45196235,-0.0014093518,0.120806694,0.45196235
26293858271813,0.25126153,0.12449169,0.5099089,0.25126153,0.12449169,0.5099089
26293866206383,0.5813794,0.12609863,0.32210064,0.5813794,0.12609863,0.32210064
26293874140953,0.5753597,0.17805004,0.25160408,0.5753597,0.17805004,0.25160408
26293882045006,0.5590206,0.27557755,0.12855315,0.5590206,0.27557755,0.12855315
26293889949059,0.46007675,0.21048355,-0.034041643,0.46007675,0.21048355,-0.034041643
26293897853111,0.43350565,0.29416752,-1.1591215,0.43350565,0.29416752,-1.1591215
26293905757164,-0.41949758,-0.07515144,-0.3392589,-0.41949758,-0.07515144,-0.3392589
26293913630699,-1.0467088,-0.27963638,-0.32996345,-1.0467088,-0.27963638,-0.32996345
26293921504234,-1.4235084,-0.19204044,0.42833674,-1.4235084,-0.19204044,0.42833674
26293929408287,-1.1477757,-0.14739418,0.23714662,-1.1477757,-0.14739418,0.23714662
26293937281822,-0.43983704,0.01002121,0.14721465,-0.43983704,0.01002121,0.14721465
26293945155358,-0.051496744,0.10285187,0.49529982,-0.051496744,0.10285187,0.49529982
26293953028893,0.1410625,0.12627506,0.7160201,0.1410625,0.12627506,0.7160201
26293960902428,0.26709652,0.09729099,0.41298997,0.26709652,0.09729099,0.41298997
26293968775963,0.45618016,0.11383152,0.37778223,0.45618016,0.11383152,0.37778223
26293976649498,0.7017615,0.17579556,0.45690346,0.7017615,0.17579556,0.45690346
26293984523033,0.85561246,0.2926941,0.39873326,0.85561246,0.2926941,0.39873326
26293992396568,1.0366845,0.22740269,0.33190596,1.0366845,0.22740269,0.33190596
26294000300621,0.9968603,0.073387146,0.2355082,0.9968603,0.073387146,0.2355082
26294008174156,0.74634355,0.038871765,0.36801326,0.74634355,0.038871765,0.36801326
26294016047692,0.4010843,-0.007674217,0.36884868,0.4010843,-0.007674217,0.36884868
26294023951744,-0.06892663,-0.35090446,0.10548973,-0.06892663,-0.35090446,0.10548973
26294031825279,-0.2566758,0.093608856,0.3218757,-0.2566758,0.093608856,0.3218757
26294039698815,-0.039958,0.4425373,0.020246267,-0.039958,0.4425373,0.020246267
26294047572350,-0.1827268,0.101756096,0.1302979,-0.1827268,0.101756096,0.1302979
26294055415367,-0.6818795,-0.27000904,0.21712875,-0.6818795,-0.27000904,0.21712875
26294063349938,-0.9930325,-0.2130518,0.16304064,-0.9930325,-0.2130518,0.16304064
26294071253990,-0.7801367,-0.05051613,0.054819107,-0.7801367,-0.05051613,0.054819107
