49244383293330,-0.025566347,0.002130529,-0.010652645
49244391227900,-0.025566347,0.002130529,-0.010652645
49244399101435,-0.025566347,0.002130529,-0.010652645
49244406974970,-0.025566347,0.002130529,-0.010652645
49244414879023,-0.025566347,0.002130529,-0.010652645
49244422783076,-0.025566347,0.002130529,-0.010652645
49244430656611,-0.025566347,0.002130529,-0.010652645
49244438530146,-0.025566347,0.002130529,-0.010652645
49244446434199,-0.011185277,0.12783173,-0.0058589545
49244454338252,0.0031957934,0.13102753,-0.011717909
49244462211787,0.024501082,0.11132014,-0.013848438
49244470176875,0.039414786,0.083090626,-0.014913702
49244478080928,0.046339005,0.042077947,-0.011185277
49244485984980,0.047404267,0.0127831735,-0.007456851
49244493889033,0.04314321,0.0010652645,-0.008522116
49244501823603,0.046871636,0.0026631611,-0.008522116
49244509758174,0.05006743,0.008522116,-0.017044231
49244517631709,0.056459017,0.01917476,-0.019707393
49244525535761,0.07084008,0.036751624,-0.020772656
49244533470332,0.087884314,0.05273059,-0.026631612
49244541404902,0.104928546,0.058056913,-0.026631612
49244549339472,0.11771172,0.061252706,-0.0314253
49244557213008,0.12676647,0.05539375,-0.034621093
49244565086543,0.13741912,0.041545313,-0.039414786
49244573021113,0.14327806,0.034621093,-0.04261058
49244580986201,0.15126756,0.029294772,-0.048469532
49244588951289,0.15765914,0.02130529,-0.05752428
49244596824824,0.165116,0.017576864,-0.066046394
49244604667842,0.17417073,0.01917476,-0.072970614
49244612571894,0.19121496,0.02130529,-0.07882957
49244620506465,0.2082592,0.04314321,-0.082558
49244628471553,0.22743396,0.077231675,-0.09534117
49244636345088,0.2412824,0.104928546,-0.10918961
49244644218623,0.25033715,0.10439592,-0.120907515
49244652122676,0.26418558,0.101200126,-0.12357068
49244660057246,0.28495824,0.101200126,-0.12623383
49244668022334,0.31052458,0.09534117,-0.12516858
49244675895869,0.33076462,0.058056913,-0.11930962
49244683799922,0.35100463,0.041545313,-0.12623383
49244691734492,0.37603834,0.05006743,-0.13209279
49244699669062,0.4250405,0.08362326,-0.13582122
49244707603633,0.4788364,0.111852765,-0.15126756
49244715477168,0.53263223,0.10439592,-0.16192019
49244723350703,0.60293967,0.07882957,-0.16085494
49244731254756,0.63649553,-0.041012682,-0.16138756
49244739189326,0.6801714,-0.2396845,-0.16458336
49244747154414,0.783502,-0.32011196,-0.17470337
49244755058467,0.8048073,-0.3797668,-0.18695392
49244762932002,0.8591358,-0.42344263,-0.20026971
49244770836054,0.9731191,-0.40266997,-0.24767399
49244778740107,1.0444918,-0.34834146,-0.31798145
49244786644160,1.091896,-0.30040458,-0.3920173
49244794548213,1.1792477,-0.29827404,-0.4383563
49244802421748,1.2921658,-0.25885928,-0.48948902
49244810356318,1.3944311,-0.18908444,-0.56459016
49244818199336,1.5100124,-0.1123854,-0.6514092
49244826133906,1.6490294,-0.05006743,-0.75580513
49244834007441,1.8050907,0.041545313,-0.8708537
49244841880976,1.9829898,0.16298546,-0.9864349
49244849785029,2.2008364,0.3057309,-1.1393003
49244857719599,2.4479778,0.4133226,-1.3406353
49244865654170,2.6929886,0.5225122,-1.5499598
49244873527705,2.94013,0.69987875,-1.798699
49244881401240,3.220827,0.9986854,-2.1385183
49244889305293,3.300722,1.2852416,-2.346245
49244897239863,3.2985914,1.6085494,-2.2977755
49244905174433,3.2240229,1.9414445,-2.2530344
49244913047969,3.1377366,2.0895162,-2.3861923
49244920921504,3.1393344,2.1443772,-2.59818
49244928825556,3.13241,2.2429142,-2.7478497
49244936729609,3.064766,2.5406556,-2.9518478
49244944694697,3.0780816,2.9742184,-3.1478565
49244952568232,3.1265512,3.5499938,-3.3523872
49244960441767,2.9981868,4.200338,-3.5201664
49244968376338,2.7851338,4.9944925,-3.4866107
49244976341426,2.5843315,5.751363,-3.2133703
49244984275996,2.3957798,6.1007695,-2.8751488
49244992149531,2.1097562,5.994776,-2.5598304
49245000023066,1.7124126,5.597965,-2.267948
49245007927119,1.3022858,5.008341,-2.0224047
49245015892207,0.7866978,4.233361,-1.7411747
49245023857295,0.19441076,3.161705,-1.4173343
49245031761347,-0.3834952,2.0730047,-1.1430287
49245039634883,-1.0636666,1.1158645,-0.87777793
49245047569453,-1.8178738,0.31265512,-0.6103965
49245055473506,-2.6402578,-0.37071204,-0.33609092
49245063377558,-3.4605117,-0.88044107,-0.022370555
49245071281611,-4.282363,-1.081776,0.32490566
49245079155146,-5.22672,-0.97951066,0.660464
49245087059199,-6.2312646,-0.61625546,0.94275904
49245094993769,-7.1521854,-0.016511599,1.1765846
49245102958857,-8.157263,0.7483483,1.3321131
49245110832392,-9.191102,1.4935007,1.3480922
49245118736445,-9.556487,2.0271983,1.3044163
49245126640498,-8.070443,3.6000612,0.60080916
49245134575068,-7.6006618,5.006743,-0.32863408
49245142540156,-9.141034,3.8541267,-0.5273059
49245150444209,-9.225723,2.2871227,-0.6045376
49245158317744,-8.69895,0.1107875,-0.07989483
49245166252314,-8.002799,-3.0812774,0.3222425
49245174125849,-7.535148,-4.031493,1.206412
49245182090937,-7.188937,-3.3071134,2.431466
49245189964472,-6.8890653,-2.1646173,3.3465283
49245197868525,-6.2568307,-1.6373115,3.2996566
49245205772578,-5.556952,-1.6405072,2.6322684
49245213707148,-4.752145,-1.8839202,1.8221349
49245221672236,-3.6623793,-2.1747375,1.0114686
49245229576289,-2.5182853,-2.5731463,0.3717773
49245237480342,-1.2980248,-3.1276164,0.24927188
49245245414912,-0.15339808,-3.7321541,0.5629923
49245253257929,0.47031426,-3.9398806,0.8452873
49245261223017,1.0450244,-3.6224318,0.9672601
49245269127070,1.5377092,-2.8708878,0.7052051
49245276970088,1.9430424,-1.9542277,0.18588865
49245284904658,2.15503,-0.86659265,-0.34301516
49245292808711,2.2509038,0.24980451,-0.7190535
49245300743281,2.364887,1.0578076,-0.90654004
49245308616816,2.5278726,1.468467,-0.9550096
49245316490351,2.6823359,1.582983,-0.91612744
49245324424922,2.7579696,1.4849787,-0.8447547
49245332359492,2.753176,1.2442288,-0.76272935
49245340324580,2.7180223,0.9422264,-0.6764429
49245348228633,2.6759443,0.6695187,-0.5970807
49245356102168,2.6269422,0.40533313,-0.531567
49245364036738,2.5731463,0.11132014,-0.48309743
49245371940791,2.52734,-0.18695392,-0.45007423
49245379875361,2.4719462,-0.4612595,-0.42397526
49245387748896,2.4138892,-0.6918893,-0.4048005
49245395622431,2.3654196,-0.8633968,-0.38775626
49245403557002,2.3110912,-0.9997507,-0.3749731
49245411491572,2.2338595,-1.1297129,-0.37550572
49245419456660,2.1619542,-1.262871,-0.3749731
49245427330195,2.1097562,-1.3736585,-0.37550572
49245435203730,2.0628846,-1.4402375,-0.38136467
49245443107783,2.0106866,-1.4759239,-0.39521313
49245451042353,1.952097,-1.4769892,-0.41438788
49245459007441,1.8993665,-1.4322481,-0.4415521
49245466880976,1.8519622,-1.3518206,-0.47137952
49245471824824,1.8295918,-1.3054816,-0.4878911
49245479759394,1.7848506,-1.1930962,-0.51718587
49245487693965,1.7315874,-1.067395,-0.5438175
49245495628535,1.6777915,-0.9534117,-0.56938386
49245503502070,1.6325178,-0.8628642,-0.5816344
49245511375605,1.5925703,-0.80533993,-0.5832323
49245519310176,1.5739282,-0.79255676,-0.57098174
49245527244746,1.5622103,-0.8330368,-0.5502091
49245535118281,1.556884,-0.91186637,-0.5209143
49245542991816,1.556884,-1.0002834,-0.48682585
49245550865351,1.5622103,-1.0966897,-0.45060685
49245558799922,1.572863,-1.1851068,-0.41864893
49245566612422,1.5867114,-1.2665994,-0.39041942
49245574577510,1.5840483,-1.3480922,-0.3616573
49245582542597,1.5659387,-1.427987,-0.3334278
49245590416133,1.5488945,-1.5227956,-0.3089267
49245598320185,1.5350461,-1.6708673,-0.28442562
49245606315791,1.5185345,-1.8663434,-0.25885928
49245614250361,1.496164,-2.0921793,-0.24181503
49245622154414,1.4823155,-2.2977755,-0.24820662
49245629997431,1.4514228,-2.457565,-0.27324033
49245637901484,1.3970944,-2.5470474,-0.3174488
49245645744502,1.3299826,-2.5795379,-0.38029942
49245653709590,1.2607405,-2.5395904,-0.45220476
49245661583125,1.1313108,-2.4431841,-0.51292485
49245669456660,0.968858,-2.2322617,-0.55979645
49245677360713,0.85540736,-1.9249328,-0.5997439
49245685295283,0.77231675,-1.6170714,-0.6194513
49245693260371,0.67058396,-1.2767195,-0.60720074
49245701164424,0.5683186,-1.0189254,-0.5832323
49245709037959,0.41438788,-0.71958613,-0.5299691
49245716942011,0.30306774,-0.43089947,-0.46818373
49245724846064,0.22264028,-0.11984225,-0.4101268
49245732811152,0.13688648,0.13422333,-0.36005938
49245740715205,-0.15180019,0.11717909,-0.21891184
49245748588740,-0.79894835,-0.18695392,0.0628506
49245756492793,-1.417867,-0.360592,0.32863408
49245764396845,-1.7278589,-0.10333065,0.4910869
49245772361933,-1.7630126,0.39627838,0.76592517
49245780235469,-1.6506273,0.93903065,1.0423613
49245788109004,-1.3619406,1.2341089,1.2048141
49245796013056,-1.2042814,0.69135666,1.0721886
49245803947627,-1.0807108,-0.33662358,0.5795039
49245811821162,-0.90014845,-0.9821738,0.34674358
49245819694697,-0.9038769,-1.4562165,0.54648066
49245827568232,-1.051416,-1.7054884,0.7749799
49245835472285,-1.1776499,-1.6367788,0.9257148
49245843345820,-1.160073,-1.4508902,0.99495703
49245851280390,-1.041296,-1.1989552,0.9816412
49245859153926,-0.9757822,-0.88683265,0.88470215
49245867027461,-0.928378,-0.61678815,0.69721556
49245874962031,-0.8213189,-0.32650355,0.4644553
49245882866084,-0.65673554,0.10705908,0.30466563
49245890831172,-0.525708,0.6034723,0.27217507
49245898735224,-0.43196473,1.0120013,0.29294774
49245906608760,-0.34514567,1.2282499,0.2908172
49245914543330,-0.25566345,1.2330436,0.2593919
49245922447383,-0.18375812,1.0924287,0.22903186
49245930412470,-0.15978967,0.88044107,0.22956449
49245938286006,-0.16937704,0.6317018,0.26365295
49245946159541,-0.18002969,0.35420042,0.30466563
49245954063594,-0.19707392,0.105993815,0.3291667
49245961998164,-0.22370553,-0.02876214,0.33129725
49245969932734,-0.23648871,-0.072970614,0.32330775
49245977806269,-0.23808661,-0.07403588,0.3057309
49245985679804,-0.22370553,0.010120012,0.28122982
49245993614375,-0.20719394,0.1470065,0.24820662
49246001548945,-0.19228023,0.29241508,0.21731395
49246009514033,-0.18269286,0.39361522,0.19387813
49246017387568,-0.16884442,0.43196473,0.18429075
49246025261103,-0.14966966,0.4149205,0.19281286
49246033195674,-0.14647387,0.34780884,0.21731395
49246041130244,-0.16138756,0.24820662,0.23648871
49246049064814,-0.18109496,0.13422333,0.24714136
49246056968867,-0.18801917,0.026631612,0.25672874
49246064842402,-0.19867182,-0.056991648,0.26365295
49246072746455,-0.2247708,-0.11664646,0.26525086
49246080711543,-0.25193503,-0.13848437,0.26045716
49246088615595,-0.28708878,-0.13369069,0.25885928
49246096519648,-0.32330775,-0.11984225,0.25193503
49246104362666,-0.35420042,-0.094808534,0.24074976
49246112266719,-0.3787015,-0.05486112,0.23222765
49246120140254,-0.39521313,-0.009054748,0.22690132
49246128105342,-0.40852892,0.026631612,0.22264028
49246135978877,-0.42077947,0.04527374,0.21678132
49246143852412,-0.4250405,0.034088463,0.2130529
49246151756465,-0.41438788,0.041545313,0.2082592
49246159660517,-0.3888215,0.05752428,0.19867182
49246167595088,-0.36591834,0.055926383,0.18535602
49246175468623,-0.35792887,0.03195793,0.17949706
49246183372676,-0.35100463,-0.025033714,0.16884442
49246191307246,-0.34088463,-0.104928546,0.16884442
49246199272334,-0.33289513,-0.16458336,0.18269286
49246207237422,-0.32863408,-0.20133498,0.19760656
49246215141474,-0.330232,-0.21891184,0.19867182
49246223015010,-0.32490566,-0.2050634,0.19228023
49246230949580,-0.3254383,-0.13528858,0.18056233
49246238853633,-0.33502567,-0.06551377,0.16405073
49246246788203,-0.34408042,-0.025033714,0.14221281
49246254661738,-0.350472,-0.011185277,0.12942964
49246262535273,-0.35153726,-0.016511599,0.1257012
49246270439326,-0.34674358,-0.03888215,0.12516858
49246278373896,-0.33822146,-0.08042747,0.1272991
49246286338984,-0.3323625,-0.1304949,0.12516858
49246294212519,-0.32756883,-0.17736652,0.128897
49246302086054,-0.31265512,-0.21092236,0.13102753
49246309990107,-0.29880667,-0.22210763,0.13156016
49246317924678,-0.28815404,-0.20719394,0.12783173
49246325889765,-0.2806972,-0.175236,0.11558119
49246333763301,-0.26897928,-0.14327806,0.10439592
49246341636836,-0.26418558,-0.10652645,0.09427591
49246349540888,-0.25726137,-0.07669904,0.08575379
49246357505976,-0.24873926,-0.05273059,0.07829694
49246365440547,-0.24341293,-0.050600063,0.07456851
49246373314082,-0.23329292,-0.05219796,0.07350325
49246381187617,-0.22370553,-0.05965481,0.06870956
49246389122187,-0.21411815,-0.058056913,0.06498113
49246396965205,-0.20559604,-0.053263225,0.058056913
49246404930293,-0.19387813,-0.04261058,0.051132694
49246412803828,-0.17949706,-0.032490566,0.04527374
49246420707881,-0.17789917,-0.034621093,0.03781689
49246428581416,-0.17204021,-0.042077947,0.033023197
49246436546504,-0.16245283,-0.055926383,0.029827405
49246444511592,-0.1486044,-0.06977482,0.028229509
49246452415644,-0.13528858,-0.06977482,0.026631612
49246460289179,-0.113983296,-0.060720075,0.02130529
49246468193232,-0.10226539,-0.05486112,0.013848438
49246476036250,-0.098004326,-0.03781689,0.007456851
49246484001338,-0.090014845,-0.03355583,0.004261058
49246491874873,-0.09161274,-0.025566347,5.326322E-4
49246499748408,-0.092145376,-0.025566347,0.0
49246507652461,-0.08575379,-0.0127831735,0.010652645
49246515587031,-0.07084008,0.010652645,0.0127831735
49246523521601,-0.05752428,0.025033714,0.008522116
49246531395136,-0.039947417,0.02876214,0.004261058
49246539268672,-0.026631612,0.034088463,0.007456851
49246547203242,-0.01917476,0.041012682,0.0127831735
49246555137812,-0.0037284256,0.027696876,0.010120012
49246563102900,0.015446335,0.008522116,0.0127831735
49246571006953,0.029294772,0.0058589545,0.011717909
49246578849970,0.040480047,0.016511599,0.0127831735
49246586784541,0.05219796,0.040480047,0.006924219
49246594719111,0.06231797,0.07350325,-0.0031957934
49246602684199,0.05965481,0.09853696,-0.010120012
49246610557734,0.054328486,0.101200126,-0.017044231
49246618461787,0.054328486,0.08468852,-0.015978966
49246626365840,0.049534798,0.0644485,-0.009054748
49246634330928,0.047404267,0.043675844,-0.002130529
49246642296015,0.053263225,0.023435818,0.002130529
49246650169551,0.058589544,0.022903185,0.0031957934
49246658043086,0.05219796,0.02130529,0.0010652645
49246665977656,0.041545313,0.021837922,0.002130529
49246673912226,0.03195793,0.0058589545,0.004261058
49246681877314,0.021837922,-0.011717909,0.007456851
49246689750849,0.01438107,-0.022903185,0.011717909
49246697654902,0.0127831735,-0.01917476,0.014913702
49246705558955,0.015978966,0.004261058,0.014913702
49246713524043,0.013315806,0.03355583,0.00958738
49246721458613,0.009054748,0.046339005,5.326322E-4
49246729332148,0.007456851,0.049534798,-0.0026631611
49246737205683,0.010652645,0.042077947,-0.0037284256
49246745109736,0.00958738,0.024501082,-0.0031957934
49246753044306,0.011717909,0.004261058,-0.0015978967
49246761009394,0.01438107,-0.006924219,0.0010652645
49246768852412,0.018642128,5.326322E-4,0.0015978967
49246776725947,0.02396845,0.018109497,-0.0037284256
49246784660517,0.02609898,0.027696876,-0.007456851
49246792595088,0.02396845,0.03568636,-0.0127831735
49246800468623,0.027164243,0.0314253,-0.011185277
49246808342158,0.03355583,0.018642128,-0.0058589545
49246816246211,-0.07403588,-0.036751624,-0.02130529
49246824180781,-0.0644485,0.0053263223,-0.02609898
49246832054316,0.06711166,0.029294772,-0.017044231
49246839988886,0.037284255,0.072970614,-0.007989483
49246847892939,0.029827405,0.066046394,-0.007989483
49246855766474,0.06711166,0.055926383,-0.004261058
49246863670527,0.10066749,0.05486112,0.006924219
49246871574580,0.08468852,0.044208474,0.018642128
49246879509150,0.0314253,0.0026631611,0.019707393
49246887382685,0.018109497,-0.018109497,0.011185277
49246895256220,0.03355583,-0.018642128,0.0037284256
49246903160273,0.022903185,0.0063915867,0.002130529
