54764265826051,0.0022452772,-0.12486267,-0.017400742
54764273760621,0.0027285963,-0.114154816,-0.015487313
54764281664674,0.0013319254,-0.0362854,-0.0047849417
54764289568727,-3.6779046E-4,0.009926796,0.0013411045
54764297503297,-0.0012101829,0.041617393,0.005498171
54764305437867,-0.0019677281,0.11062431,0.015300751
54764313372438,-8.2184374E-4,0.11658287,0.017349243
54764321276490,-3.895983E-4,0.05240345,0.008045793
54764329150026,5.3571165E-4,-0.020204544,-0.0030982494
54764337023561,0.003919959,-0.08207035,-0.01336503
54764344927613,0.012291789,-0.17196274,-0.0300498
54764352831666,0.012610495,-0.17320347,-0.0329746
54764360735719,0.01689428,-0.21294117,-0.04266572
54764368670289,0.016465664,-0.19406033,-0.043967247
54764376604860,0.011573255,-0.18963337,-0.045663595
54764384508912,0.011966795,-0.24966621,-0.057758093
54764392412965,0.014674276,-0.28119564,-0.062746525
54764400347535,0.0120616555,-0.27340698,-0.055197
54764408251588,0.009026229,-0.21420193,-0.038321137
54764416186158,0.0050056875,-0.1455574,-0.022688985
54764424090211,5.6125224E-4,-0.028286934,-0.00404799
54764431994264,7.2419643E-4,-0.04013157,-0.0047893524
54764439898317,0.0022200644,-0.055728912,-0.0055989623
54764447802369,-0.0036355257,0.06481171,0.008126736
54764455736940,0.0037823915,-0.049149513,-0.007990241
54764463640992,0.017591119,-0.21197891,-0.039109826
54764471545045,0.013966322,-0.17228222,-0.036375523
54764479479615,0.013881087,-0.15834904,-0.0379169
54764487383668,0.011405289,-0.14866447,-0.03912711
54764495318238,0.016005576,-0.1948719,-0.050326586
54764503252809,0.008080125,-0.2222147,-0.061798334
54764511156862,-0.0029246956,-0.2163353,-0.06319213
54764519060914,-0.012295246,-0.35604668,-0.10891509
54764526995485,-0.020125926,-0.3225975,-0.09542823
54764534899537,-0.009776533,-0.10021019,-0.029629946
54764542834108,-0.01304543,-0.106352806,-0.028883457
54764550768678,-0.021154404,-0.1969881,-0.061173916
54764558672731,-0.026319265,-0.47369003,-0.13161445
54764566576783,-0.014747575,-0.5528631,-0.1553855
54764574511354,-0.017645419,-0.5983534,-0.1203351
54764582415406,-0.007906854,-0.35731316,-0.0648067
54764590349977,-0.0020317137,-0.09613514,-0.012443781
54764598254029,0.009996176,0.24028778,0.017529845
54764606158082,0.032824516,0.55825424,0.017960161
54764614031617,0.06373727,0.8200531,0.008151971
54764621935670,0.0877372,0.9383621,-0.007756509
54764629839723,0.0934273,0.923769,-0.029399633
54764637743776,0.07414013,0.7516937,-0.0071775466
54764645678346,0.028545976,0.3863144,-0.0038194582
54764653582399,0.006584823,0.09363365,-3.2339618E-4
54764661486451,0.005088389,0.064967155,0.0018232167
54764669390504,0.020729303,0.23787594,0.0104132
54764677294557,0.035761297,0.35554886,0.022355795
54764685168092,0.03453195,0.32058144,0.02070725
54764693102662,0.020504236,0.18677998,0.012010157
54764701037233,-7.264614E-4,-0.007710457,-6.427765E-4
54764708971803,-0.010857344,-0.17561531,-0.014525533
54764716875856,-0.011477143,-0.29756832,-0.028531075
54764724749391,-0.0054875016,-0.2387743,-0.030113816
54764732683961,0.0013028644,-0.22644806,-0.032412887
54764740588014,0.008035734,-0.3407383,-0.054053783
54764748492067,0.011573464,-0.37122822,-0.06205511
54764756426637,0.0054187924,-0.25067043,-0.044629693
54764764330690,0.0030484498,-0.22142124,-0.043293357
54764772234742,0.0065357685,-0.17778683,-0.034995914
54764780169313,0.0077853203,-0.13651848,-0.024737
54764788103883,0.0073884726,-0.13397217,-0.027076125
54764796038453,0.013862014,-0.2454977,-0.0527308
54764803942506,0.03632915,-0.3463173,-0.0735724
54764811846559,0.027713656,-0.21441174,-0.05027771
54764819750612,0.028755665,-0.16701126,-0.041323185
54764827654664,0.044360638,-0.19102669,-0.05953765
54764835528199,-0.0065004826,0.02455616,0.010454893
54764843462770,-0.08908677,0.3167448,0.1728406
54764851366822,-0.21893263,0.7928057,0.49222994
54764859301393,-0.493459,1.8348131,1.1743579
54764867235963,-0.85418797,2.904478,1.6678095
54764875140016,-1.2402766,4.339775,1.8560419
54764883105104,-1.4976115,6.319021,1.7940152
54764890978639,-1.2262745,8.097134,1.4592224
54764898913209,-1.2272925,9.635483,1.0755304
54764906817262,-0.9561203,10.488622,0.84063584
54764914751832,0.5124571,10.080333,0.037645314
54764922686403,0.21364206,7.8209324,-0.3039983
54764930590455,-0.32822925,5.702571,-0.35911268
54764938494508,-0.1517159,4.3444624,-0.95364857
54764946398561,0.54377496,3.1329231,-0.9717643
54764954302613,0.8188193,2.5446491,-0.89311266
54764962206666,0.82671523,1.9032831,-0.51556706
54764970110719,0.054255486,0.10868645,-0.011442542
54764978045289,-1.0361605,-2.4136248,0.13159958
54764985979860,-1.4221833,-2.296029,-0.284253
54764993883912,-0.84228086,-1.0896378,-0.23343658
54765001818483,-1.1172519,-2.0511231,-0.4954449
54765009692018,-1.2436206,-3.4815435,-0.5576375
54765017596071,-1.1556598,-3.613514,-0.021148257
54765025530641,-1.1689696,-3.2088842,0.2504941
54765033434694,-0.8760328,-3.21169,0.40690488
54765041369264,-0.57387733,-3.194365,0.5327964
54765049273317,-0.4462024,-2.9082885,0.63063884
54765057177369,-0.51711786,-2.4679813,0.64250576
54765065081422,-0.54779744,-1.9331274,0.5594404
54765072985475,-0.47652388,-1.382422,0.43244433
54765080859010,-0.37320495,-0.9861002,0.31569338
54765088793580,-0.26721668,-0.6551447,0.21928954
54765096728151,-0.13754845,-0.32171154,0.10494876
54765104632203,-0.03333211,-0.07858467,0.023568869
54765112536256,0.021400928,0.05240822,-0.014712095
54765120440309,0.07080245,0.17813492,-0.044718266
54765128374879,0.07169342,0.18810463,-0.04595709
54765136278932,0.05408573,0.1515379,-0.035568
54765144182985,0.055160046,0.17033958,-0.038713217
54765152087037,0.06148815,0.20164967,-0.041582346
54765159991090,0.035550833,0.102264404,-0.023982763
54765167895143,0.09193468,0.234231,-0.06455946
54765175829713,0.1038394,0.29374695,-0.06706548
54765183764283,0.07842636,0.22394466,-0.050385
54765191637819,0.1699791,0.43731213,-0.10214019
54765199572389,0.23654032,0.62213326,-0.13863516
54765207476442,0.2262454,0.63970184,-0.15484548
54765215380494,0.18344402,0.58223915,-0.17659163
54765223284547,0.10204315,0.44321156,-0.17075467
54765231158082,0.05634892,0.3789835,-0.16453552
54765239092653,0.013447642,0.14792633,-0.06680822
54765246996705,0.0035765395,-0.30756044,0.25790405
54765254931276,-0.049108393,3.6009836,-4.587618
54765262865846,-2.6250963,2.338264,0.01390003
54765270769899,-5.7127037,1.2835498,-5.041955
54765278704469,2.6742425,3.2348118,-4.631079
54765286578004,9.449535,2.3457098,-2.53822
54765294512574,9.065913,0.9495616,-1.9938322
54765302416627,10.439551,2.101944,-1.7624118
54765310351197,11.870331,2.3423738,-0.89717263
54765318285768,12.459726,1.8024511,-1.1808723
54765326220338,12.686446,2.0856695,-1.7544467
54765334154908,11.233489,2.3471951,-1.606853
54765342058961,10.076013,2.1472712,-1.7501088
54765349993531,9.594177,2.0787125,-2.3721197
54765357897584,8.615412,1.8927989,-2.4993773
54765365801637,7.989527,1.7159648,-2.356729
54765373736207,8.11048,1.4901052,-2.5272903
54765381640260,8.191171,1.4423852,-2.4125836
54765389574830,7.3424473,9.230997,3.6330109
54765397478883,6.057104,11.468163,5.198721
54765405352418,2.0839376,10.688194,10.254402
54765413256471,-3.3989367,8.017809,6.9775243
54765421221559,-9.210382,3.3355212,2.041605
54765429095094,-11.0884495,-1.0792575,-1.2270839
54765437029664,-10.22821,-2.8274803,-3.3563268
54765444933717,-11.8951645,-0.64590263,-2.4004564
54765452807252,-13.670606,2.5856175,-1.1164982
54765460711305,-11.703299,5.247867,-0.6138067
54765468645875,-6.6938133,3.834643,0.15431714
54765476549928,-0.8332219,1.8953424,1.7749629
54765484453981,5.247891,1.5887966,2.9731846
54765492327516,11.748592,1.8023052,4.0116067
54765500262086,18.086704,2.7653723,4.5306945
54765508166139,18.301304,2.8232527,5.4475265
54765516070192,13.362026,2.0155668,5.5033245
54765523974244,10.775478,1.588903,4.0433283
54765531878297,8.647411,2.0028,1.5822685
54765539782350,5.2944756,2.8757658,0.9687271
54765547686403,2.3917606,3.5141854,1.3467019
54765555559938,1.0972309,3.2452145,1.5984733
54765563494508,1.4953423,2.9803085,2.6183476
54765571429078,2.6417918,2.542551,2.8207502
54765579333131,3.5391974,2.158619,3.2230117
54765587237184,4.084267,1.9194851,3.966507
54765595141237,4.3632812,1.7588387,4.142536
54765603075807,4.1967545,1.6262617,4.4782934
54765610949342,3.6311114,1.4822731,4.855758
54765618853395,3.3066769,1.5167589,4.772987
54765626757447,2.9586992,1.3922195,4.8163705
54765634692018,2.564602,1.3148298,5.0242844
54765642596071,2.4585268,1.1840515,5.2739224
54765650500123,3.1996605,1.0820312,5.188635
54765658434694,4.078301,0.9849663,5.0728617
54765666338746,4.461014,0.8549824,4.408655
54765674212281,4.0520573,0.80056286,4.0752974
54765682085817,3.3014722,0.7148266,3.5939255
54765689989869,2.8661134,0.803566,3.1791248
54765697893922,2.971395,0.927124,2.871934
54765705797975,3.2165623,0.99470234,2.7985852
54765713702028,3.5970342,1.1037941,2.7491646
54765721636598,3.8359523,1.2285728,2.695548
54765729571168,4.102377,1.2895622,2.6541908
54765737444703,4.183328,1.2130985,2.6239514
54765745348756,4.0882654,1.3341656,2.559011
54765753252809,3.9690063,1.535881,2.5435443
54765761156862,3.6586056,1.7393608,2.467369
54765769091432,3.0304885,1.6223011,2.497034
54765776995485,2.4089563,1.4155397,2.4881754
54765784869020,2.0672874,1.2936592,2.6437624
54765792773072,2.1564686,1.0906725,2.7743917
54765800646608,2.3333738,1.0318727,2.8571644
54765808550660,2.5733304,1.1245594,2.9933662
54765816454713,2.7008603,1.191822,3.006845
54765824358766,2.5242825,1.197609,3.0888908
54765832323854,2.3126407,1.230732,3.1676972
54765840197389,2.1054175,1.1790323,3.1787722
54765848101442,2.1192508,1.2669773,3.0401187
54765856005494,2.150801,1.3442097,2.98973
54765863940065,2.0617409,1.3628855,2.8191204
54765871874635,1.8781297,1.3738375,2.6565375
54765879778688,1.6506507,1.3076906,2.6814218
54765887713258,1.328825,1.1883698,2.6842818
54765895617311,1.40642,1.3561878,2.740993
54765903521363,1.9022034,1.4579735,2.821524
54765911486451,2.0533302,1.4913845,3.1768737
54765919390504,2.3292022,1.5693893,3.1721535
54765927264039,2.7564878,1.7936916,3.2126298
54765935198610,2.8439171,1.9303293,3.11909
54765943072145,2.3396604,1.8767338,3.087629
54765950976197,1.9806552,1.8653641,3.2241564
54765958910768,1.7697644,1.8436699,3.3681726
54765966845338,1.4595878,1.976449,3.508554
54765974718873,1.0868167,2.0867996,3.844142
54765982622926,1.2705019,2.0307055,3.7761066
54765990526979,0.7039609,2.32413,4.3685126
54765998431031,0.18292391,2.4526253,5.0047565
54766006335084,-0.15596366,2.4992275,5.444725
54766014269654,-0.1352166,2.541174,5.489094
54766022173707,-0.051161647,2.815937,5.78069
54766030077760,-0.067662,3.3401642,6.041648
54766037951295,-0.5435691,4.034878,6.383257
54766045855348,-1.1020384,4.7373343,6.8082056
54766053789918,-1.7244668,5.532324,7.3154907
54766061693971,-2.4065115,6.511367,7.7540717
54766069659059,-3.037271,7.7669725,8.398955
54766077563112,-3.0979404,9.758027,8.716159
54766085497682,-2.9245648,12.185624,8.261416
54766093401735,-2.0860457,13.889647,7.810568
54766101336305,-0.19714582,13.753748,6.8403177
54766109270875,1.6365516,12.755687,5.797492
54766117174928,2.980032,12.200724,4.404201
54766125109498,4.9822435,11.465524,4.528911
54766133013551,6.9482813,9.980505,3.8665879
54766140948121,7.7976637,8.744026,3.3975458
54766148852174,7.3394203,7.33848,3.727938
54766156786744,6.775693,5.55878,1.7072277
54766164690797,6.9980173,3.5281696,-4.30087
54766172625367,8.70047,-1.5962229,-8.147915
54766180529420,2.6957922,-7.2995095,3.4370127
54766188402955,-0.058852494,-4.8552465,5.8573747
54766196307008,2.342159,-1.6460881,6.8852077
54766204241578,4.5600276,-0.78102636,7.6607995
54766212145631,4.872589,-0.7418971,5.5983224
54766220080201,4.8708744,-0.90311384,4.9980073
54766228045289,3.1739707,-2.0326781,4.4696746
54766235918824,1.6641285,-3.2402,4.265195
54766243822877,0.24953145,-4.1545773,3.7486231
54766251726930,-1.087743,-4.842265,3.3090048
54766259661500,-1.7514589,-4.9501963,2.6875825
54766267565553,-2.7035403,-5.084318,1.9503455
54766275469606,-3.4210432,-4.6895437,1.68648
54766283373658,-4.036475,-4.2968283,1.1743407
54766291277711,-1.8800745,-4.130533,1.2301941
54766299151246,-0.030757546,-4.061424,1.3886297
54766307116334,0.8007849,-3.6423216,1.3859408
54766315020387,1.5211787,-2.8427806,1.1878397
54766322924440,2.2077856,-1.8915577,0.7359719
54766330828492,2.6873336,-1.2473164,-0.04322934
54766338732545,2.9489055,-1.1657381,-0.48836827
54766346606080,2.70995,-1.477705,-0.7524197
54766354540651,2.4041963,-1.5404844,-1.2548063
54766362475221,2.4294496,-1.4267821,-1.6944444
54766370379274,2.2893429,-1.1128826,-2.208052
54766378313844,1.9823095,-0.6529465,-2.9724195
54766386217897,1.608092,-0.17812347,-3.2368822
54766394152467,1.6924798,0.19160652,-3.1582642
54766402056520,2.1312943,0.49236012,-3.8646894
54766409960572,2.9242923,0.9556875,-4.680375
54766417864625,3.4312801,1.3872719,-4.376415
54766425799196,3.2846115,1.4813385,-5.4059443
54766433703248,2.6209645,1.6282282,-6.1046085
54766441607301,1.9749238,1.9589643,-6.06369
54766449511354,1.542387,1.9030762,-6.434433
54766457415406,1.2463735,1.6770744,-7.035952
54766465288942,0.87338936,1.7154579,-6.9943132
54766473223512,0.73392725,1.571064,-7.2988014
54766481127565,1.1056368,1.3563509,-7.536678
54766489031617,1.6758713,1.0286026,-7.0339303
54766496935670,2.2418137,0.49473858,-6.2518697
54766504839723,2.2620282,-0.39768124,-6.2107463
54766512743776,1.6554061,-2.095108,-6.457382
54766520617311,2.7502086,-0.3704815,-6.462451
54766528521363,-1.7269247,-0.10635948,-4.7431207
54766536425416,-3.114141,-1.0809193,-4.134921
54766544390504,0.432976,-1.5422955,-1.9013326
54766552264039,4.202124,-2.4398985,-2.800888
54766560168092,5.677369,-3.4288816,-3.8445077
54766568072145,5.444214,-3.737225,-4.4046183
54766576006715,5.2227306,-3.388782,-4.513612
54766583941285,6.061798,-2.5775018,-4.4220223
54766591845338,6.3980446,-0.47661018,-4.846438
54766599718873,4.6274004,6.5709667,0.022649884
54766607653444,2.2301908,7.4526443,1.1689409
54766615526979,-2.5108173,10.370502,10.177457
54766623461549,-5.800391,9.452515,6.9938593
54766631365602,-14.236831,3.2951527,2.116513
54766639239137,-17.97215,-1.6803389,-0.8149516
54766647143190,-16.236526,-4.5539074,-2.646961
54766655077760,-10.059769,-3.2830367,-5.9078665
54766663012330,-9.49635,0.68989944,-3.527847
54766670916383,-9.802034,4.2218447,-2.9029
54766678820436,-8.538139,4.4180756,-5.291379
54766686755006,-7.1363277,1.6019478,-3.77063
54766694628541,-3.047772,-0.4942274,-0.86069846
54766702593629,5.159284,-0.2519989,-0.49353588
54766710497682,12.954796,0.9697895,-1.4355191
54766718401735,17.148323,2.636899,-2.4415317
54766726305787,12.090935,1.9414263,-0.044806898
54766734179322,6.7229886,0.5487957,-0.24396586
54766742083375,5.084403,0.45623875,-1.8461614
54766749987428,3.1454616,0.5762634,-2.7388732
54766757921998,0.17408359,1.1287498,-2.2900414
54766765856569,-1.635543,1.6121998,-1.500284
54766773730104,-2.5219133,1.9233303,-1.3091387
54766781664674,-2.8608904,1.6908646,-1.0573757
54766789568727,-1.2018079,1.2085438,-0.26153147
54766797472779,0.93381476,0.74421597,0.24714673
54766805376832,1.8579886,0.31734657,1.4386039
54766813250367,0.9864117,0.42861462,1.9732692
54766821184938,0.33727205,0.4842348,1.7399586
54766829088990,0.52626836,0.43603992,1.5736178
54766836993043,0.33247274,0.29849052,1.9263698
54766844897096,-0.4099651,-0.20589256,2.236543
54766852831666,-0.70302683,-0.41135502,2.4790661
54766860735719,-0.702245,-0.45429134,2.6856651
54766868700807,-0.6335204,-0.54109764,3.5145166
54766876604860,-0.5622743,-0.5805483,4.105291
54766884508912,-0.6395414,-0.6201334,4.457914
54766892412965,-0.3958677,-0.60951614,4.7456236
54766900317018,-0.6758619,-0.47422695,4.761504
54766908190553,-0.8724702,-0.57810116,4.2403646
54766916125123,-0.9478351,-0.5306711,3.930402
54766924029176,-0.95307624,-0.35547256,3.3310077
54766931933229,-0.7425524,-0.3327284,2.9060307
54766939867799,-0.37926233,-0.34511662,2.5380344
54766947741334,0.007939324,-0.3111906,2.3922524
54766955645387,0.41631353,-0.20718193,2.074788
54766963549440,0.92776555,-0.035585403,1.9967233
54766971484010,1.6566132,0.18923664,1.7771671
54766979388063,1.8667068,0.39091492,1.4627626
54766987261598,1.6899047,0.2747326,1.4448398
54766995165651,1.1958452,0.1206274,1.0927336
54767003069703,0.77298087,-0.004211426,1.0417312
54767010973756,0.3200482,0.04613018,1.107014
54767018908326,0.34808812,0.120726585,1.1443391
54767026812379,0.6992528,0.3392868,1.2756128
54767034685914,0.96235985,0.39278603,1.452132
54767042589967,0.92917156,0.3172722,1.5429165
54767050494020,0.8511924,-0.06937027,1.6118846
54767058398072,0.67283124,-0.31191158,1.5814908
54767066302125,0.26899904,-0.27403164,1.4848154
54767074236696,-0.042026192,-0.09236336,1.3977504
54767082110231,-0.31496647,0.12550735,1.2324917
54767090044801,-0.4656241,0.49225235,0.93223155
54767097948854,-0.73686326,0.718523,0.60638714
54767105852906,-0.7128773,0.74938583,0.245641
54767113756959,-0.5948353,0.8121519,0.17724442
54767121661012,-0.4501979,0.6698847,0.29837823
54767129595582,-0.14831439,0.4970007,0.55224586
54767137499635,0.21634445,0.3891306,0.97639644
54767145403688,0.2634656,0.34115314,1.459539
54767153307740,0.13152018,0.23316574,1.7016962
54767161181276,-0.07477215,0.07950592,2.207957
54767169085328,-0.18704134,-0.040509224,2.6371832
54767176989381,-0.43713045,-0.016020775,2.80274
54767184893434,-0.30082506,0.2106533,2.659358
54767192797487,-0.13777015,0.34510994,2.5326922
54767200671022,-0.43550524,0.35918045,2.3290584
54767208575074,-0.7577733,0.5261011,2.027577
54767216509645,-0.5304634,0.6780882,1.7993308
54767224444215,-0.3555854,0.791255,1.7569022
54767232348268,-0.24970265,0.9179125,1.6403967
54767240252321,-0.061931193,1.1699371,1.6298103
54767248186891,0.2692943,1.4829607,1.7544448
54767256090944,0.21978885,1.7465229,1.8601483
54767264056031,-0.19779067,1.7881298,2.257927
54767271960084,-0.6166949,1.8444185,2.61165
54767279864137,-0.65095973,1.8945065,2.625893
54767287798707,-0.7089036,1.941227,2.8019137
54767295702760,-0.9930858,1.9128456,3.1638343
54767303606813,-1.2808663,1.953495,3.5426283
54767311510865,-1.62462,2.2137346,3.4323359
54767319414918,-1.4889343,2.663087,3.5449643
54767327288453,-1.657957,3.1056662,3.857327
54767335253541,-2.1509032,3.5247364,4.4316673
54767343157594,-2.3941264,4.1704845,5.087953
54767351031129,-2.6502166,5.053625,5.988571
54767358935182,-3.138933,5.9775677,6.3160458
54767366869752,-3.3759425,7.158922,7.199801
54767374773805,-3.7625077,8.261589,8.215748
54767382677858,-4.3960996,9.642103,9.407453
54767390551393,-5.0428233,11.267459,8.949266
54767398485963,-4.828512,11.962582,8.211208
54767406390016,-3.8724325,11.830758,6.775444
54767414324586,-2.6049192,11.651885,5.598711
54767422228639,-1.7166791,11.230876,4.4497643
54767430102174,0.09696621,10.537107,3.0454662
54767438006227,2.4338055,9.665747,2.7675807
54767445910279,4.59907,8.410078,2.7802136
54767453844850,5.2844005,7.275778,0.23832083
54767461748903,4.4983273,6.4921126,-1.6250815
54767469622438,4.1252975,5.240952,-4.334235
54767477557008,5.2499638,0.100403786,-6.241024
54767485430543,-1.4683285,-5.657445,2.6885686
54767493365113,-3.8429875,-3.6931872,5.082203
54767501269166,-2.2625198,-1.7059917,6.027071
54767509142701,-1.2527945,-1.4277573,6.451664
54767517077272,-0.30361152,-1.2310567,5.910929
54767525011842,-0.0010493994,-1.1985211,5.621739
54767532885377,-0.36895072,-1.3757367,5.2255363
54767540819947,-0.9334641,-2.0892553,4.561428
54767548754518,-1.3849391,-2.5447426,3.530378
54767556689088,-1.9486485,-3.0599132,2.8194296
54767564593141,-2.5211744,-3.539472,1.5879769
54767572466676,-3.830184,-3.6980643,0.9015198
54767580401246,-5.3679285,-4.0048814,0.43028593
54767588305299,-6.2472973,-3.6551251,-0.04157448
54767596239869,-6.455874,-3.2206016,-0.26651287
54767604143922,-5.4898977,-3.2276287,-1.0115223
54767612047975,-5.29224,-3.6734338,-1.5096745
54767619952028,-4.8589516,-3.8834286,-1.767231
54767627856080,-3.5197287,-4.033225,-1.9051495
54767635760133,-2.0040798,-3.6983318,-1.7799695
54767643664186,-0.67046857,-3.234283,-1.3261583
54767651537721,0.49566627,-2.9701304,-2.0632935
54767659411256,0.969495,-2.1272802,-2.6244934
54767667345826,1.3611301,-1.570725,-2.4986577
54767675249879,1.6360879,-1.4218578,-3.880647
54767683184449,1.3402998,-1.0900469,-5.424014
54767691088502,0.2733049,-0.8164511,-4.710011
54767698992555,-0.44721624,-0.8873062,-4.626962
54767706896608,-0.2844538,-0.866869,-5.4645085
54767714800660,0.073932946,-0.5672846,-5.799332
54767722704713,0.054920375,-0.26900387,-5.572693
54767730608766,-0.08540088,0.14714622,-5.7539525
54767738543336,0.27176833,0.682559,-5.9203906
54767746447389,1.0378222,1.384222,-5.6582985
54767754351442,1.7645471,1.9810534,-5.693646
54767762286012,2.3057518,2.0919533,-5.51983
54767770190065,2.6598399,1.9601889,-6.1017847
54767778124635,2.6152377,1.8506231,-5.4889784
54767786059205,2.9955854,1.5822868,-5.113775
54767793963258,3.4394398,1.2566566,-5.487529
54767801897828,3.1808567,0.6482086,-4.613547
54767809801881,2.3678746,-0.64930344,-6.5198317
54767817736451,1.9829712,-1.3133821,-8.235731
54767825640504,-0.3862573,-0.65590477,-7.945261
54767833544557,-3.726294,-2.1407366,-3.5672743
54767841448610,-0.8093096,-1.9682989,-3.6649966
54767849352662,2.9233906,-0.8688793,-2.7775893
54767857226197,4.424712,-1.254487,-1.0294645
54767865160768,4.919131,-1.6494689,-0.6831753
54767873064821,4.6554203,-1.9131999,-1.027056
54767880999391,3.4619164,-2.2641897,-1.509107
54767888903444,2.7409182,-2.4579268,-1.9825042
54767896838014,3.0860727,-2.3906217,-2.463087
54767904742067,3.5319443,-1.7657876,-2.630724
54767912646119,3.6337473,-0.9811592,-3.4972932
54767920580690,2.3313699,-0.22900867,-4.2732687
54767928515260,0.581684,0.71009254,-4.4536276
54767936449830,-1.3235779,0.8772392,-4.629011
54767944384401,-3.2136192,2.171136,-4.4188066
54767952257936,-0.13274598,6.9935694,2.6428251
54767960161988,-0.55563736,9.461073,5.221774
54767968066041,-9.988059,8.094896,11.942641
54767976000612,-14.496957,3.6132078,6.126472
54767983904664,-17.725014,-0.13337612,1.7721626
54767991839235,-10.837141,-1.7323427,-0.7760545
54767999743287,-6.807594,-3.7553134,-2.8954544
54768007647340,-6.4147925,-2.7853193,-8.936487
54768015551393,-9.514266,1.8744154,-5.2515674
54768023424928,-12.289517,5.259554,-0.66148835
54768031328981,-10.808304,3.6409445,-0.8453995
54768039233033,-4.6852503,0.34581757,-1.7773563
54768047198121,2.3381963,-0.19453049,-0.4378529
54768055102174,7.2627754,-0.83605766,-1.2726228
54768063036744,11.335507,-0.546134,-1.9251678
54768070910279,13.001826,0.24718475,-0.8606555
54768078814332,9.931578,0.41814137,-0.16320026
54768086748903,9.338626,0.8621597,-0.5778316
54768094652955,8.066452,1.4735775,-0.53829277
54768102526490,3.6257477,1.6044168,-0.6409627
54768110461061,-0.51739573,1.1495075,-0.81551445
54768118334596,-3.054589,0.833827,-0.38150167
54768126299684,-4.8065014,0.504056,-0.11111772
54768134203737,-4.227709,0.43988705,0.22864175
54768142107789,-1.9048773,0.5864239,0.5293686
54768149981324,0.100513615,0.7714491,1.0307577
54768157915895,1.2095007,0.8631458,1.3100693
54768165850465,1.8129292,0.65537834,1.615145
54768173754518,1.8729665,0.35641766,1.2995819
54768181689088,1.5469491,0.10270882,1.2084725
54768189593141,0.9348967,0.011739731,1.299999
54768197527711,0.3994943,-0.07948303,1.4128126
54768205431764,0.21038452,-0.01534462,1.7051809
54768213366334,-0.025722396,-0.030730247,2.1686444
54768221300904,-0.079543784,-0.25769043,2.5426774
54768229204957,-0.3467949,-0.33690357,3.0800486
54768237139528,-0.77378887,-0.36354828,3.3054113
54768245074098,-1.1268929,-0.41423988,3.465383
54768252978151,-1.3388731,-0.27576637,3.5439734
54768260882203,-1.4021142,-0.0150671005,3.4722881
54768268786256,-1.3891425,0.09520054,3.148971
54768276720826,-1.1995775,-0.054987907,2.7924285
54768284624879,-0.77392167,-0.15178013,2.6048527
54768292559449,0.029634241,-0.082523346,2.2251763
54768300463502,0.6345793,-0.050787926,1.8348278
54768308367555,0.77419597,-0.0038557053,1.6134073
54768316302125,0.95818686,0.07732296,1.2896383
54768324206178,1.1436415,0.19518185,1.0214974
54768332110231,1.0833002,0.21796703,0.86603403
54768340014283,0.84071445,0.24603462,0.8102474
54768347887819,0.69113064,0.2938118,0.82326055
54768355791871,0.6490843,0.32772732,0.71559584
54768363695924,0.45268545,0.2999134,0.72683465
54768371599977,0.34561074,0.35865498,0.8130802
54768379473512,0.35312772,0.44386673,0.87980735
54768387377565,0.3600962,0.48848438,1.1448106
54768395281617,0.29707822,0.5308418,1.1652948
54768403216188,0.18316534,0.4749937,1.5390999
54768411150758,0.10642159,0.5842018,1.9043317
54768419085328,0.04996772,0.49934483,1.9809539
54768426989381,-0.25553697,0.2661295,2.0811684
54768434923951,-0.30147076,0.1267128,2.0936549
54768442828004,-0.12036803,1.7166138E-5,1.9165044
54768450762574,-0.0880629,-0.070949554,1.8270454
54768458697145,-0.077899374,-0.009626389,1.6549861
54768466631715,-0.24579167,0.023591995,1.46257
54768474535768,-0.31929904,0.10781288,1.4487392
54768482439821,-0.3378598,0.17622662,1.3125706
54768490313356,-0.5555494,0.19049263,1.2693695
54768498247926,-0.3275144,0.5190458,0.97810435
54768506151979,-0.068039514,0.80566216,0.6940787
54768514086549,0.017909095,0.7983818,0.537472
54768522051637,-0.038290933,0.59830666,0.56255555
54768529955690,-0.078628935,0.36075115,0.97896624
54768537829225,0.050627925,0.30540276,1.3109543
54768545733278,0.20481408,0.48510456,1.458445
54768553667848,0.23611975,0.8731899,1.6527758
54768561571901,0.1376859,1.2091503,1.8832959
54768569506471,-0.055023238,1.5076876,1.9569356
54768577441041,-0.3241187,1.6660805,1.6683472
54768585345094,-0.416498,1.7012472,1.6546354
54768593279664,-0.5718016,1.6848459,1.807521
54768601153199,-0.6533393,1.6508446,1.9890995
54768609057252,-0.6034224,1.661129,2.12411
54768616991822,-0.697379,1.6798449,2.2772446
54768624895875,-0.67213947,1.8320341,2.4256773
54768632830446,-0.68832356,2.2394257,2.7024884
54768640734498,-0.8026969,2.730256,2.9891963
54768648608033,-0.7110109,3.0551596,3.0837069
54768656542604,-0.70615643,3.4123287,3.3774805
54768664446656,-0.9596648,3.8267975,3.8534884
54768672350709,-1.2412643,4.4010935,4.3143883
54768680315797,-1.5235186,4.771555,4.861052
54768688189332,-1.6737044,5.1613607,6.322651
54768696093385,-2.1519003,5.629834,7.244702
54768704058473,-2.0158668,6.1324015,8.002207
54768711932008,-1.6148703,6.716913,8.479936
54768719836061,-1.5924745,7.3761787,8.486072
54768727740113,-1.5960909,8.220102,7.921647
54768735674684,-1.161678,8.758764,6.6010695
54768743609254,-0.72438127,9.223179,5.934257
54768751482789,-0.9464333,9.659087,5.0514684
54768759417360,-0.65481544,9.865427,4.712669
54768767321412,-0.0067360997,9.789341,4.5656543
54768775225465,0.7736384,9.474876,4.2417793
54768783129518,1.5583049,9.111097,3.793735
54768791033571,2.1221824,8.654885,3.4462733
54768798937623,2.1593373,7.4526644,2.9129045
54768806872194,2.2637625,5.2235384,2.7857318
54768814806764,2.6405823,2.9441218,0.5375366
54768822710817,2.575498,-0.26988602,-4.663061
54768830645387,5.171497,-7.99264,-8.297222
54768838549440,0.64132214,-10.17487,3.2911704
54768846453492,-0.13432291,-4.011645,4.4099817
54768854357545,4.9378304,-0.21718836,5.964852
54768862292115,5.3556795,0.7080097,9.058251
54768870226686,4.2954073,0.8528962,5.8821483
54768878161256,3.61777,0.9767685,4.2194834
54768886065309,1.6158113,0.18277216,3.1044636
54768893969362,-0.7096554,-0.8484969,2.420053
54768901873414,-2.2712417,-1.7718234,2.0920396
54768909777467,-3.4470425,-2.4023843,1.7866092
54768917681520,-4.4159727,-2.953268,1.5865722
54768925585572,-4.802872,-3.2674394,0.8700571
54768933489625,-5.081025,-3.3142295,0.58323526
54768941363160,-5.0496716,-3.069821,0.39870453
54768949297731,-4.5025964,-2.9298358,0.11105442
54768957201783,-3.8054566,-2.8545084,-0.103925705
54768965136354,-3.2434812,-3.059538,-0.4789405
54768973040406,-2.453159,-3.1773129,-1.1930919
54768980944459,-1.9291179,-3.0382957,-1.6165781
54768988848512,-2.1340148,-2.9018264,-2.2423375
54768996722047,-2.877913,-3.157166,-2.5036814
54769004626100,-2.9032207,-3.2176905,-2.6647015
54769012530153,-2.5543122,-2.750338,-2.3277147
54769020434205,-1.9596537,-2.2871914,-2.2488492
54769028338258,-1.1829162,-1.6500115,-2.5505118
54769036242311,-0.27950695,-1.0784311,-3.28413
54769044146363,0.66099244,-0.76190186,-3.9106297
54769052080934,1.2085329,-0.37853527,-4.609275
54769059984987,1.4039838,-0.035017014,-5.3595285
54769067858522,1.0766523,0.44602013,-4.974718
54769075793092,0.41371113,0.8202591,-4.8270965
54769083697145,0.24772978,1.142621,-5.482032
54769091601197,0.7403237,1.4366951,-5.8030477
54769099505250,1.6466494,1.6972008,-5.7736635
54769107378785,2.3378885,1.7609406,-5.892884
54769115282838,2.718234,1.6535397,-6.0247993
54769123217408,3.027866,1.4484406,-6.003579
54769131151979,3.3416228,1.0106344,-6.2147884
54769139056031,3.7160707,0.576149,-5.9779963
54769146960084,4.0817885,0.14360523,-5.961758
54769154864137,4.203089,-0.09407616,-5.761796
54769162768190,3.6007338,-0.151618,-5.316952
54769170672242,2.6009402,0.07275772,-4.9420376
54769178576295,1.4257319,0.4305725,-4.8853574
54769186480348,0.25197637,0.7942867,-5.0695133
54769194384401,-0.3322029,0.6872368,-3.6189065
54769202288453,-0.5461687,-0.19680119,-3.440206
54769210223024,-0.68083334,-3.0242448,-6.138504
54769218127076,-2.437369,-2.4729996,-1.6034117
54769226061647,-8.839272,-3.0845904,-3.707481
54769233965699,-5.893136,-6.353348,-5.1673627
54769241869752,3.7724278,-5.685089,-4.9090443
54769249804322,9.093679,-2.2417412,-5.335017
54769257708375,7.995147,-1.389308,-4.8746114
54769265642946,5.063175,-1.3521461,-4.515838
54769273577516,3.8020153,-0.62792206,-4.794242
54769281481569,5.629313,0.0024032593,-4.9538884
54769289385621,5.589676,4.500578,-1.1231962
54769297320192,4.6775827,8.442469,4.601815
54769305224244,3.6377957,10.658456,9.135997
54769313097779,-6.8516326,9.153256,9.541894
54769321032350,-14.111095,3.0362062,3.8494544
54769328936403,-17.68878,-2.2864132,-1.5649786
54769336870973,-14.569685,-6.0960464,-5.8806496
54769344744508,-11.438917,-5.404258,-6.20155
54769352648561,-12.220261,-0.046456337,-2.909482
54769360583131,-11.010096,6.1417494,-2.5170655
54769368517701,-10.48238,7.419263,-3.1794696
54769376421754,-9.542526,2.3815975,-4.4432273
54769384356324,-6.348877,-1.7655883,-4.5681324
54769392260377,-1.124607,-0.8949404,-0.6492463
54769400194947,5.9891195,0.44708157,1.4945725
54769408129518,12.484367,1.1855726,-0.45143402
54769416033571,15.160853,1.0215349,-2.0302896
54769423937623,12.233872,-0.07672596,0.44195828
54769431872194,10.041642,-0.014110565,0.5464015
54769439745729,7.95476,0.38763142,-0.99772763
54769447680299,4.24468,0.7977991,-1.955131
54769455553834,0.03710513,1.3260489,-2.0125756
54769463457887,-3.8706317,1.3160715,-2.2951632
54769471361940,-6.8956823,1.210413,-2.4646804
54769479265992,-6.887176,0.9155483,-1.4246377
54769487170045,-4.232884,0.7808714,-0.10165918
54769495074098,-1.6055728,0.5814438,0.5117742
54769503008668,0.44333696,0.4440174,0.6017276
54769510912721,1.9817753,0.7705898,0.8062548
54769518816774,2.2477546,0.87872124,0.98859525
54769526720826,1.568576,0.84714603,1.1286552
54769534594362,0.68015635,0.539567,0.90237397
54769542498414,-0.016139463,0.17397022,1.1034695
54769550402467,-0.576985,-0.019517899,1.3771386
54769558337037,-0.50241923,-0.07895088,1.6148156
54769566271608,0.1424139,-0.14311028,1.7783892
54769574145143,0.45250914,-0.13777065,1.6402528
54769582049196,0.3601691,-0.06548309,1.5730189
54769589953248,-0.24116734,-0.017496109,1.6545984
54769597857301,-0.7959361,0.21921158,1.6645454
54769605761354,-1.0097278,0.4313879,1.4871929
54769613665406,-1.086858,0.38428974,1.5122797
54769621538942,-1.1269238,0.14034557,1.5014148
54769629473512,-1.4437627,-0.029792786,1.5417209
54769637377565,-1.453423,-0.09991169,1.8170028
54769645312135,-1.1718911,-0.060278893,2.0452476
54769653216188,-0.9658693,0.015174866,2.3139381
54769661120240,-0.63777876,0.15036392,2.5844433
54769669054811,-0.5036607,0.18962574,2.758424
54769676958863,-0.22764865,0.21701717,2.590179
54769684862916,0.14452887,0.10801983,2.5201178
54769692766969,0.19680715,0.011415482,2.3391666
54769700640504,0.08528277,-0.065665245,2.2195203
54769708605592,-0.16013108,-0.044301987,2.0747952
54769716509645,-0.26884073,0.10206509,1.994567
54769724383180,-0.40745473,0.19847202,1.9757632
54769732287233,-0.50208056,0.3192339,1.8319755
54769740221803,-0.47146478,0.46432114,1.7018807
54769748095338,-0.44988167,0.44474697,1.5070641
54769755999391,-0.51618624,0.32507038,1.3117874
54769763872926,-0.47885787,0.17005157,1.1045235
54769771776979,-0.2207973,0.17121315,1.0239613
54769779711549,0.111702204,0.06996536,0.8065531
54769787646119,0.1961385,0.11092949,0.41289914
54769795519654,-0.09802812,0.20508099,0.10227752
54769803454225,-0.62619317,0.16301155,-0.12390351
54769811358278,-0.99204993,0.1165247,-0.047058582
54769819262330,-0.6841782,0.28087234,0.2454958
54769827196901,0.019392699,0.55773354,0.5280471
54769835100953,0.57505184,0.8104944,0.71383464
54769842974488,0.8751947,0.94539833,1.0361578
54769850878541,0.6298572,0.8741245,1.2569858
54769858782594,0.4163242,0.7692156,1.2525076
54769866747682,0.42504168,0.6378927,1.3219415
54769874651735,0.24716914,0.43736172,1.2437708
54769882525270,-0.100402415,0.36369324,1.2516756
54769890429322,-0.5047501,0.3000059,1.1748344
54769898333375,-0.96297,0.22013664,0.88208187
54769906298463,-1.4810405,0.203022,0.9837152
54769914202516,-1.7795067,0.13655663,0.88949084
54769922137086,-1.408145,0.15206337,0.7893057
54769930071656,-0.92321855,0.26167965,0.7744906
54769937975709,-0.78149533,0.28336334,0.8231523
54769945879762,-0.7417603,0.18824387,0.98738337
54769953783815,-0.46731323,-0.080768585,1.0383854
54769961657350,-0.0143122375,-0.5357523,1.3635674
54769969561403,0.11395229,-1.0610752,1.6849239
54769977465455,0.08016728,-1.6041918,2.073717
54769985400026,0.40750173,-2.143876,2.4474406
54769993334596,0.7248735,-2.0789313,2.3829954
54770001269166,0.7879095,-1.7379212,2.3073602
54770009173219,0.8338755,-1.1544523,2.0240273
54770017107789,1.0003564,0.07084274,1.4193294
54770024981324,0.5879299,1.2934294,0.9181204
54770032854860,-0.02075053,2.24615,0.85928583
54770040789430,-0.50349706,3.2792797,0.8426473
54770048662965,-1.3286717,4.292947,1.0830393
54770056567018,-2.5624077,4.334672,1.7334733
54770064501588,-3.1336124,4.007653,2.2480636
54770072405641,-3.1339388,3.6720762,2.6106544
54770080309694,-3.2202644,2.7712936,2.7764506
54770088213746,-3.047127,2.8039932,2.9234905
54770096117799,-2.225014,3.5330057,2.9367015
54770104082887,-1.6140062,4.287821,2.5976944
54770111956422,-1.3073732,4.6783476,2.3803525
54770119890992,-0.8053574,4.6286364,1.8349738
54770127825563,0.19088517,4.272318,1.4249866
54770135760133,0.7793754,3.631463,1.2634361
54770143694703,0.8527855,3.3226404,2.650052
54770151629274,0.59826046,3.3188095,3.0573606
54770159533326,2.0913517,2.9435272,4.113203
54770167467897,2.9866445,1.8887224,5.4472914
54770175371949,1.7200502,-0.065621376,4.863702
54770183276002,-0.40756735,-1.2349324,4.1434445
54770191180055,-1.1912258,-1.2264433,3.2836382
54770199053590,-0.60363,-0.5928087,2.7824025
54770206957643,-0.635626,-0.14190483,2.4571707
54770214861696,-1.4324862,-0.37284565,2.2448378
54770222796266,-2.112391,-0.9610033,1.7403853
54770230700319,-2.073348,-1.2137394,0.96558404
54770238573854,-1.4780911,-1.1153002,0.44742966
54770246477906,-0.7812184,-0.9305372,0.03230238
54770254381959,-0.19680326,-0.8501835,-0.39699745
54770262347047,0.2695473,-0.7209444,-0.6940799
54770270220582,0.64237356,-0.68234444,-0.93859315
54770278124635,1.0517857,-0.6854229,-1.147798
54770286028688,1.2735605,-0.79025936,-1.3060344
54770293932740,1.3763146,-0.8670416,-1.503451
54770301867311,1.4030387,-0.83162117,-1.6955845
54770309801881,1.1024354,-0.93062687,-2.387239
54770317736451,0.9679785,-1.1980782,-2.9394097
54770325671022,0.75436145,-1.2034798,-3.2499552
54770333544557,0.26816973,-1.0261173,-3.1803489
54770341479127,-0.20864552,-1.080411,-3.48426
54770349383180,-0.6929995,-1.2062168,-3.7125254
54770357287233,-1.3260056,-1.2169933,-4.004899
54770365191285,-1.5954854,-1.2255907,-4.2336183
54770373095338,-1.3462809,-1.3855829,-4.8493757
54770381029908,-1.063787,-1.6255388,-4.874212
54770388994996,-0.974114,-1.9049764,-4.191143
54770396899049,-0.7243172,-2.1068997,-3.8866413
54770404803102,-0.12235618,-2.1671677,-3.7330575
54770412737672,0.7199504,-2.1268868,-3.8513448
54770420641725,1.0872751,-1.8784194,-3.845235
54770428576295,-0.26463354,-1.0289421,-3.4964294
54770436480348,0.45707497,-0.15884018,-4.021173
54770444384401,-0.42504066,-0.5229416,-4.935863
54770452288453,-1.9347981,-1.10073,-4.486185
54770460161988,-1.9036403,-1.1483641,-4.658882
54770468066041,-1.4559691,-1.6213713,-5.117388
54770476000612,-0.7229357,-1.3989315,-4.535039
54770483904664,-0.2523399,2.0893564,2.7327304
54770491839235,-3.819191,4.668598,6.0595493
54770499773805,-8.427395,5.046769,5.095506
54770507677858,-8.530913,3.0868473,1.9593477
54770515612428,-3.189131,1.2183361,-1.524128
54770523546998,-1.3051233,-0.3155775,-3.5769272
54770531451051,-2.6550179,-0.20458889,-1.8636966
54770539355104,-3.434753,0.9971323,0.76842594
54770547228639,-1.2381307,1.6029091,1.7992958
54770555132692,0.9302233,0.97955704,0.31469902
54770563036744,1.343414,-0.35716724,-0.52302486
54770570971315,0.99409044,-1.1858253,-0.55056393
54770578875367,0.23847926,-1.3173809,0.16632652
54770586779420,0.6744996,-0.54932976,1.0848392
54770594713990,1.8557787,0.5100832,1.625937
54770602618043,2.833447,0.8461876,1.6735396
54770610552613,3.0970228,0.50708103,1.5869207
54770618487184,2.434797,0.026818275,0.90400004
54770626391237,1.1673418,-0.45311737,0.53946286
54770634295289,0.02761519,-0.5568094,0.40051144
54770642199342,-0.8940911,-0.2508049,0.7356461
54770650103395,-1.7282963,0.30436802,0.8496026
54770658068483,-2.211276,0.48122215,0.6817085
54770665942018,-2.239505,0.21038246,0.601404
54770673846071,-2.0159745,-0.0987072,0.7623877
54770681780641,-1.5598528,-0.25452137,1.180869
54770689684694,-0.76092714,-0.10886192,1.4858176
54770697619264,0.45477664,0.06509113,1.2930509
54770705553834,1.5898583,0.12374878,1.1936462
54770713488404,1.7546251,0.07939911,1.1452477
54770721422975,1.6675756,0.14033413,1.3214844
54770729327028,1.7446605,0.06951237,0.8653575
54770737231080,1.3616061,-0.020259857,0.6959398
54770745135133,0.7847048,-0.025986671,0.52388173
54770753039186,0.30570775,-0.005170822,0.44474036
54770760943238,0.22004825,0.104291916,0.5518124
54770768847291,0.09979683,0.07502365,0.3405252
54770776751344,-0.05741781,-0.0115766525,0.16747075
54770784655397,-0.15367573,-0.0837307,0.23759158
54770792589967,-0.31576592,-0.36649227,0.39286003
54770800524537,-0.5080661,-0.03146553,0.06209153
54770808459108,-0.31261373,0.30590343,0.4239676
54770816363160,0.07412684,0.18595123,0.79264504
54770824267213,0.3153215,-0.015407562,1.1379791
54770832201783,0.17825627,-0.109028816,0.90131414
54770840105836,0.60741615,-0.04477501,0.9456824
54770848040406,0.6488207,0.017085075,0.89866585
54770855974977,0.3845895,0.04666233,0.8815943
54770863909547,0.27682173,0.03811264,0.7627743
54770871844117,0.06560731,-0.0037031174,0.7433918
54770879748170,-0.0026260614,0.0073690414,0.8131951
54770887682740,0.14288342,0.0042276382,0.5528151
54770895586793,0.2835629,-0.0778532,0.44998226
54770903490846,0.30461878,-0.100011826,0.3853562
54770911425416,0.054403186,-0.08607197,0.37799522
54770919329469,-0.093568385,-0.06478691,0.44131842
54770927264039,-0.05872482,-0.029044151,0.5099242
54770935198610,-0.004353225,0.03787136,0.52373564
54770943133180,0.07867944,0.061696053,0.68736225
54770951067750,0.04220128,0.06400776,0.59990185
54770958971803,-0.046511173,-0.012634277,0.5368085
54770966906373,-0.058389664,-0.07966709,0.5482078
54770974810426,-0.16278434,-0.07958031,0.4506628
54770982714479,-0.17555994,-0.08421898,0.42562708
54770990649049,-0.09496504,-0.08884907,0.43971652
54770998553102,-0.066966176,-0.07910061,0.48779398
54771006487672,-0.04612547,-0.074129105,0.5311903
54771014391725,0.0056197047,-0.07156372,0.4814263
54771022295778,0.07377213,-0.06422615,0.4556476
54771030169313,0.15096623,-0.023410797,0.39917654
54771038073365,0.19422132,-0.006573677,0.2409218
54771046007936,0.14639527,-0.052000046,0.1244805
54771053973024,0.1464786,-0.07588482,0.011712275
54771061877076,0.10863477,-0.039889336,-0.009221911
54771069781129,0.04257083,0.020084381,0.080314904
54771077685182,-0.09693766,0.025057793,0.18658438
54771085589235,-0.104469776,-0.04654789,0.42608094
54771093523805,-0.10467613,-0.017570496,0.57838243
54771101427858,-0.07617861,0.006627083,0.5027448
54771109331910,-0.014461219,-0.03143406,0.46220464
54771117235963,0.05403614,-0.052761078,0.34499606
54771125140016,-0.023641527,-0.06452656,0.23553625
54771133013551,-0.15590215,-0.054709435,0.23923518
54771140917604,-0.14906341,-0.04966259,0.23123424
54771148791139,-0.096893966,-0.044625282,0.23292676
54771156695192,-0.049550235,-0.044377327,0.29921377
54771164629762,-0.004795015,-0.044139862,0.3367123
54771172564332,-0.019862652,-0.06784248,0.30254948
54771180468385,-0.015960574,-0.096367836,-0.08711945
54771188402955,0.3960272,-0.29736137,0.3002153
54771196307008,0.451217,-0.10330105,0.35888752
54771204241578,0.250704,0.11475086,0.37417808
54771212206666,0.10997409,0.050294876,0.32675195
54771220141237,-0.023210645,-0.018922806,0.28921336
54771228045289,0.02318883,0.0650959,0.311554
54771235949342,-0.020668507,0.09889603,0.3125409
54771243883912,-0.2120837,0.02263832,0.3087715
54771251757447,-0.35544962,-0.015300751,0.2933651
54771259661500,-0.39108127,0.01859188,0.2803059
54771267535035,-0.39583713,0.0045843124,0.28868705
54771275439088,-0.37436908,-0.0716877,0.26159465
54771283373658,-0.26458144,-0.13122272,0.25376427
54771291308229,-0.066961884,-0.20759106,0.26321465
54771299181764,-0.6839182,-0.3604107,0.20069298
54771307116334,0.6725781,-0.025185585,0.2513442
54771315020387,0.5378739,0.051519394,0.44514018
54771322924440,0.21673262,0.054056168,0.5398935
54771330797975,-0.07776576,0.00395298,0.48376313
