54164348763230,0.005065441,-0.06807232,-0.0050813556
54164356728318,9.0807676E-4,-0.009594917,-6.8217516E-4
54164364632371,-0.010890722,0.13311672,0.008344173
54164372566941,-0.010446072,0.14199829,0.008471906
54164380470994,-0.0025737882,0.03612423,0.002109766
54164388375046,0.005070865,-0.0650692,-0.0036642551
54164396248581,0.0054058433,-0.064169884,-0.0034552813
54164404183152,2.373457E-4,-0.0027999878,-1.5562773E-4
54164412087205,-0.0014932752,0.016163826,9.5421076E-4
54164420021775,8.599758E-4,-0.009982109,-6.5732E-4
54164427925828,0.0019267797,-0.021826744,-0.0014582872
54164435829880,0.0022603273,-0.024570465,-0.0012846589
54164443733933,0.0022138357,-0.019361496,-7.9488754E-4
54164451637986,0.0053009987,-0.04241562,-0.002224803
54164459542039,0.011809468,-0.094566345,-0.005116105
54164467446091,0.028583765,-0.20645142,-0.014782429
54164475350144,0.040787578,-0.26453876,-0.027141511
54164483254197,0.037678838,-0.2404604,-0.03183222
54164491158249,0.03275335,-0.21566391,-0.038451076
54164499062302,0.022487998,-0.15392494,-0.032681465
54164506966355,0.0263232,-0.18615723,-0.039224386
54164514839890,0.035288095,-0.25523186,-0.057011366
54164522743943,0.035093784,-0.32129765,-0.07690287
54164530647996,0.021030903,-0.3417387,-0.0808897
54164538582566,6.1223283E-4,-0.11241436,-0.029362202
54164546486619,0.010984659,0.16040325,0.04061079
54164554390671,0.02442658,0.23623276,0.056587934
54164562264206,0.0106675625,0.13390446,0.030127287
54164570168259,-1.2409687E-4,-0.0054454803,-0.0011720657
54164578072312,0.0023010075,-0.08277607,-0.016274333
54164586006882,0.0076109767,-0.1028595,-0.016916633
54164593910935,0.0025767088,-0.023694038,-0.0034132004
54164601784470,-0.011913359,0.123140335,0.018825293
54164609688523,-0.012314677,0.16997337,0.025298
54164617623093,-0.006017208,0.11718464,0.018051505
54164625527146,-1.3831258E-4,0.0030755997,5.245209E-4
54164633461716,0.0040434897,-0.079322815,-0.014309406
54164641365769,0.0075326264,-0.1510086,-0.025111914
54164649300339,0.018511057,-0.2906227,-0.04928994
54164657234910,0.024222612,-0.32217407,-0.058307886
54164665138962,0.019426703,-0.2808447,-0.045737624
54164673073533,0.009141475,-0.23410988,-0.036241412
54164681008103,0.0037824214,-0.21875668,-0.03485346
54164688912156,0.0032681972,-0.19321823,-0.03160107
54164696846726,0.0031719506,-0.10772228,-0.019132257
54164704750779,9.468198E-4,-0.021630287,-0.0039099455
54164712685349,0.001019299,-0.012709618,-0.0023175478
54164720558884,-0.005524516,0.053940773,0.010908246
54164728493455,-0.013638496,0.10611534,0.023154736
54164736397507,-0.02275753,0.14931488,0.031176448
54164744301560,-0.04843259,0.2921276,0.056572437
54164752236130,-0.07854855,0.55914116,0.08645654
54164760140183,-0.12769353,0.77967453,0.09142721
54164768044236,-0.2302804,1.0672445,0.11911833
54164775978806,-0.29726052,1.361845,0.08595067
54164783882859,-0.38659716,1.7873087,0.05679196
54164791817429,-0.513783,2.3446045,0.0626781
54164799721482,-0.6847131,2.9667616,0.033461154
54164807656052,-0.91308117,3.690424,0.060877383
54164815621140,-1.2340386,4.3448277,0.13971582
54164823525193,-1.5900815,5.036112,0.25075468
54164831429246,-1.8855581,5.454957,0.42918646
54164839363816,-1.8520391,5.826621,0.28337038
54164847267869,-1.8430266,5.9953594,0.29432258
54164855141404,-1.5485888,4.998125,0.03830836
54164863045456,-0.9738014,3.5894794,-0.17459038
54164870949509,-0.5133151,2.7567549,-0.2601338
54164878914597,-0.2148065,2.243969,-0.28235245
54164886818650,-0.08573598,1.4836359,-0.34488344
54164894692185,0.020940721,0.76189995,-0.24246836
54164902626755,0.041971922,0.26139355,-0.112746
54164910500290,-7.5984E-4,-0.0029001236,0.0015859604
54164918404343,-0.21472383,-0.611413,0.20208478
54164926308396,-0.6162485,-2.218337,0.9760072
54164934212449,-0.7151351,-3.1639438,1.3500602
54164942116501,-0.3090737,-2.3218832,0.39093184
54164950020554,0.012424197,-2.3989801,0.11804956
54164957894089,0.24754429,-2.3989196,-0.033577718
54164965798142,0.06479642,-2.5180054,-0.19273567
54164973732712,-0.36035705,-2.8737645,-0.32189238
54164981667283,-0.7656343,-3.2772517,-0.56879306
54164989571335,-1.0008115,-3.3018842,-0.60953605
54164997505906,-1.057888,-2.9333901,-0.51698685
54165005409958,-0.9597621,-2.4328108,-0.30762112
54165013283494,-0.6732478,-1.531096,-0.10957748
54165021187546,-0.31387067,-0.70168114,-0.016910657
54165029122117,-0.033913374,-0.08089352,0.0017414391
54165037026169,0.17762375,0.4016571,-0.019941777
54165044960740,0.34897375,0.695302,-0.068697214
54165052864792,0.4213519,0.7119856,-0.08932626
54165060768845,0.48280954,0.7403412,-0.0961231
54165068703415,0.34969044,0.5439129,-0.048258126
54165076637986,0.15607119,0.26016903,-0.010565072
54165084572556,-0.07991123,-0.15595722,-0.004361987
54165092507126,-0.12488794,-0.33327198,0.0047789067
54165100380662,-0.016780138,-0.06694889,0.0053985715
54165108315232,0.071741104,0.28057384,-0.019137204
54165116188767,0.17717242,0.6492777,-0.060186744
54165124092820,0.2395227,1.0038538,-0.10234928
54165131996872,0.19348729,1.1255989,-0.10175753
54165139900925,0.13947332,1.2172365,-0.10108322
54165147804978,0.13371503,1.1146917,-0.118394375
54165155678513,0.16044497,1.0794506,-0.112500906
54165163613083,0.17234814,0.8343277,-0.116185784
54165171517136,0.060850143,0.20621204,-0.04222119
54165179421189,-0.08619857,-0.31041622,0.06672108
54165187355759,-0.11232662,-0.49167728,0.08036494
54165195320847,-0.07308328,-0.3465624,0.05710244
54165203224900,-0.002375126,-0.014702797,0.01150465
54165211159470,-0.261307,1.6041813,-0.9609623
54165219033005,-2.9289603,3.106698,-1.0286543
54165226937058,-1.5156322,1.4452024,-0.80506396
54165234871628,-0.22285533,1.0117369,-0.40016246
54165242806199,0.027926683,0.20640945,-0.030645609
54165250710251,-0.10239524,-1.1011419,0.15097988
54165258644822,-0.108870864,-0.5530243,0.07365775
54165266548874,0.18933368,0.5362282,-0.019563228
54165274422410,0.30016327,0.8039799,0.005579993
54165282356980,0.21742702,0.6891575,-0.04345566
54165290261033,0.07219195,0.68701935,-0.08504367
54165298165085,-0.07906997,0.73111916,-0.092188716
54165306069138,-0.13676953,0.7753191,-0.11663878
54165313973191,-0.12750816,0.7479887,-0.16953754
54165321907761,-0.20322287,0.9455166,-0.24589491
54165329811814,-0.7079239,1.5904102,-0.47753167
54165337685349,-0.9816952,1.270822,-0.48280764
54165345589402,0.23178625,-0.32333183,0.11357212
54165353493455,2.951088,-0.39581347,0.14643073
54165361397507,4.1842575,-0.14526606,0.7041271
54165369332078,3.9981728,-0.031440735,1.0124834
54165377236130,4.752326,0.09387636,1.4482969
54165385170701,5.7417555,0.3441453,1.6852739
54165393105271,5.5509524,0.3950982,1.7100503
54165401039841,4.598387,0.8814244,1.9354452
54165408974412,3.9811175,2.6785536,1.8585371
54165416878464,3.927857,1.9550409,1.496519
54165424813035,2.10231,3.446682,3.8078575
54165432686570,-4.8525367,3.5264883,2.4158242
54165440621140,-11.762707,2.7342901,1.0444267
54165448525193,-12.128044,2.0234966,-4.242288
54165456429246,-11.087619,4.732561,-9.776691
54165464333298,-16.568224,7.6144066,-3.5029516
54165472237351,-13.626215,5.725404,0.22583342
54165480141404,6.007554,5.1615453,5.2169046
54165488045456,20.353756,3.2915812,3.4275103
54165495949509,16.925797,-0.5916004,1.0346527
54165503853562,13.518734,-1.5648127,1.3004196
54165511757615,9.256529,-0.40567064,1.3987663
54165519692185,6.9218483,1.5726786,0.8082614
54165527626755,4.541419,3.0551634,0.53379154
54165535530808,3.062942,4.3438845,1.0739334
54165543465378,1.4825546,4.7664404,0.88765526
54165551369431,1.7554749,4.2286806,1.003331
54165559304001,2.9767225,3.3077602,1.425921
54165567208054,3.6483827,2.1336784,1.9242721
54165575112107,3.86063,1.6282616,2.3543105
54165583016160,3.7366529,1.6678181,2.7157297
54165590920212,3.217781,1.7302284,3.0386498
54165598824265,2.7400136,1.7609348,3.4805305
54165606697800,2.1456723,1.7454824,4.0254555
54165614601853,1.7242641,1.5368929,4.6732173
54165622505906,1.3818367,1.210454,5.057281
54165630440476,0.8985932,0.9460373,5.632873
54165638375046,0.6853231,0.7264223,6.2703733
54165646309617,0.8021207,0.6957207,6.7011623
54165654213669,0.9447185,0.7758188,6.8288097
54165662117722,1.0173321,0.6872339,6.563556
54165670021775,1.2985137,0.58126926,5.861618
54165677956345,1.2250676,0.37511635,4.959809
54165685890915,1.0106033,0.54500103,4.071841
54165693825486,0.79134905,0.6718664,3.0314393
54165701760056,0.61590004,0.84185886,2.6810386
54165709664109,0.6606699,1.1798592,2.6232915
54165717568162,0.98319054,1.7300854,2.7108567
54165725441697,1.6490319,2.0121078,2.913755
54165733345749,2.5118623,2.0994425,3.1551464
54165741280320,2.863188,1.938529,3.4521518
54165749214890,3.0504787,1.6704397,3.770687
54165757088425,2.9331717,1.5485325,3.7192647
54165765022996,3.042526,1.4965839,3.607519
54165772927048,2.933315,1.5106459,3.2516453
54165780831101,2.5864973,1.6842375,2.9932923
54165788765671,2.5611856,1.9643698,3.021461
54165796669724,2.6342225,2.0635395,2.93853
54165804604294,2.7726889,2.1394053,2.7148502
54165812538865,2.4634895,2.1686258,2.7029672
54165820442917,2.0013976,2.2685413,2.6802268
54165828316453,1.5871627,2.3935595,2.4478893
54165836220505,1.0160623,2.4716024,2.4336889
54165844124558,0.37918854,2.3116312,2.1262422
54165852028611,0.10453904,2.5301352,2.533842
54165859932664,-0.083633065,2.3432503,2.4981587
54165867836716,-0.073819876,1.9880991,2.555265
54165875740769,0.3135097,1.7400551,2.7897348
54165883614304,0.5010946,1.5154476,3.1563706
54165891518357,0.84112716,1.488059,3.249282
54165899422410,1.1946559,1.2793236,3.377462
54165907326462,1.3181263,1.5254278,3.4556785
54165915230515,1.1086558,1.517232,3.4435534
54165923165085,1.3600211,1.5339775,3.2487893
54165931069138,1.4854654,1.5330076,2.8409781
54165939003708,1.2515229,1.4646015,2.692384
54165946907761,0.89588225,1.3501568,2.6564305
54165954842331,0.61310285,1.2571545,2.6929305
54165962776902,0.19199914,1.0655031,2.9994469
54165970680955,-0.0718354,0.7320099,3.422303
54165978615525,0.15991086,0.68076515,3.868954
54165986519578,0.1587804,0.8136034,4.5477333
54165994423630,-0.009427905,0.9334707,5.426534
54166002388718,-0.2768364,1.2465057,6.249791
54166010292771,-0.81820786,1.7537899,7.2417026
54166018196824,-1.4433872,2.014823,7.6836786
54166026100876,-2.309184,2.8634644,8.160955
54166034004929,-2.4788113,4.2213554,8.538508
54166041878464,-2.3488684,6.2857904,8.9335165
54166049782517,-2.4524047,9.146427,7.966009
54166057686570,-1.5646183,12.835745,6.7600307
54166065651658,-0.8805783,16.269594,5.3423285
54166073555710,-0.10095018,16.614225,3.8999565
54166081459763,0.102496564,14.466587,3.3707108
54166089363816,1.3887329,10.993391,2.6916368
54166097237351,2.3846564,8.598303,2.2029696
54166105141404,2.8145587,6.7769794,1.5829949
54166113045456,2.3246262,5.3085313,-0.106574535
54166120949509,0.4520489,3.8972068,-2.765977
54166128853562,0.72169816,2.1041093,-6.0747046
54166136757615,1.1442295,-3.1677387,-1.6422191
54166144661667,-4.2155876,-5.3991427,4.630878
54166152565720,-3.183977,-1.6908836,5.7349644
54166160469773,-0.2422944,0.2497921,6.3047924
54166168373826,1.1384773,0.38457394,5.488455
54166176277878,1.285298,0.006606579,5.042079
54166184181931,0.79865855,-0.31625175,4.588392
54166192116501,0.2944051,-1.3547354,3.893461
54166200051072,0.044601098,-2.6863399,3.145634
54166207955124,0.05184099,-3.6769977,2.3045979
54166215859177,-0.70030063,-4.456775,1.3033628
54166223732712,-1.611489,-5.4077873,0.43063784
54166231667283,-2.5624475,-5.721112,0.06150627
54166239571335,-2.8637087,-5.32203,-0.42184973
54166247505906,-2.3970835,-4.843389,-0.60117054
54166255409958,-1.3478034,-3.9440832,-0.52663565
54166263283494,-0.20499194,-3.609178,-0.41599798
54166271187546,0.92363286,-3.4755683,-0.33567905
54166279122117,1.9455336,-3.334917,-0.76558495
54166287026169,2.3589182,-2.8881507,-1.3780196
54166294960740,2.3819308,-2.3491116,-1.3286638
54166302834275,3.0307374,-1.8573322,-2.0270398
54166310768845,3.8124156,-1.0586514,-2.2885315
54166318672898,4.342025,-0.44066238,-2.2547517
54166326576951,4.6278462,0.05308342,-2.2248979
54166334511521,4.77114,0.19439125,-2.1291392
54166342415574,4.832651,0.064992905,-2.1500154
54166350319626,5.0580096,-0.071715355,-1.9954104
54166358223679,5.5724573,-0.21254635,-1.7485964
54166366127732,5.758726,-0.31884956,-1.6238179
54166374031785,5.750354,-0.2187376,-1.4846711
54166381935837,5.581854,-0.034132957,-1.375638
54166389839890,5.08676,0.2568283,-1.4962368
54166397743943,4.3497877,0.582407,-1.7289909
54166405617478,3.978002,0.8633108,-2.2452464
54166413521531,3.8433642,1.194479,-2.1604757
54166421425583,3.724638,1.1253786,-2.5134516
54166429360154,3.2329998,0.7374897,-2.581159
54166437264206,2.5005798,0.21988392,-2.5807536
54166445168259,1.9376734,-0.42269516,-2.5520053
54166453072312,1.8592428,-0.87212276,-2.742341
54166460945847,1.8065026,-1.0564108,-2.9920976
54166468849900,1.9794264,-1.026165,-2.7285337
54166476723435,2.7539248,-1.7586145,-3.773815
54166484658005,2.24365,-1.821104,-9.201124
54166492562058,-1.7865351,3.0764446,-0.5457561
54166500496628,-9.036995,-0.28200436,-3.5947225
54166508400681,-3.3748345,-0.6318989,-3.9197252
54166516304734,2.439668,-0.16294575,-2.234717
54166524208787,3.9745731,-0.9254904,-1.577881
54166532082322,3.1501813,-0.88661194,-1.6509377
54166540047410,1.636617,-0.42787743,-1.6436762
54166547951462,1.1349659,-0.46234226,-1.2999934
54166555855515,2.4442205,-0.6246195,-1.0803006
54166563759568,2.8313413,-0.72076607,-1.0375143
54166571633103,2.0056744,-1.1219683,-1.0601935
54166579537156,-0.035082817,2.9334078,0.027086735
54166587471726,0.1834395,1.4307604,-1.4866401
54166595375779,0.45119494,0.3030386,-2.7800663
54166603279831,0.8133925,-0.136652,-2.571252
54166611153367,1.0533302,1.7088947,0.9984313
54166619087937,-3.7123418,5.4354277,-1.038944
54166626991990,-16.223137,2.6877737,-0.43881416
54166634865525,-21.997076,0.08577919,-1.441855
54166642769578,-11.163669,-0.45716953,-5.230552
54166650673630,-8.757759,-1.5990486,-10.511554
54166658608201,-11.400922,-0.13575172,-10.992088
54166666542771,-13.030086,3.303712,-6.6991143
54166674446824,-10.634285,4.5152435,-2.1798744
54166682350876,-3.0757406,2.489541,0.4860828
54166690285447,4.79126,1.2139702,-0.04422027
54166698158982,11.061873,-0.17939854,-1.1301577
54166706063035,13.854739,-1.3492146,-1.0027351
54166713936570,11.987942,-1.0544262,-1.0453296
54166721871140,9.860959,0.010058403,-0.8573507
54166729744675,7.0564346,1.4024696,-1.1440923
54166737648728,3.5208857,2.0574293,-1.4164238
54166745552781,-0.8977574,2.0061178,-0.94574296
54166753456833,-4.104774,2.0069542,-0.23461914
54166761391404,-5.202254,1.748599,-0.50520253
54166769295456,-3.7763674,1.2604046,-0.42776966
54166777199509,-1.3430101,0.93006516,-0.3383392
54166785134080,0.9673475,0.69258595,0.07944882
54166793007615,2.1133149,0.6293926,0.77076447
54166800911667,2.2422411,0.63970566,1.0332143
54166808815720,2.2584867,0.67077637,1.1470041
54166816750290,1.6137981,0.7106924,1.5770983
54166824684861,0.44178486,0.33333874,1.1580238
54166832619431,-0.64083904,0.12348652,1.3174864
54166840554001,-1.7760729,-0.17252922,1.3428106
54166848488572,-1.8202271,-0.23598194,1.8699867
54166856392624,-1.1397289,-0.06943703,2.519843
54166864327195,-0.22514549,-0.082912445,3.301425
54166872231247,-0.056887865,-0.54248714,3.3465166
54166880104783,0.33092758,-0.50660324,3.4626489
54166888039353,0.46451423,-0.52581024,3.4299946
54166895943406,0.21987441,-0.5522175,3.1887307
54166903816941,-0.2434082,-0.6240692,3.0647829
54166911751511,-0.42446476,-0.7315283,3.1000743
54166919655564,-0.30760252,-0.84836483,3.4065423
54166927559617,0.19547005,-0.70423126,3.43254
54166935524705,1.2301402,-0.5647383,3.1640756
54166943398240,1.904079,-0.20457172,3.0161676
54166951302292,1.8183217,0.02424717,2.7707024
54166959236863,1.5475249,0.1360836,2.384769
54166967140915,1.3095312,0.14797115,2.2617652
54166975075486,1.1785631,0.15784073,2.283235
54166982979539,1.5573912,0.069963455,2.0300255
54166990853074,1.8107617,-0.019654274,1.838025
54166998787644,1.2697365,-0.16126633,1.3631504
54167006691697,0.41830415,-0.09360218,0.80600333
54167014626267,-0.6493762,0.08987236,0.41356266
54167022530320,-1.5368056,0.4822111,-0.01614499
54167030403855,-2.2416306,0.94497395,-0.13897085
54167038338425,-2.5831518,1.193388,-0.3923607
54167046211960,-2.3488076,1.3567228,-0.3439808
54167054146531,-1.7296658,1.4276028,-0.2514615
54167062081101,-1.2459991,1.1303005,0.17063355
54167070015671,-0.5369772,0.7711725,0.5739827
54167077889206,0.13812596,0.5107107,0.9969909
54167085854294,0.38220352,0.32437038,1.4256474
54167093727830,0.48706043,0.21687984,1.7185353
54167101662400,0.09503901,0.22642231,1.9665877
54167109596970,-0.41806388,0.32940006,2.209315
54167117501023,-0.80397785,0.3703184,2.1237843
54167125435593,-1.2672913,0.258749,2.0734694
54167133339646,-1.4970621,0.2969494,1.6937174
54167141243699,-1.4632062,0.54461765,1.5056101
54167149117234,-1.2777706,0.7123451,1.3446978
54167157021287,-1.0191917,1.0296507,1.3416237
54167164955857,-0.25291187,1.3914642,1.2977786
54167172890427,0.4286567,1.6015024,1.459587
54167180794480,0.3965876,1.5638466,1.6641417
54167188698533,0.24828097,1.6166325,1.7357016
54167196602585,0.34864154,1.6255264,1.9078273
54167204506638,0.18801993,1.5380964,2.248001
54167212410691,-0.03469047,1.5482359,2.2699285
54167220314744,-0.058804333,1.8329849,2.382449
54167228218796,-0.116900235,2.0639544,2.2133856
54167236122849,-0.39766973,2.336526,2.286134
54167243996384,-1.0916749,2.433425,2.3961854
54167251930955,-1.4187713,2.627367,2.655418
54167259835007,-1.6651278,2.8847485,3.015587
54167267708542,-2.0792668,3.3138437,3.6932468
54167275643113,-2.5714636,3.609991,4.636883
54167283547165,-2.6344798,3.568572,5.3054338
54167291481736,-2.861434,3.955886,5.4857697
54167299385789,-3.0217168,3.8749285,5.997893
54167307259324,-3.0842924,3.9819565,6.497018
54167315193894,-3.2313402,4.7077303,6.8244166
54167323067429,-3.393195,5.839781,7.1340694
54167331032517,-3.508343,7.219371,7.2926426
54167338906052,-4.1282525,8.881983,6.980644
54167346810105,-4.602995,10.060531,8.893613
54167354744675,-5.3128233,11.087396,8.957718
54167362648728,-5.085555,11.680552,7.9831448
54167370583298,-3.1022828,11.738012,6.6888123
54167378487351,-0.3940865,12.126375,5.9429245
54167386360886,1.4952987,13.500366,5.1227665
54167394295456,2.152534,12.524046,4.0812297
54167402199509,4.2290215,11.654827,3.904815
54167410134080,5.3118687,10.625486,3.494397
54167418038132,3.9981618,9.352827,3.1319964
54167425911667,2.2426295,7.3535533,-0.7434387
54167433815720,2.2032936,3.7097282,-4.9602013
54167441719773,4.122102,-3.227309,-7.248965
54167449654343,-1.6451521,-7.239887,0.66796494
54167457588914,-4.368075,-4.4415793,2.7558846
54167465492966,-1.9151148,-1.5433946,4.67029
54167473397019,-0.36800158,-0.26876593,5.981286
54167481331589,0.30527973,0.11979389,5.2787275
54167489205124,0.5091802,-0.6471801,4.854987
54167497109177,0.013731241,-2.1621294,4.498023
54167505013230,-0.47530538,-3.4709187,3.6702764
54167512917283,-0.96057934,-4.78085,2.366477
54167520790818,-1.2681249,-5.726847,1.7584658
54167528694871,-1.8723104,-5.9672785,1.2337313
54167536629441,-3.4947877,-5.8538017,0.5309119
54167544564011,-5.349922,-5.9899387,0.39367056
54167552468064,-6.290184,-6.190789,0.27465582
54167560372117,-6.7021976,-6.2289696,-0.1725235
54167568276169,-6.4757547,-6.082137,-1.0078945
54167576180222,-6.0065675,-5.7592735,-1.4678259
54167584114792,-5.1594105,-5.5640116,-1.3670774
54167592049363,-4.5107603,-5.208475,-2.119276
54167599983933,-2.9269354,-4.4466295,-2.1949458
54167607887986,-0.2952963,-3.7721653,-1.8989263
54167615761521,0.74521506,-3.4713244,-1.4478526
54167623665574,1.4030242,-2.98064,-3.0369213
54167631569626,2.2932482,-2.5689583,-3.275508
54167639504197,2.7741551,-2.1498833,-3.580108
54167647469285,2.2915604,-1.8349519,-3.787771
54167655373337,1.6216714,-1.8157115,-4.431236
54167663277390,2.0390987,-1.3495407,-5.1051564
54167671181443,3.2663145,-0.96981144,-4.324693
54167679116013,3.9106765,-0.7876911,-3.920482
54167687020066,3.1639585,-0.61482143,-4.5036497
54167694893601,2.8500633,-0.3825388,-4.844382
54167702828171,2.9053674,-0.28804016,-5.447042
54167710732224,2.9477391,-0.2119894,-5.870671
54167718636277,2.4401937,-0.2336483,-5.98125
54167726601365,1.2900696,0.11589718,-5.280328
54167734474900,0.5658214,1.1109524,-4.4541683
54167742378953,0.27650487,1.9468231,-4.108315
54167750313523,0.25250638,2.5249386,-4.034446
54167758217576,0.4351325,2.8802223,-3.5951197
54167766152146,1.2505372,2.8080187,-3.1817212
54167774056199,1.974857,2.5307598,-2.8645658
54167781929734,2.84775,2.002204,-2.429867
54167789833787,3.4458528,1.4781551,-1.8690865
54167797768357,3.7842839,0.5153837,-1.9120429
54167805702927,3.9309797,-0.082466125,-1.9914696
54167813606980,3.8467984,-0.44053173,-1.3256611
54167821511033,3.7819426,-1.1556177,-2.6212358
54167829415085,3.3996496,-1.5117083,-5.4683523
54167837319138,-0.5639279,2.0750608,-0.6846514
54167845253708,-6.9742956,-1.4086971,-2.6889834
54167853188279,-3.2661626,-2.9989023,-3.0284343
54167861092331,3.254395,-1.2446823,-1.983321
54167868996384,5.101328,-1.4480362,-1.5236325
54167876900437,3.7293122,-2.0979152,-1.7702341
54167884835007,2.7913198,-1.6356506,-1.8639312
54167892739060,4.012203,-2.0460563,-2.0122437
54167900612595,5.0656786,-1.0987635,-1.2911699
54167908547165,5.0612025,2.6000814,-1.6472443
54167916451218,4.7527485,2.3123865,-0.79472095
54167924355271,4.3524704,2.6439342,0.9397111
54167932289841,0.6934401,4.413352,1.2201198
54167940224412,-7.7280903,4.4186316,-3.621918
54167948128464,-19.784393,-2.3767166,-6.011982
54167956063035,-24.294762,-4.4670663,-5.125908
54167963967087,-19.30072,-3.544613,-3.0882246
54167971871140,-11.44113,-0.8307905,-4.206733
54167979805710,-9.258359,1.5768375,-6.5954785
54167987740281,-8.323801,4.220417,-10.616549
54167995644333,-4.827773,6.40477,-0.6724803
54168003517869,0.16883785,5.8769884,2.0524535
54168011421921,6.81558,5.1300945,3.1924129
54168019325974,14.019854,1.6740837,-0.3067553
54168027260544,13.278223,-1.2101784,-1.0397319
54168035164597,11.864372,-2.312614,-0.35983372
54168043129685,8.186226,-1.5120535,0.15070415
54168051003220,3.3345213,-0.21404552,-0.34434927
54168058907273,3.4444735,1.7558241,-1.524366
54168066811326,2.1140964,2.8128138,-2.4611905
54168074745896,-2.172224,2.6051464,-2.6975636
54168082649949,-5.8032517,1.8150511,-2.5065432
54168090554001,-4.500731,1.4461479,-2.675191
54168098458054,-1.8176478,1.1385345,-2.3115003
54168106392624,-0.049453616,0.49415302,-1.1301882
54168114296677,0.35141677,0.2576828,0.032181263
54168122170212,0.3788669,0.53095627,0.99680173
54168130074265,0.38101476,0.576581,1.8572724
54168137978318,0.31261748,0.29564285,2.3045707
54168145882371,-0.13713336,0.091145515,2.583846
54168153786423,-0.7311444,-0.3943119,2.9914653
54168161659958,-1.0946336,-0.6697378,3.6669421
54168169594529,-1.7880219,-0.6441202,4.136634
54168177559617,-2.0424297,-0.63797,4.791854
54168185463669,-1.8701577,-0.5719156,5.1165476
54168193367722,-1.8115485,-0.5220995,4.9619064
54168201271775,-1.6895715,-0.42123222,4.2978296
54168209175828,-1.4042096,-0.42018127,3.629229
54168217079880,-1.1785681,-0.11833286,2.928092
54168224983933,-1.4526242,0.21854115,1.9936172
54168232887986,-1.711266,0.75533867,1.3752303
54168240792039,-1.6828182,0.4947796,1.0200051
54168248696091,-0.8340711,0.17770576,0.8548597
54168256630662,0.060206503,0.14942646,0.8097273
54168264565232,0.6880545,0.15094566,0.8155469
54168272530320,1.04514,0.06173706,0.97926307
54168280403855,0.93210334,0.09498787,0.97831845
54168288307908,0.8222785,0.2744112,0.8792281
54168296242478,0.710818,0.52853966,0.7695154
54168304146531,0.4795754,0.67751503,0.77055705
54168312081101,0.24899274,0.7668276,0.8610234
54168319985154,0.045736074,0.7845793,1.0220815
54168327889206,-0.027348757,0.7784414,1.0949935
54168335762742,-0.078201175,0.68153095,1.2430515
54168343666794,-0.19747356,0.50568295,1.571213
54168351570847,-0.35741132,0.39490414,1.7212907
54168359535935,-0.6852746,0.32743263,1.9414275
54168367439988,-0.8777988,0.3420267,2.0652978
54168375344040,-0.98921764,0.436491,1.9427791
54168383248093,-1.1822236,0.5961809,1.9080824
54168391152146,-0.9210026,0.6896372,1.7145866
54168399056199,-0.7846341,0.6355963,1.5015703
54168406990769,-0.9124596,0.5753212,1.640414
54168414925339,-0.6433254,0.6189394,1.7115812
54168422829392,-0.27559915,0.6675482,1.6335846
54168430763962,-0.18359149,0.7641525,1.7536373
54168438637497,-0.33693305,0.89481354,1.5872324
54168446572068,-0.8181546,0.72145844,1.6499395
54168454506638,-0.7462265,0.6473627,1.6161572
54168462410691,-0.7318625,0.73659706,1.8078961
54168470284226,-0.77512676,0.93649006,1.9904705
54168478218796,-0.4419707,1.120184,2.0272045
54168486122849,-0.257089,1.3839083,2.043655
54168494057419,-0.3701685,1.4737549,2.0324566
54168501930955,-0.44279242,1.4613628,1.9621078
54168509835007,-0.41875923,1.4547472,1.7519994
54168517739060,-0.49218702,1.552784,1.4707026
54168525673630,-0.686408,1.5755901,1.4502089
54168533577683,-1.0054575,1.5039644,1.5658884
54168541481736,-1.149333,1.5651464,1.8217094
54168549416306,-1.0282115,1.7835913,2.110756
54168557320359,-1.1843281,1.723422,2.267599
54168565224412,-1.5703042,1.6238546,2.466401
54168573097947,-1.5793778,1.9689722,3.0309958
54168581001999,-2.207781,2.2321167,3.3703194
54168588936570,-2.8925796,2.6077623,4.0599146
54168596901658,-3.427986,2.8591375,4.8653607
54168604805710,-3.573669,3.2547302,5.126065
54168612709763,-3.5637994,3.7229776,5.4117846
54168620613816,-3.7632904,4.417062,5.6933036
54168628517869,-4.1544175,5.270111,5.716673
54168636452439,-4.5035696,6.2455025,6.6319017
54168644387009,-5.184574,7.5624666,6.442066
54168652291062,-5.823396,8.574427,5.9247646
54168660195115,-5.94445,9.873199,5.758621
54168668099167,-6.3983784,11.123419,6.656864
54168676003220,-6.883865,11.6045065,5.3126745
54168683937790,-5.865744,12.149588,5.28455
54168691872361,-3.1172912,12.212837,4.486096
54168699776414,-0.17209464,12.334529,3.8813114
54168707710984,0.4611199,11.849196,3.6000736
54168715645554,2.0061984,10.934263,3.2512367
54168723549607,4.1193714,9.59787,2.4777694
54168731423142,3.628049,8.434392,1.6623878
54168739327195,2.9544559,4.8586116,-0.83240175
54168747261765,2.2326145,1.6145248,-7.039344
54168755226853,5.9682345,-5.1822047,-12.212248
54168763100388,-2.5839198,-9.900176,4.63677
54168771034958,-5.681522,-4.399437,2.8619437
54168778969529,-2.9160166,-0.9116764,5.809662
54168786873581,-1.4503634,0.49919653,4.8987617
54168794777634,-0.98101246,0.77898026,4.449695
54168802651169,-0.6441744,-0.2169199,3.9075913
54168810555222,-1.1346684,-1.6872277,3.4803107
54168818489792,-2.1401439,-3.3024645,2.7033005
54168826424363,-2.4978971,-4.632393,2.0362954
54168834389451,-2.6724603,-5.440788,1.5162907
54168842324021,-2.9966207,-5.707303,1.0728846
54168850197556,-3.7635508,-5.493969,0.91609335
54168858101609,-4.251101,-5.2232304,1.0122814
54168866036179,-4.3701673,-4.9882655,1.0122447
54168873970749,-3.9790478,-4.5156794,0.7403264
54168881874802,-3.0104892,-4.0961447,0.66282797
54168889778855,-2.4670734,-4.037734,0.3512063
54168897682908,-2.0763996,-4.311891,0.1238842
54168905556443,-2.0708935,-4.34147,-0.66182375
54168913521531,-1.5705572,-4.1076784,-0.6025667
54168921425583,-0.6732513,-3.7228508,-0.7641492
54168929329636,0.27959847,-3.2483535,-0.8572588
54168937233689,0.9501392,-2.5207615,-1.1473856
54168945107224,1.3577805,-2.0461931,-1.7289758
54168953011277,1.9457324,-1.6894007,-2.48258
54168960945847,2.2354076,-1.3710866,-2.6857536
54168968880417,1.979264,-1.665607,-2.8388093
54168976784470,1.5173049,-1.9643226,-2.4180055
54168984719040,1.1274087,-1.6051159,-2.3811288
54168992623093,1.2863107,-1.0227222,-2.5855942
54169000557664,1.8860385,-0.50371456,-2.882018
54169008492234,2.3910203,0.2534275,-3.0267262
54169016396287,3.0277896,1.0943317,-3.4402578
54169024300339,2.9174922,2.2177887,-3.046692
54169032204392,2.7278576,2.9529123,-2.408466
54169040108445,3.027781,3.2441692,-2.648328
54169048012497,3.571572,3.3950386,-2.260154
54169055916550,4.0799212,2.680047,-3.0865393
54169063820603,3.9895296,1.6041784,-3.7827652
54169071724656,3.6865273,0.8260555,-3.9826329
54169079628708,3.180486,0.070905685,-3.5243163
54169087563279,2.3633137,-0.31022644,-3.3475084
54169095467331,1.7852237,-0.40135193,-3.1231205
54169103401902,1.6592,-0.50708675,-2.9651947
54169111305955,1.31061,-0.5440302,-2.9066198
54169119210007,0.4911008,-0.500268,-3.063152
54169127114060,-0.20617461,-0.6266222,-2.7213979
54169135048630,-0.6691165,-0.7303543,-2.4266093
54169142952683,-1.3214316,-0.7080593,-3.6392744
54169150856736,-2.7545767,-1.8645873,-5.669437
54169158760789,-1.7789514,-1.3180361,-4.144717
54169166664841,-2.6415458,-1.9943323,-4.595283
54169174568894,-3.763058,-2.3986645,-4.0012245
54169182472947,-1.0981884,-1.4114776,-2.094501
54169190407517,3.1470978,-1.0944691,-1.7464375
54169198342087,6.128834,-1.4301558,-2.0642476
54169206276658,6.9689155,-1.4573145,-2.2008295
54169214180710,6.7724476,-1.1803856,-1.9087155
54169222115281,6.032862,0.054994583,-1.4492134
54169230019333,3.4872677,0.4270134,-2.5241268
54169237953904,1.4604433,-2.1049213,-3.9625978
54169245857956,0.9190376,-1.4013081,-3.0914278
54169253762009,0.27694142,3.4675598,-1.9277537
54169261696580,0.9506558,2.797906,-2.4781818
54169269570115,-0.09664881,3.570239,1.9283144
54169277474167,-3.284206,4.3299017,2.078073
54169285408738,-12.028665,3.902586,2.90836
54169293312790,-15.846755,3.8874092,3.3221524
54169301247361,-14.096446,1.5616589,0.9124092
54169309212449,-7.00669,-0.5120802,-1.8570361
54169317085984,-5.7653804,-2.0615463,-7.237698
54169324990037,-8.076653,0.1445694,-8.935379
54169332894089,-9.663736,3.0196552,-6.433749
54169340828660,-8.039816,3.7307692,-4.8741956
54169348732712,-4.5530596,2.527071,1.16302
54169356636765,-0.051649213,1.570611,-1.6489335
54169364571335,5.241962,-1.0550604,-3.1433644
54169372475388,8.235192,-2.1901932,-2.5926409
54169380409958,10.652791,-1.7009077,-1.7917235
54169388314011,12.493601,0.22041988,-0.7900858
54169396248581,12.821006,2.3894176,-0.56458473
54169404183152,7.3188567,1.9870176,-0.08291459
54169412087205,4.5020328,1.7136364,-1.0163589
54169419991257,0.32616585,1.0588675,-1.5828738
54169427895310,-4.2107205,0.5306988,-1.8776202
54169435799363,-4.5937843,0.4739189,-1.4315095
54169443672898,-3.033137,0.87661076,-1.6642354
54169451607468,-1.9930425,1.2937174,-1.3561971
54169459481003,-0.608283,1.3991766,-1.0041656
54169467446091,0.46902606,1.111105,-0.26947045
54169475350144,0.95981926,0.8964815,0.24047065
54169483223679,0.77194405,0.820117,0.5674012
54169491127732,0.3795001,0.41784573,0.42322707
54169499031785,0.5149369,0.18989468,0.68399024
54169506966355,0.39248982,0.27714252,0.47237015
54169514870408,-0.14750965,0.37976074,0.42376614
54169522804978,-0.22935748,0.58876324,0.5502331
54169530739548,-0.2714987,0.7007513,0.77072597
54169538643601,-0.47721988,0.65108013,0.9464786
54169546547654,-0.6161517,0.49923515,1.0141748
54169554482224,-0.73566437,0.2477951,1.2043316
54169562386277,-0.8467063,-0.047520638,1.320248
54169570290330,-0.93448246,-0.11869526,1.4429305
54169578224900,-1.0362551,-0.07831955,1.6297462
54169586128953,-1.1664379,0.052453995,1.6808567
54169594063523,-1.1013441,0.13948631,2.057971
54169601967576,-1.2470441,0.21618843,2.3729506
54169609871628,-1.4165647,0.39503956,2.5394123
54169617745164,-1.279829,0.40134048,2.9374142
54169625679734,-1.3525101,0.25476837,3.331826
54169633553269,-1.0544554,0.22606945,3.5460074
54169641457322,-0.5071651,0.24102783,3.7880867
54169649361374,-0.5255861,0.2854166,3.809743
54169657326462,-0.6648495,0.36426067,3.5088198
54169665230515,-0.86078244,0.40081215,3.2703102
54169673104050,-1.2712907,0.36659336,2.8368118
54169681008103,-1.5530744,0.42939854,2.4150429
54169688912156,-1.3557556,0.5435524,2.0999355
54169696846726,-1.4396442,0.64953613,1.9094988
54169704750779,-1.2004861,0.6489105,1.6988975
54169712685349,-0.7640859,0.59187317,1.5227373
54169720589402,-0.5819021,0.59324074,1.5267344
54169728493455,-0.47651568,0.5810995,1.533382
54169736397507,-0.26783624,0.43809605,1.3914683
54169744332078,0.23691621,0.30773354,1.3421029
54169752205613,0.14096856,0.15172577,1.431175
54169760140183,-0.2938076,0.140131,1.479373
54169768044236,-0.18842384,0.1623869,1.3892714
54169775978806,-0.40126538,0.25477028,1.4948957
54169783852341,-0.726709,0.4461422,1.4520751
54169791786912,-0.78920686,0.6884136,1.2648357
54169799690964,-0.9510291,0.9099922,1.259323
54169807595017,-1.0569626,0.9115639,1.3211569
54169815468552,-0.92803144,0.8278513,1.3754903
54169823372605,-0.99275935,0.7522621,1.4462694
54169831307175,-0.5854773,0.6629524,1.5060278
54169839241746,-0.4834236,0.60329914,1.3807623
54169847145798,-0.37759396,0.6186161,1.1992369
54169855080369,-0.12922156,0.68522453,0.9429281
54169863014939,-0.17050855,0.695364,0.89192224
54169870918992,0.010345608,0.74940014,0.7271249
54169878792527,0.12160218,0.76859665,0.542578
54169886696580,-0.0053491294,0.7430811,0.5913756
54169894600632,0.016982973,0.79277134,0.7158997
54169902535203,0.13994521,0.9054117,0.76926446
54169910439255,0.0770413,0.89870644,0.8536613
54169918373826,0.029174656,0.87586117,0.8978455
54169926277878,-0.017970532,0.8057022,0.90643406
54169934181931,-0.20437106,0.6501274,1.0547719
54169942085984,-0.24812022,0.5120821,1.1823301
54169950020554,-0.11147286,0.41329193,1.1983995
54169957924607,-0.14840356,0.27251148,1.3019896
54169965828660,-0.08890125,0.46248817,1.6733878
54169973763230,-0.21280235,0.21566772,1.9650798
54169981697800,-0.31478974,-0.09412384,2.117716
54169989632371,0.042972296,-0.23697567,2.4423375
54169997536423,0.26833382,-0.07891464,3.1037927
54170005440476,0.13706279,0.48994827,3.840584
54170013375046,0.07612741,1.3814592,4.6198163
54170021248581,-0.24371992,2.5476866,5.378918
54170029183152,-0.8134705,3.7290869,5.5916686
54170037087205,-1.3684851,4.9967194,5.2344403
54170044991257,-1.8770243,6.245599,4.6866245
54170052864792,-2.437554,7.4665833,3.929914
54170060799363,-2.60326,7.632822,3.2481933
54170068703415,-2.2594059,6.9993134,2.4184835
54170076576951,-1.51199,6.16512,1.3673248
54170084511521,-0.19026732,5.3251295,0.16087866
54170092385056,1.5772624,4.479891,-1.2155538
54170100350144,3.0010672,5.0263853,-1.7882075
54170108254197,2.558234,4.780916,-1.0490909
54170116127732,3.2073994,3.3397675,-0.6228819
54170124031785,3.2503464,3.0915027,1.1804962
54170131935837,1.9638803,3.3128357,2.4357316
54170139870408,-0.8754901,2.0216184,4.581297
54170147804978,-3.2220583,-0.012332916,4.8287115
54170155739548,-2.792191,-1.8743539,4.833851
54170163643601,-1.3126342,-2.7851787,4.2630396
54170171578171,-0.05843386,-3.2051964,3.8156934
54170179482224,1.1313766,-2.8120475,3.529128
54170187416794,1.5812562,-2.1432176,2.7947862
54170195351365,1.276978,-1.7830191,1.9238415
54170203255417,0.52760917,-1.3291678,1.1542897
54170211159470,-0.5364115,-1.3076034,0.11426687
54170219063523,-1.3097794,-1.4772878,-0.7293892
54170226967576,-1.6376467,-1.6024714,-1.4955664
54170234871628,-2.1287818,-1.9355183,-2.189503
54170242775681,-2.9236534,-2.3248773,-2.7942538
54170250679734,-4.043496,-2.5385618,-3.3364754
54170258553269,-4.990907,-2.5217805,-4.039401
54170266487839,-5.3876605,-2.3974643,-4.6520452
54170274391892,-5.5054812,-2.2029457,-4.620118
54170282326462,-5.345329,-2.1118703,-4.7176394
54170290230515,-4.356845,-2.3032165,-5.0623245
54170298134568,-3.2598603,-1.9965348,-5.0530105
54170306038621,-2.586112,-1.69314,-5.017135
54170313942673,-2.5933325,-1.4511204,-4.944777
54170321846726,-2.6570916,-1.0978041,-4.8237443
54170329781296,-2.2907732,-0.8257284,-4.9979477
54170337746384,-2.269405,-0.7332115,-5.1426706
54170345619919,-2.4188945,-0.66472054,-5.121907
54170353554490,-2.4349322,-0.27829742,-4.791084
54170361489060,-1.6609179,-0.3334179,-5.7230463
54170369393113,-1.5028808,-0.38749504,-5.7411704
54170377297165,-1.8637456,-0.529685,-4.9875317
54170385201218,-1.8360622,-0.8233404,-4.4887867
54170393074753,-1.4890687,-0.926898,-4.043818
54170401009324,-1.0403364,-0.7377863,-3.9563122
54170408913376,-0.6503931,-0.5987673,-3.8930173
54170416878464,-0.36874056,-0.5608139,-3.6861424
54170424782517,-0.019037604,-0.8973818,-3.666229
54170432686570,0.44960618,-1.3074837,-3.428102
54170440560105,0.6082196,-1.4994278,-2.9973068
54170448494675,0.64157104,-1.6145449,-2.8065643
54170456368210,0.3905635,-1.5759525,-2.6300592
54170464272263,0.68759096,0.018691063,-2.092934
54170472206833,1.3822675,-0.28840828,-2.7064695
54170480110886,0.6414323,-0.93387604,-2.9781437
54170488014939,1.0271394,-0.7810278,-2.0313587
54170495888474,0.71673,0.5085039,1.2881439
54170503823044,-1.1798854,1.5919008,3.8741012
54170511757615,-2.8543222,2.1249895,4.3777685
54170519692185,-2.932962,1.7114611,3.7029696
54170527596238,-3.4131086,0.28507614,1.8095025
54170535530808,-4.1799383,-0.4869051,0.2904225
54170543434861,-4.571998,-0.47890282,-0.3453685
54170551338914,-4.7129536,0.15593338,-0.1552162
54170559242966,-4.541067,1.3709841,0.7532397
54170567177537,-4.3048115,2.190051,1.4063528
54170575051072,-3.7825997,1.8161707,1.3470271
54170582955124,-1.6871631,0.5497179,1.1012479
54170590889695,0.6070193,-0.4578228,1.1925693
54170598824265,2.0166798,-1.0344238,1.35591
54170606728318,2.93356,-0.8164873,1.6068571
54170614601853,3.3060904,-0.17912388,1.6187947
54170622505906,3.0420642,0.45236206,1.5510917
54170630440476,2.2695768,0.5617342,1.4251751
54170638314011,1.2449921,0.29324436,1.1610026
54170646248581,1.0962541,-0.0638113,1.113087
54170654122117,1.4228112,-0.104987144,1.0167036
54170662056687,1.5028358,0.03827858,0.70953697
54170669960740,1.2775474,0.11965656,0.68584037
54170677864792,1.1970096,-0.035643578,0.8569533
54170685738328,1.0725205,-0.0014266968,0.84380174
54170693672898,1.0105937,0.17658043,0.94983065
54170701607468,1.1426537,0.36660862,0.8552069
54170709511521,1.1078892,0.46584702,0.83767724
54170717415574,1.0596442,0.16786957,0.8776186
54170725319626,0.9451441,0.04004097,0.9376289
54170733193162,0.5907775,0.13042927,0.8268628
54170741097214,0.19593382,0.036981583,0.7522764
54170749001267,-0.11033201,-0.20921898,0.7589935
54170756905320,-0.2878909,-0.19175053,0.45075414
54170764839890,-0.34476626,-0.05914879,0.41742897
54170772774460,-0.3884766,-0.022064209,0.5560554
54170780709031,-0.5145098,0.0368042,0.60950077
54170788643601,-0.47297812,-0.0073127747,0.749884
54170796547654,-0.34530723,-0.08254528,0.7487289
54170804482224,-1.8493625,-0.2820177,0.940454
54170812386277,1.0267686,-0.1741972,0.79320145
54170820320847,1.1422341,-0.15456676,0.87636065
54170828255417,0.021587968,-0.10304546,1.1721152
54170836159470,-0.06762886,-0.09709072,1.2955258
54170844063523,0.08188224,-0.22293758,1.4022782
54170851967576,0.25031912,-0.36315823,1.5324618
54170859871628,-1.8219464,-0.53407,0.98603666
54170867775681,0.91266406,-0.07180023,0.8257259
54170875710251,2.6501944,0.16552639,1.0548525
54170883614304,1.5128037,0.40861988,0.9911257
54170891548874,0.56064045,0.23323154,0.9073243
54170899483445,0.37518954,-0.109705925,0.8390807
54170907387497,0.06843901,-0.17037487,0.85388815
54170915322068,0.050317764,-0.098778725,0.8278311
54170923226121,0.33257163,-0.06777191,0.7243699
54170931130173,0.5477525,-0.123007774,0.65980303
54170939003708,0.6479456,-0.058563232,0.65248346
54170946938279,0.6573528,0.089660645,0.57085973
54170954842331,0.58849245,0.08473492,0.58451927
54170962776902,0.37305272,0.027405739,0.6690925
54170970650437,0.07208085,-0.06305218,0.7030321
54170978585007,-0.22044015,-0.1482172,0.72653985
54170986489060,-0.35465014,-0.21860409,0.786644
54170994393113,-0.2411015,-0.2384634,0.84650487
54171002266648,-0.012615681,-0.32050133,0.85826385
54171010170701,0.01012516,-0.26842022,0.8296299
54171018074753,0.03762424,-0.17326069,0.7465772
54171026009324,0.08408487,-0.12125683,0.7648425
54171033913376,0.0946486,-0.15085888,0.58926886
54171041847947,0.03151965,-0.21891594,0.46893132
54171049751999,-0.8629967,-0.2144041,0.75014544
54171057656052,0.39512897,-0.16528511,0.5664506
54171065529587,0.09106767,-0.12812424,0.4612391
54171073464158,0.09797323,-0.016991615,0.3843974
54171081368210,0.13526964,-0.052066803,0.47328722
54171089302781,0.10303342,-0.113716125,0.29855883
54171097237351,0.0016815662,-0.10841656,0.34781194
54171105171921,-0.03955996,-0.086423874,0.3525597
54171113075974,0.0031758547,-0.021538734,0.12719917
54171120980027,0.10303688,-0.011829376,0.19923997
54171128853562,0.16196549,0.0049591064,0.19288671
54171136757615,0.09195113,0.031282425,0.14908302
54171144661667,0.024971485,0.024175644,0.23947239
54171152565720,0.04200244,0.07448959,0.08628917
54171160500290,0.43374062,0.045728683,0.20260942
54171168434861,0.3116039,-0.05713463,0.02940619
54171176369431,0.09420061,-0.09759045,0.25048554
54171184273484,0.17315161,0.015113831,0.275172
54171192177537,0.18991244,0.05600834,0.254269
54171200112107,-0.010167599,-0.06336117,0.22870815
54171207985642,-0.14497733,-0.14664078,0.37482738
54171215920212,-0.13376045,-0.11259937,0.4250908
54171223824265,-0.127375,-0.10009289,0.4536451
54171231728318,-0.1329956,-0.15933704,0.5126258
54171239601853,-0.07205093,-0.20903969,0.5568937
54171247505906,0.14367068,-0.21348763,0.34592056
54171255409958,0.5589729,-0.13694859,0.043153763
54171263314011,-0.060822606,-0.012147903,0.36412585
54171271218064,-0.056259155,-0.016759872,0.39578354
54171279091599,-0.13737357,-0.07166958,0.3301673
